Datetime,Generated power_1355 (kW),Ambient temperature_1356 (degree C),Irradiance_1357 (W/m2),PV module temperature_1358 (C)
2023-02-06 00:00:00,0.0000000000,37.0000000000,0.0000000000,20.0666700000
2023-02-06 00:15:00,0.0000000000,36.0000000000,0.0000000000,19.1000000000
2023-02-06 00:30:00,0.0000000000,37.0000000000,0.0000000000,18.1833300000
2023-02-06 00:45:00,0.0000000000,36.0000000000,0.0000000000,17.6000000000
2023-02-06 01:00:00,0.0000000000,36.0000000000,0.0000000000,16.9833300000
2023-02-06 01:15:00,0.0000000000,36.0000000000,0.0000000000,16.6000000000
2023-02-06 01:30:00,0.0000000000,35.0000000000,0.0000000000,16.6333300000
2023-02-06 01:45:00,0.0000000000,35.0000000000,0.0000000000,16.8000000000
2023-02-06 02:00:00,0.0000000000,35.0000000000,0.0000000000,16.2833300000
2023-02-06 02:15:00,0.0000000000,34.0000000000,0.0000000000,16.0833300000
2023-02-06 02:30:00,0.0000000000,34.0000000000,0.0000000000,15.8500000000
2023-02-06 02:45:00,0.0000000000,34.0000000000,0.0000000000,15.5166700000
2023-02-06 03:00:00,0.0000000000,34.0000000000,0.0000000000,15.4666700000
2023-02-06 03:15:00,0.0000000000,34.0000000000,0.0000000000,15.6166700000
2023-02-06 03:30:00,0.0000000000,34.0000000000,0.0000000000,15.9500000000
2023-02-06 03:45:00,0.0000000000,31.0000000000,0.0000000000,16.9333300000
2023-02-06 04:00:00,0.0000000000,32.0000000000,0.0000000000,17.3666700000
2023-02-06 04:15:00,0.0000000000,34.0000000000,0.0000000000,17.2833300000
2023-02-06 04:30:00,0.0000000000,33.0000000000,0.0000000000,17.4500000000
2023-02-06 04:45:00,0.0000000000,32.0000000000,0.0000000000,17.5000000000
2023-02-06 05:00:00,0.0000000000,34.0000000000,0.0000000000,17.5333300000
2023-02-06 05:15:00,0.0000000000,34.0000000000,0.0000000000,17.2000000000
2023-02-06 05:30:00,0.0000000000,34.0000000000,0.0000000000,16.5166700000
2023-02-06 05:45:00,0.0000000000,33.0000000000,0.0000000000,16.0666700000
2023-02-06 06:00:00,0.0000000000,33.0000000000,0.0000000000,16.5833300000
2023-02-06 06:15:00,0.0000000000,32.0000000000,0.0000000000,16.6833300000
2023-02-06 06:30:00,0.0000000000,33.0000000000,0.0000000000,17.3166700000
2023-02-06 06:45:00,3.2000000000,33.0000000000,2.7054570000,16.9666700000
2023-02-06 07:00:00,13.2000000000,32.0000000000,17.9414500000,17.0000000000
2023-02-06 07:15:00,33.2000000000,33.0000000000,50.8341100000,17.6666700000
2023-02-06 07:30:00,60.8000000000,32.0000000000,92.9822900000,18.8166700000
2023-02-06 07:45:00,94.8000000000,35.0000000000,139.5446000000,20.3500000000
2023-02-06 08:00:00,133.6000000000,33.0000000000,192.9418000000,22.1833300000
2023-02-06 08:15:00,173.6000000000,33.0000000000,250.9667000000,23.8666700000
2023-02-06 08:30:00,217.6000000000,33.0000000000,314.4738000000,27.3166700000
2023-02-06 08:45:00,261.2000000000,34.0000000000,375.2754000000,31.6666700000
2023-02-06 09:00:00,300.0000000000,34.0000000000,433.4427000000,35.5166700000
2023-02-06 09:15:00,340.0000000000,35.0000000000,489.0469000000,38.8666600000
2023-02-06 09:30:00,380.0000000000,36.0000000000,545.8616000000,41.8333300000
2023-02-06 09:45:00,408.0000000000,36.0000000000,594.2038000000,45.0666700000
2023-02-06 10:00:00,444.0000000000,38.0000000000,646.6754000000,48.0166700000
2023-02-06 10:15:00,472.0000000000,38.0000000000,690.4611000000,50.0333300000
2023-02-06 10:30:00,496.0000000000,39.0000000000,732.6805000000,52.6333400000
2023-02-06 10:45:00,516.0000000000,40.0000000000,765.1459000000,54.6000000000
2023-02-06 11:00:00,532.0000000000,40.0000000000,799.2490000000,56.1333400000
2023-02-06 11:15:00,548.0000000000,40.0000000000,824.6660000000,56.4833300000
2023-02-06 11:30:00,560.0000000000,41.0000000000,847.9471000000,57.2500000000
2023-02-06 11:45:00,572.0000000000,40.0000000000,870.4452000000,57.4500000000
2023-02-06 12:00:00,580.0000000000,42.0000000000,885.4676000000,57.2833300000
2023-02-06 12:15:00,580.0000000000,41.0000000000,892.8008000000,58.8500000000
2023-02-06 12:30:00,584.0000000000,42.0000000000,896.9302000000,58.8000000000
2023-02-06 12:45:00,592.0000000000,43.0000000000,899.1373000000,57.1666700000
2023-02-06 13:00:00,572.0000000000,43.0000000000,865.7462000000,56.6500000000
2023-02-06 13:15:00,568.0000000000,44.0000000000,865.8174000000,58.7000000000
2023-02-06 13:30:00,552.0000000000,44.0000000000,834.3487000000,60.2000000000
2023-02-06 13:45:00,528.0000000000,44.0000000000,804.5887000000,60.6666700000
2023-02-06 14:00:00,504.0000000000,44.0000000000,773.8319000000,58.8833400000
2023-02-06 14:15:00,496.0000000000,44.0000000000,719.3668000000,57.6666700000
2023-02-06 14:30:00,400.0000000000,44.0000000000,710.2537000000,57.5500000000
2023-02-06 14:45:00,220.0000000000,45.0000000000,305.2895000000,49.6666700000
2023-02-06 15:00:00,388.0000000000,45.0000000000,597.8348000000,47.3666600000
2023-02-06 15:15:00,404.0000000000,44.0000000000,630.3715000000,51.3166700000
2023-02-06 15:30:00,316.0000000000,44.0000000000,550.5605000000,53.2500000000
2023-02-06 15:45:00,284.0000000000,44.0000000000,412.9382000000,49.9666700000
2023-02-06 16:00:00,292.0000000000,44.0000000000,456.0831000000,48.4000000000
2023-02-06 16:15:00,252.0000000000,45.0000000000,407.7408000000,46.0666700000
2023-02-06 16:30:00,204.0000000000,45.0000000000,345.3730000000,44.2500000000
2023-02-06 16:45:00,148.0000000000,45.0000000000,269.4778000000,41.8333300000
2023-02-06 17:00:00,112.0000000000,45.0000000000,205.5435000000,39.3166700000
2023-02-06 17:15:00,72.0000000000,44.0000000000,144.5284000000,36.7500000000
2023-02-06 17:30:00,40.0000000000,44.0000000000,94.5486100000,34.1833300000
2023-02-06 17:45:00,20.0000000000,44.0000000000,49.4101900000,31.4500000000
2023-02-06 18:00:00,4.0000000000,42.0000000000,10.5370400000,28.7166700000
2023-02-06 18:15:00,0.0000000000,44.0000000000,0.0711962400,26.4000000000
2023-02-06 18:30:00,0.0000000000,43.0000000000,0.0000000000,24.1166700000
2023-02-06 18:45:00,0.0000000000,42.0000000000,0.0000000000,22.6166700000
2023-02-06 19:00:00,0.0000000000,42.0000000000,0.0000000000,21.9166700000
2023-02-06 19:15:00,0.0000000000,41.0000000000,0.0000000000,21.4666700000
2023-02-06 19:30:00,0.0000000000,40.0000000000,0.0000000000,20.9000000000
2023-02-06 19:45:00,0.0000000000,39.0000000000,0.0000000000,20.0833300000
2023-02-06 20:00:00,0.0000000000,41.0000000000,0.0000000000,19.1000000000
2023-02-06 20:15:00,0.0000000000,38.0000000000,0.0000000000,18.6500000000
2023-02-06 20:30:00,0.0000000000,38.0000000000,0.0000000000,18.3166700000
2023-02-06 20:45:00,0.0000000000,39.0000000000,0.0000000000,18.0500000000
2023-02-06 21:00:00,0.0000000000,39.0000000000,0.0000000000,17.8166700000
2023-02-06 21:15:00,0.0000000000,38.0000000000,0.0000000000,17.5833300000
2023-02-06 21:30:00,0.0000000000,37.0000000000,0.0000000000,17.6333300000
2023-02-06 21:45:00,0.0000000000,36.0000000000,0.0000000000,18.3666700000
2023-02-06 22:00:00,0.0000000000,36.0000000000,0.0000000000,19.6833300000
2023-02-06 22:15:00,0.0000000000,38.0000000000,0.0000000000,20.1500000000
2023-02-06 22:30:00,0.0000000000,37.0000000000,0.0000000000,19.8333300000
2023-02-06 22:45:00,0.0000000000,37.0000000000,0.0000000000,18.9000000000
2023-02-06 23:00:00,0.0000000000,37.0000000000,0.0000000000,17.8666700000
2023-02-06 23:15:00,0.0000000000,37.0000000000,0.0000000000,17.2000000000
2023-02-06 23:30:00,0.0000000000,36.0000000000,0.0000000000,16.3500000000
2023-02-06 23:45:00,0.0000000000,36.0000000000,0.0000000000,15.3833300000
2023-02-07 00:00:00,0.0000000000,36.0000000000,0.0000000000,14.2166700000
2023-02-07 00:15:00,0.0000000000,35.0000000000,0.0000000000,13.0666700000
2023-02-07 00:30:00,0.0000000000,34.0000000000,0.0000000000,12.8166700000
2023-02-07 00:45:00,0.0000000000,34.0000000000,0.0000000000,12.9500000000
2023-02-07 01:00:00,0.0000000000,33.0000000000,0.0000000000,12.4666700000
2023-02-07 01:15:00,0.0000000000,33.0000000000,0.0000000000,12.0500000000
2023-02-07 01:30:00,0.0000000000,33.0000000000,0.0000000000,11.8166700000
2023-02-07 01:45:00,0.0000000000,34.0000000000,0.0000000000,11.3833300000
2023-02-07 02:00:00,0.0000000000,33.0000000000,0.0000000000,11.2166700000
2023-02-07 02:15:00,0.0000000000,32.0000000000,0.0000000000,11.1333300000
2023-02-07 02:30:00,0.0000000000,33.0000000000,0.0000000000,10.6166700000
2023-02-07 02:45:00,0.0000000000,32.0000000000,0.0000000000,10.8166700000
2023-02-07 03:00:00,0.0000000000,32.0000000000,0.0000000000,11.2333300000
2023-02-07 03:15:00,0.0000000000,31.0000000000,0.0000000000,11.0500000000
2023-02-07 03:30:00,0.0000000000,32.0000000000,0.0000000000,10.4333300000
2023-02-07 03:45:00,0.0000000000,31.0000000000,0.0000000000,10.3000000000
2023-02-07 04:00:00,0.0000000000,30.0000000000,0.0000000000,10.2833300000
2023-02-07 04:15:00,0.0000000000,31.0000000000,0.0000000000,10.8000000000
2023-02-07 04:30:00,0.0000000000,31.0000000000,0.0000000000,11.0500000000
2023-02-07 04:45:00,0.0000000000,31.0000000000,0.0000000000,10.9000000000
2023-02-07 05:00:00,0.0000000000,31.0000000000,0.0000000000,10.9166700000
2023-02-07 05:15:00,0.0000000000,31.0000000000,0.0000000000,10.6000000000
2023-02-07 05:30:00,0.0000000000,30.0000000000,0.0000000000,11.4500000000
2023-02-07 05:45:00,0.0000000000,30.0000000000,0.0000000000,11.5666700000
2023-02-07 06:00:00,0.0000000000,30.0000000000,0.0000000000,10.7166700000
2023-02-07 06:15:00,0.0000000000,30.0000000000,0.0000000000,10.8666700000
2023-02-07 06:30:00,0.0000000000,29.0000000000,0.0000000000,11.7000000000
2023-02-07 06:45:00,2.8000000000,30.0000000000,2.0646910000,11.7166700000
2023-02-07 07:00:00,10.0000000000,29.0000000000,14.3104400000,11.5833300000
2023-02-07 07:15:00,30.0000000000,30.0000000000,49.4101900000,11.5333300000
2023-02-07 07:30:00,63.2000000000,29.0000000000,98.1796100000,13.0833300000
2023-02-07 07:45:00,104.8000000000,29.0000000000,154.4247000000,15.4500000000
2023-02-07 08:00:00,147.6000000000,30.0000000000,213.3751000000,17.7666700000
2023-02-07 08:15:00,188.4000000000,31.0000000000,270.6169000000,20.4000000000
2023-02-07 08:30:00,234.0000000000,31.0000000000,338.6093000000,24.9166700000
2023-02-07 08:45:00,276.0000000000,32.0000000000,396.0646000000,29.3500000000
2023-02-07 09:00:00,320.0000000000,32.0000000000,454.3744000000,32.7166700000
2023-02-07 09:15:00,356.0000000000,33.0000000000,508.6259000000,36.2500000000
2023-02-07 09:30:00,396.0000000000,34.0000000000,564.4438000000,38.7500000000
2023-02-07 09:45:00,428.0000000000,35.0000000000,614.5659000000,42.4000000000
2023-02-07 10:00:00,460.0000000000,34.0000000000,659.4907000000,45.9500000000
2023-02-07 10:15:00,484.0000000000,35.0000000000,698.9335000000,48.9833300000
2023-02-07 10:30:00,504.0000000000,36.0000000000,733.8196000000,52.0833300000
2023-02-07 10:45:00,532.0000000000,36.0000000000,778.2461000000,54.2500000000
2023-02-07 11:00:00,548.0000000000,38.0000000000,815.2681000000,55.9666700000
2023-02-07 11:15:00,568.0000000000,38.0000000000,843.7466000000,56.4500000000
2023-02-07 11:30:00,576.0000000000,39.0000000000,870.8724000000,56.3333300000
2023-02-07 11:45:00,588.0000000000,40.0000000000,893.2280000000,57.0833300000
2023-02-07 12:00:00,596.0000000000,40.0000000000,904.9041000000,57.0166700000
2023-02-07 12:15:00,600.0000000000,40.0000000000,913.7325000000,57.2833300000
2023-02-07 12:30:00,600.0000000000,41.0000000000,916.3668000000,59.0833300000
2023-02-07 12:45:00,596.0000000000,41.0000000000,909.2471000000,59.7166700000
2023-02-07 13:00:00,584.0000000000,41.0000000000,892.7296000000,60.3000000000
2023-02-07 13:15:00,568.0000000000,43.0000000000,866.8142000000,59.5666700000
2023-02-07 13:30:00,560.0000000000,43.0000000000,841.8243000000,57.2833300000
2023-02-07 13:45:00,556.0000000000,43.0000000000,833.9215000000,56.3666600000
2023-02-07 14:00:00,532.0000000000,44.0000000000,808.6469000000,57.3500000000
2023-02-07 14:15:00,512.0000000000,43.0000000000,772.6927000000,57.7000000000
2023-02-07 14:30:00,468.0000000000,43.0000000000,723.9233000000,56.2500000000
2023-02-07 14:45:00,396.0000000000,46.0000000000,561.7383000000,52.8000000000
2023-02-07 15:00:00,432.0000000000,45.0000000000,653.3679000000,50.9500000000
2023-02-07 15:15:00,380.0000000000,45.0000000000,582.2428000000,49.0166700000
2023-02-07 15:30:00,344.0000000000,45.0000000000,529.9136000000,49.1833300000
2023-02-07 15:45:00,312.0000000000,44.0000000000,481.6425000000,47.7833300000
2023-02-07 16:00:00,284.0000000000,45.0000000000,427.3910000000,45.5166700000
2023-02-07 16:15:00,188.0000000000,45.0000000000,318.9591000000,43.4666700000
2023-02-07 16:30:00,192.0000000000,45.0000000000,325.7940000000,39.9833300000
2023-02-07 16:45:00,160.0000000000,45.0000000000,278.0925000000,38.7333300000
2023-02-07 17:00:00,116.0000000000,44.0000000000,215.2262000000,37.2333300000
2023-02-07 17:15:00,52.0000000000,44.0000000000,92.7686900000,34.4000000000
2023-02-07 17:30:00,40.0000000000,45.0000000000,90.1344400000,31.6833300000
2023-02-07 17:45:00,20.0000000000,44.0000000000,50.3357400000,29.8000000000
2023-02-07 18:00:00,4.0000000000,44.0000000000,12.6017400000,27.7000000000
2023-02-07 18:15:00,4.0000000000,42.0000000000,0.3559811000,25.6333300000
2023-02-07 18:30:00,0.0000000000,42.0000000000,0.0000000000,24.4833300000
2023-02-07 18:45:00,0.0000000000,42.0000000000,0.0000000000,23.9500000000
2023-02-07 19:00:00,0.0000000000,41.0000000000,0.0000000000,23.3333300000
2023-02-07 19:15:00,0.0000000000,40.0000000000,0.0000000000,22.2166700000
2023-02-07 19:30:00,0.0000000000,39.0000000000,0.0000000000,20.8000000000
2023-02-07 19:45:00,0.0000000000,40.0000000000,0.0000000000,19.5333300000
2023-02-07 20:00:00,0.0000000000,40.0000000000,0.0000000000,18.8000000000
2023-02-07 20:15:00,0.0000000000,39.0000000000,0.0000000000,18.0166700000
2023-02-07 20:30:00,0.0000000000,39.0000000000,0.0000000000,17.3500000000
2023-02-07 20:45:00,0.0000000000,38.0000000000,0.0000000000,17.8333300000
2023-02-07 21:00:00,0.0000000000,39.0000000000,0.0000000000,17.6000000000
2023-02-07 21:15:00,0.0000000000,37.0000000000,0.0000000000,16.7500000000
2023-02-07 21:30:00,0.0000000000,37.0000000000,0.0000000000,15.5666700000
2023-02-07 21:45:00,0.0000000000,36.0000000000,0.0000000000,15.0166700000
2023-02-07 22:00:00,0.0000000000,36.0000000000,0.0000000000,16.1166700000
2023-02-07 22:15:00,0.0000000000,35.0000000000,0.0000000000,17.2333300000
2023-02-07 22:30:00,0.0000000000,35.0000000000,0.0000000000,17.6833300000
2023-02-07 22:45:00,0.0000000000,36.0000000000,0.0000000000,17.1166700000
2023-02-07 23:00:00,0.0000000000,35.0000000000,0.0000000000,16.2500000000
2023-02-07 23:15:00,0.0000000000,35.0000000000,0.0000000000,15.0666700000
2023-02-07 23:30:00,0.0000000000,34.0000000000,0.0000000000,14.0500000000
2023-02-07 23:45:00,0.0000000000,34.0000000000,0.0000000000,13.7166700000
2023-02-08 00:00:00,0.0000000000,34.0000000000,0.0000000000,13.5833300000
2023-02-08 00:15:00,0.0000000000,34.0000000000,0.0000000000,14.0666700000
2023-02-08 00:30:00,0.0000000000,34.0000000000,0.0000000000,14.9833300000
2023-02-08 00:45:00,0.0000000000,34.0000000000,0.0000000000,14.8333300000
2023-02-08 01:00:00,0.0000000000,33.0000000000,0.0000000000,14.3166700000
2023-02-08 01:15:00,0.0000000000,32.0000000000,0.0000000000,13.8333300000
2023-02-08 01:30:00,0.0000000000,32.0000000000,0.0000000000,14.0000000000
2023-02-08 01:45:00,0.0000000000,32.0000000000,0.0000000000,13.9500000000
2023-02-08 02:00:00,0.0000000000,32.0000000000,0.0000000000,13.4666700000
2023-02-08 02:15:00,0.0000000000,32.0000000000,0.0000000000,12.4333300000
2023-02-08 02:30:00,0.0000000000,32.0000000000,0.0000000000,11.4000000000
2023-02-08 02:45:00,0.0000000000,32.0000000000,0.0000000000,10.4500000000
2023-02-08 03:00:00,0.0000000000,31.0000000000,0.0000000000,9.7833340000
2023-02-08 03:15:00,0.0000000000,31.0000000000,0.0000000000,9.4000000000
2023-02-08 03:30:00,0.0000000000,32.0000000000,0.0000000000,9.0333340000
2023-02-08 03:45:00,0.0000000000,30.0000000000,0.0000000000,8.6833330000
2023-02-08 04:00:00,0.0000000000,31.0000000000,0.0000000000,8.4833340000
2023-02-08 04:15:00,0.0000000000,31.0000000000,0.0000000000,8.3166670000
2023-02-08 04:30:00,0.0000000000,30.0000000000,0.0000000000,8.2666660000
2023-02-08 04:45:00,0.0000000000,31.0000000000,0.0000000000,8.4833340000
2023-02-08 05:00:00,0.0000000000,29.0000000000,0.0000000000,9.7666660000
2023-02-08 05:15:00,0.0000000000,29.0000000000,0.0000000000,10.4000000000
2023-02-08 05:30:00,0.0000000000,30.0000000000,0.0000000000,10.4500000000
2023-02-08 05:45:00,0.0000000000,30.0000000000,0.0000000000,9.3833330000
2023-02-08 06:00:00,0.0000000000,29.0000000000,0.0000000000,8.2500000000
2023-02-08 06:15:00,0.0000000000,28.0000000000,0.0000000000,7.6833330000
2023-02-08 06:30:00,0.0000000000,29.0000000000,0.0000000000,7.6166670000
2023-02-08 06:45:00,2.4000000000,28.0000000000,2.0646910000,8.4833340000
2023-02-08 07:00:00,10.8000000000,28.0000000000,15.0936100000,9.7000000000
2023-02-08 07:15:00,29.6000000000,29.0000000000,42.4329600000,10.3000000000
2023-02-08 07:30:00,64.4000000000,29.0000000000,95.9013400000,12.2666700000
2023-02-08 07:45:00,110.0000000000,29.0000000000,156.8453000000,14.5833300000
2023-02-08 08:00:00,155.6000000000,30.0000000000,218.0029000000,17.2000000000
2023-02-08 08:15:00,202.8000000000,29.0000000000,290.0535000000,20.0166700000
2023-02-08 08:30:00,232.0000000000,30.0000000000,333.4832000000,23.3666700000
2023-02-08 08:45:00,275.6000000000,30.0000000000,392.3625000000,28.2500000000
2023-02-08 09:00:00,320.0000000000,31.0000000000,458.7174000000,32.7166700000
2023-02-08 09:15:00,360.0000000000,32.0000000000,513.9656000000,36.6000000000
2023-02-08 09:30:00,396.0000000000,34.0000000000,566.2949000000,39.3833400000
2023-02-08 09:45:00,436.0000000000,32.0000000000,618.9089000000,42.4166700000
2023-02-08 10:00:00,460.0000000000,34.0000000000,662.0538000000,45.1166600000
2023-02-08 10:15:00,488.0000000000,35.0000000000,706.1954000000,47.4000000000
2023-02-08 10:30:00,512.0000000000,35.0000000000,744.4279000000,49.7333300000
2023-02-08 10:45:00,532.0000000000,36.0000000000,781.5923000000,52.7666700000
2023-02-08 11:00:00,552.0000000000,36.0000000000,820.3231000000,54.4166700000
2023-02-08 11:15:00,568.0000000000,37.0000000000,849.2287000000,55.9000000000
2023-02-08 11:30:00,584.0000000000,37.0000000000,878.9887000000,57.5666700000
2023-02-08 11:45:00,592.0000000000,38.0000000000,899.6356000000,58.2000000000
2023-02-08 12:00:00,600.0000000000,39.0000000000,904.9753000000,57.8166700000
2023-02-08 12:15:00,600.0000000000,41.0000000000,922.3473000000,58.4333300000
2023-02-08 12:30:00,600.0000000000,40.0000000000,925.0527000000,59.0333300000
2023-02-08 12:45:00,612.0000000000,41.0000000000,935.7321000000,59.5666700000
2023-02-08 13:00:00,596.0000000000,42.0000000000,924.1984000000,61.4333300000
2023-02-08 13:15:00,580.0000000000,42.0000000000,896.2183000000,60.3500000000
2023-02-08 13:30:00,576.0000000000,42.0000000000,877.4936000000,59.2666700000
2023-02-08 13:45:00,556.0000000000,42.0000000000,844.9570000000,57.4833300000
2023-02-08 14:00:00,536.0000000000,43.0000000000,812.6338000000,55.8166700000
2023-02-08 14:15:00,508.0000000000,43.0000000000,766.0003000000,54.9833300000
2023-02-08 14:30:00,480.0000000000,44.0000000000,728.9783000000,53.7000000000
2023-02-08 14:45:00,464.0000000000,43.0000000000,694.8041000000,52.2166700000
2023-02-08 15:00:00,420.0000000000,44.0000000000,643.8276000000,52.9166700000
2023-02-08 15:15:00,384.0000000000,44.0000000000,587.8673000000,51.7500000000
2023-02-08 15:30:00,348.0000000000,44.0000000000,535.0397000000,48.9166700000
2023-02-08 15:45:00,304.0000000000,44.0000000000,472.5294000000,47.7000000000
2023-02-08 16:00:00,264.0000000000,43.0000000000,416.4268000000,46.4833300000
2023-02-08 16:15:00,224.0000000000,43.0000000000,366.4470000000,43.9666700000
2023-02-08 16:30:00,188.0000000000,43.0000000000,312.6227000000,41.2333300000
2023-02-08 16:45:00,144.0000000000,44.0000000000,251.3227000000,39.3000000000
2023-02-08 17:00:00,104.0000000000,44.0000000000,188.8124000000,36.9500000000
2023-02-08 17:15:00,68.0000000000,43.0000000000,127.7972000000,34.2833300000
2023-02-08 17:30:00,40.0000000000,43.0000000000,78.3870500000,31.4666700000
2023-02-08 17:45:00,16.0000000000,42.0000000000,41.4362100000,28.7500000000
2023-02-08 18:00:00,8.0000000000,41.0000000000,10.1810600000,26.5333300000
2023-02-08 18:15:00,0.0000000000,42.0000000000,0.0000000000,24.4833300000
2023-02-08 18:30:00,0.0000000000,41.0000000000,0.0000000000,22.8166700000
2023-02-08 18:45:00,0.0000000000,39.0000000000,0.0000000000,21.6500000000
2023-02-08 19:00:00,0.0000000000,39.0000000000,0.0000000000,19.8666700000
2023-02-08 19:15:00,0.0000000000,39.0000000000,0.0000000000,18.1666700000
2023-02-08 19:30:00,0.0000000000,38.0000000000,0.0000000000,17.2000000000
2023-02-08 19:45:00,0.0000000000,37.0000000000,0.0000000000,16.6500000000
2023-02-08 20:00:00,0.0000000000,37.0000000000,0.0000000000,15.8500000000
2023-02-08 20:15:00,0.0000000000,37.0000000000,0.0000000000,15.2333300000
2023-02-08 20:30:00,0.0000000000,36.0000000000,0.0000000000,15.4666700000
2023-02-08 20:45:00,0.0000000000,36.0000000000,0.0000000000,16.3500000000
2023-02-08 21:00:00,0.0000000000,36.0000000000,0.0000000000,17.0833300000
2023-02-08 21:15:00,0.0000000000,35.0000000000,0.0000000000,17.5166700000
2023-02-08 21:30:00,0.0000000000,36.0000000000,0.0000000000,17.8000000000
2023-02-08 21:45:00,0.0000000000,35.0000000000,0.0000000000,16.8666700000
2023-02-08 22:00:00,0.0000000000,34.0000000000,0.0000000000,15.9333300000
2023-02-08 22:15:00,0.0000000000,34.0000000000,0.0000000000,15.1333300000
2023-02-08 22:30:00,0.0000000000,34.0000000000,0.0000000000,14.8500000000
2023-02-08 22:45:00,0.0000000000,33.0000000000,0.0000000000,14.0500000000
2023-02-08 23:00:00,0.0000000000,34.0000000000,0.0000000000,13.2666700000
2023-02-08 23:15:00,0.0000000000,34.0000000000,0.0000000000,12.7833300000
2023-02-08 23:30:00,0.0000000000,33.0000000000,0.0000000000,12.9833300000
2023-02-08 23:45:00,0.0000000000,34.0000000000,0.0000000000,13.2000000000
2023-02-09 00:00:00,0.0000000000,33.0000000000,0.0000000000,12.9000000000
2023-02-09 00:15:00,0.0000000000,32.0000000000,0.0000000000,13.0166700000
2023-02-09 00:30:00,0.0000000000,33.0000000000,0.0000000000,13.3833300000
2023-02-09 00:45:00,0.0000000000,32.0000000000,0.0000000000,12.7500000000
2023-02-09 01:00:00,0.0000000000,32.0000000000,0.0000000000,12.0000000000
2023-02-09 01:15:00,0.0000000000,33.0000000000,0.0000000000,11.7000000000
2023-02-09 01:30:00,0.0000000000,32.0000000000,0.0000000000,11.1833300000
2023-02-09 01:45:00,0.0000000000,30.0000000000,0.0000000000,10.9000000000
2023-02-09 02:00:00,0.0000000000,31.0000000000,0.0000000000,10.8500000000
2023-02-09 02:15:00,0.0000000000,31.0000000000,0.0000000000,10.3500000000
2023-02-09 02:30:00,0.0000000000,32.0000000000,0.0000000000,9.5666670000
2023-02-09 02:45:00,0.0000000000,30.0000000000,0.0000000000,8.7666660000
2023-02-09 03:00:00,0.0000000000,31.0000000000,0.0000000000,8.4166670000
2023-02-09 03:15:00,0.0000000000,29.0000000000,0.0000000000,8.5333340000
2023-02-09 03:30:00,0.0000000000,29.0000000000,0.0000000000,8.0333340000
2023-02-09 03:45:00,0.0000000000,30.0000000000,0.0000000000,7.6000000000
2023-02-09 04:00:00,0.0000000000,30.0000000000,0.0000000000,7.4500000000
2023-02-09 04:15:00,0.0000000000,29.0000000000,0.0000000000,7.2166670000
2023-02-09 04:30:00,0.0000000000,29.0000000000,0.0000000000,7.0666670000
2023-02-09 04:45:00,0.0000000000,29.0000000000,0.0000000000,7.1833330000
2023-02-09 05:00:00,0.0000000000,28.0000000000,0.0000000000,7.2500000000
2023-02-09 05:15:00,0.0000000000,28.0000000000,0.0000000000,6.8166670000
2023-02-09 05:30:00,0.0000000000,28.0000000000,0.0000000000,6.3166670000
2023-02-09 05:45:00,0.0000000000,28.0000000000,0.0000000000,6.1166670000
2023-02-09 06:00:00,0.0000000000,28.0000000000,0.0000000000,6.1500000000
2023-02-09 06:15:00,0.0000000000,28.0000000000,0.0000000000,7.4500000000
2023-02-09 06:30:00,0.0000000000,28.0000000000,0.0000000000,8.1000000000
2023-02-09 06:45:00,3.6000000000,28.0000000000,3.4174200000,7.4500000000
2023-02-09 07:00:00,16.0000000000,27.0000000000,23.7083500000,8.0833330000
2023-02-09 07:15:00,37.2000000000,28.0000000000,61.0863700000,9.7333340000
2023-02-09 07:30:00,67.6000000000,28.0000000000,104.5872000000,11.6666700000
2023-02-09 07:45:00,106.4000000000,28.0000000000,154.8518000000,13.9666700000
2023-02-09 08:00:00,148.8000000000,29.0000000000,210.3849000000,16.0666700000
2023-02-09 08:15:00,192.0000000000,29.0000000000,269.6202000000,18.3833300000
2023-02-09 08:30:00,230.4000000000,29.0000000000,326.0788000000,21.6000000000
2023-02-09 08:45:00,270.0000000000,30.0000000000,385.1716000000,25.5500000000
2023-02-09 09:00:00,316.0000000000,30.0000000000,442.9830000000,30.1666700000
2023-02-09 09:15:00,356.0000000000,30.0000000000,502.3607000000,34.1833300000
2023-02-09 09:30:00,388.0000000000,32.0000000000,554.1203000000,37.5666700000
2023-02-09 09:45:00,428.0000000000,32.0000000000,605.8799000000,40.3500000000
2023-02-09 10:00:00,460.0000000000,33.0000000000,651.0896000000,42.8000000000
2023-02-09 10:15:00,484.0000000000,34.0000000000,693.8785000000,45.4833300000
2023-02-09 10:30:00,508.0000000000,34.0000000000,730.9717000000,47.3500000000
2023-02-09 10:45:00,528.0000000000,36.0000000000,768.9905000000,48.8833400000
2023-02-09 11:00:00,552.0000000000,36.0000000000,809.2164000000,51.7666700000
2023-02-09 11:15:00,564.0000000000,36.0000000000,839.5460000000,54.0000000000
2023-02-09 11:30:00,576.0000000000,36.0000000000,863.3967000000,55.0833300000
2023-02-09 11:45:00,584.0000000000,37.0000000000,882.5486000000,55.6000000000
2023-02-09 12:00:00,596.0000000000,38.0000000000,902.3411000000,54.7333300000
2023-02-09 12:15:00,596.0000000000,39.0000000000,907.9656000000,55.0833300000
2023-02-09 12:30:00,596.0000000000,40.0000000000,910.3862000000,56.5500000000
2023-02-09 12:45:00,572.0000000000,40.0000000000,883.1893000000,57.9500000000
2023-02-09 13:00:00,568.0000000000,42.0000000000,869.8044000000,58.1333400000
2023-02-09 13:15:00,568.0000000000,41.0000000000,859.1962000000,60.5333300000
2023-02-09 13:30:00,556.0000000000,42.0000000000,847.1641000000,59.6000000000
2023-02-09 13:45:00,540.0000000000,42.0000000000,826.5172000000,57.5666700000
2023-02-09 14:00:00,528.0000000000,42.0000000000,803.1647000000,56.7166700000
2023-02-09 14:15:00,512.0000000000,42.0000000000,771.1976000000,56.1166600000
2023-02-09 14:30:00,484.0000000000,42.0000000000,736.3827000000,54.9166700000
2023-02-09 14:45:00,460.0000000000,42.0000000000,697.4384000000,52.8500000000
2023-02-09 15:00:00,428.0000000000,43.0000000000,649.8080000000,51.4166700000
2023-02-09 15:15:00,388.0000000000,42.0000000000,594.7022000000,48.9166700000
2023-02-09 15:30:00,356.0000000000,43.0000000000,541.3050000000,48.9166700000
2023-02-09 15:45:00,312.0000000000,44.0000000000,485.0600000000,47.5833300000
2023-02-09 16:00:00,268.0000000000,44.0000000000,423.1192000000,45.3500000000
2023-02-09 16:15:00,224.0000000000,45.0000000000,367.7997000000,42.7333300000
2023-02-09 16:30:00,188.0000000000,44.0000000000,309.4901000000,40.4333300000
2023-02-09 16:45:00,140.0000000000,44.0000000000,248.6172000000,38.1666700000
2023-02-09 17:00:00,104.0000000000,42.0000000000,188.4565000000,36.0000000000
2023-02-09 17:15:00,64.0000000000,43.0000000000,123.8814000000,33.6833300000
2023-02-09 17:30:00,40.0000000000,42.0000000000,76.6071500000,31.1000000000
2023-02-09 17:45:00,20.0000000000,42.0000000000,41.8633800000,28.6333300000
2023-02-09 18:00:00,4.0000000000,42.0000000000,8.7571360000,26.2333300000
2023-02-09 18:15:00,0.0000000000,41.0000000000,0.0000000000,24.3666700000
2023-02-09 18:30:00,0.0000000000,40.0000000000,0.0000000000,22.4500000000
2023-02-09 18:45:00,0.0000000000,42.0000000000,0.0000000000,20.5666700000
2023-02-09 19:00:00,0.0000000000,42.0000000000,0.0000000000,19.3666700000
2023-02-09 19:15:00,0.0000000000,38.0000000000,0.0000000000,18.4666700000
2023-02-09 19:30:00,0.0000000000,38.0000000000,0.0000000000,17.4500000000
2023-02-09 19:45:00,0.0000000000,38.0000000000,0.0000000000,16.0666700000
2023-02-09 20:00:00,0.0000000000,37.0000000000,0.0000000000,15.5666700000
2023-02-09 20:15:00,0.0000000000,37.0000000000,0.0000000000,15.8833300000
2023-02-09 20:30:00,0.0000000000,36.0000000000,0.0000000000,15.8166700000
2023-02-09 20:45:00,0.0000000000,36.0000000000,0.0000000000,15.1500000000
2023-02-09 21:00:00,0.0000000000,36.0000000000,0.0000000000,14.6500000000
2023-02-09 21:15:00,0.0000000000,36.0000000000,0.0000000000,15.7666700000
2023-02-09 21:30:00,0.0000000000,36.0000000000,0.0000000000,17.6666700000
2023-02-09 21:45:00,0.0000000000,34.0000000000,0.0000000000,17.2000000000
2023-02-09 22:00:00,0.0000000000,35.0000000000,0.0000000000,17.0833300000
2023-02-09 22:15:00,0.0000000000,35.0000000000,0.0000000000,16.1833300000
2023-02-09 22:30:00,0.0000000000,34.0000000000,0.0000000000,15.4500000000
2023-02-09 22:45:00,0.0000000000,34.0000000000,0.0000000000,15.0500000000
2023-02-09 23:00:00,0.0000000000,32.0000000000,0.0000000000,14.7166700000
2023-02-09 23:15:00,0.0000000000,32.0000000000,0.0000000000,15.0166700000
2023-02-09 23:30:00,0.0000000000,33.0000000000,0.0000000000,14.5666700000
2023-02-09 23:45:00,0.0000000000,33.0000000000,0.0000000000,13.4000000000
2023-02-10 00:00:00,0.0000000000,32.0000000000,0.0000000000,12.2833300000
2023-02-10 00:15:00,0.0000000000,32.0000000000,0.0000000000,11.5166700000
2023-02-10 00:30:00,0.0000000000,32.0000000000,0.0000000000,11.0000000000
2023-02-10 00:45:00,0.0000000000,32.0000000000,0.0000000000,10.9833300000
2023-02-10 01:00:00,0.0000000000,31.0000000000,0.0000000000,10.9833300000
2023-02-10 01:15:00,0.0000000000,31.0000000000,0.0000000000,10.6666700000
2023-02-10 01:30:00,0.0000000000,31.0000000000,0.0000000000,10.3000000000
2023-02-10 01:45:00,0.0000000000,30.0000000000,0.0000000000,10.2500000000
2023-02-10 02:00:00,0.0000000000,30.0000000000,0.0000000000,10.4166700000
2023-02-10 02:15:00,0.0000000000,31.0000000000,0.0000000000,10.2666700000
2023-02-10 02:30:00,0.0000000000,30.0000000000,0.0000000000,9.9500000000
2023-02-10 02:45:00,0.0000000000,30.0000000000,0.0000000000,9.5000000000
2023-02-10 03:00:00,0.0000000000,31.0000000000,0.0000000000,9.2166660000
2023-02-10 03:15:00,0.0000000000,31.0000000000,0.0000000000,9.1000000000
2023-02-10 03:30:00,0.0000000000,29.0000000000,0.0000000000,9.0666670000
2023-02-10 03:45:00,0.0000000000,30.0000000000,0.0000000000,9.1166670000
2023-02-10 04:00:00,0.0000000000,30.0000000000,0.0000000000,9.2166660000
2023-02-10 04:15:00,0.0000000000,30.0000000000,0.0000000000,9.9666660000
2023-02-10 04:30:00,0.0000000000,29.0000000000,0.0000000000,10.0833300000
2023-02-10 04:45:00,0.0000000000,29.0000000000,0.0000000000,9.5000000000
2023-02-10 05:00:00,0.0000000000,30.0000000000,0.0000000000,9.0000000000
2023-02-10 05:15:00,0.0000000000,29.0000000000,0.0000000000,8.6666670000
2023-02-10 05:30:00,0.0000000000,29.0000000000,0.0000000000,8.9000000000
2023-02-10 05:45:00,0.0000000000,28.0000000000,0.0000000000,9.7500000000
2023-02-10 06:00:00,0.0000000000,28.0000000000,0.0000000000,9.5000000000
2023-02-10 06:15:00,0.0000000000,29.0000000000,0.0000000000,9.4000000000
2023-02-10 06:30:00,0.0000000000,28.0000000000,0.0000000000,9.7666660000
2023-02-10 06:45:00,2.4000000000,29.0000000000,2.4206720000,9.1166670000
2023-02-10 07:00:00,8.8000000000,28.0000000000,11.8185700000,9.0166660000
2023-02-10 07:15:00,25.2000000000,28.0000000000,37.9475900000,10.0666700000
2023-02-10 07:30:00,62.0000000000,28.0000000000,96.5420900000,11.5833300000
2023-02-10 07:45:00,104.4000000000,29.0000000000,151.3632000000,13.9833300000
2023-02-10 08:00:00,154.8000000000,29.0000000000,219.5692000000,16.6166700000
2023-02-10 08:15:00,198.8000000000,29.0000000000,284.0018000000,19.3666700000
2023-02-10 08:30:00,237.6000000000,30.0000000000,344.5186000000,23.3166700000
2023-02-10 08:45:00,288.0000000000,30.0000000000,410.5887000000,28.5500000000
2023-02-10 09:00:00,320.0000000000,31.0000000000,459.7141000000,32.9833300000
2023-02-10 09:15:00,348.0000000000,32.0000000000,489.6877000000,36.1500000000
2023-02-10 09:30:00,404.0000000000,32.0000000000,573.5569000000,39.5000000000
2023-02-10 09:45:00,432.0000000000,33.0000000000,622.6111000000,42.1833300000
2023-02-10 10:00:00,464.0000000000,33.0000000000,669.0311000000,44.2833300000
2023-02-10 10:15:00,492.0000000000,35.0000000000,712.4608000000,46.8833400000
2023-02-10 10:30:00,516.0000000000,36.0000000000,749.0556000000,49.7000000000
2023-02-10 10:45:00,536.0000000000,36.0000000000,786.7184000000,52.3833400000
2023-02-10 11:00:00,560.0000000000,36.0000000000,826.4459000000,54.6666700000
2023-02-10 11:15:00,576.0000000000,37.0000000000,862.7560000000,55.1666700000
2023-02-10 11:30:00,588.0000000000,38.0000000000,888.3867000000,56.9833300000
2023-02-10 11:45:00,592.0000000000,38.0000000000,906.1857000000,58.7500000000
2023-02-10 12:00:00,600.0000000000,39.0000000000,920.2114000000,59.5833300000
2023-02-10 12:15:00,600.0000000000,39.0000000000,930.7484000000,60.3833400000
2023-02-10 12:30:00,596.0000000000,40.0000000000,919.2858000000,61.6500000000
2023-02-10 12:45:00,600.0000000000,40.0000000000,923.9847000000,61.5333300000
2023-02-10 13:00:00,596.0000000000,42.0000000000,912.1662000000,60.6166600000
2023-02-10 13:15:00,584.0000000000,42.0000000000,897.8558000000,60.6333400000
2023-02-10 13:30:00,564.0000000000,42.0000000000,865.2479000000,59.4500000000
2023-02-10 13:45:00,544.0000000000,42.0000000000,833.3520000000,57.4166700000
2023-02-10 14:00:00,520.0000000000,42.0000000000,793.6245000000,57.7333300000
2023-02-10 14:15:00,496.0000000000,44.0000000000,749.1268000000,56.2166700000
2023-02-10 14:30:00,464.0000000000,43.0000000000,707.5482000000,54.5500000000
2023-02-10 14:45:00,440.0000000000,44.0000000000,666.1832000000,53.4333300000
2023-02-10 15:00:00,408.0000000000,44.0000000000,615.6339000000,51.1500000000
2023-02-10 15:15:00,376.0000000000,44.0000000000,572.9873000000,49.5333300000
2023-02-10 15:30:00,336.0000000000,43.0000000000,519.8749000000,49.1666700000
2023-02-10 15:45:00,304.0000000000,43.0000000000,472.5294000000,47.7833300000
2023-02-10 16:00:00,260.0000000000,43.0000000000,416.9252000000,46.5000000000
2023-02-10 16:15:00,220.0000000000,44.0000000000,356.5508000000,43.7833300000
2023-02-10 16:30:00,176.0000000000,44.0000000000,299.2378000000,40.8333300000
2023-02-10 16:45:00,136.0000000000,44.0000000000,236.0155000000,38.2333300000
2023-02-10 17:00:00,96.0000000000,44.0000000000,170.5150000000,35.8666600000
2023-02-10 17:15:00,60.0000000000,42.0000000000,115.8363000000,33.5833300000
2023-02-10 17:30:00,36.0000000000,43.0000000000,71.2674300000,31.2000000000
2023-02-10 17:45:00,20.0000000000,42.0000000000,38.3747700000,28.6333300000
2023-02-10 18:00:00,4.0000000000,41.0000000000,11.3202000000,25.8500000000
2023-02-10 18:15:00,4.0000000000,42.0000000000,0.0711962400,23.4000000000
2023-02-10 18:30:00,0.0000000000,40.0000000000,0.0000000000,21.1833300000
2023-02-10 18:45:00,0.0000000000,41.0000000000,0.0000000000,19.5000000000
2023-02-10 19:00:00,0.0000000000,39.0000000000,0.0000000000,18.1500000000
2023-02-10 19:15:00,0.0000000000,39.0000000000,0.0000000000,16.8833300000
2023-02-10 19:30:00,0.0000000000,39.0000000000,0.0000000000,16.0333300000
2023-02-10 19:45:00,0.0000000000,38.0000000000,0.0000000000,16.1333300000
2023-02-10 20:00:00,0.0000000000,37.0000000000,0.0000000000,16.3833300000
2023-02-10 20:15:00,0.0000000000,37.0000000000,0.0000000000,16.2500000000
2023-02-10 20:30:00,0.0000000000,37.0000000000,0.0000000000,16.8000000000
2023-02-10 20:45:00,0.0000000000,37.0000000000,0.0000000000,16.2166700000
2023-02-10 21:00:00,0.0000000000,36.0000000000,0.0000000000,16.7166700000
2023-02-10 21:15:00,0.0000000000,36.0000000000,0.0000000000,17.1833300000
2023-02-10 21:30:00,0.0000000000,36.0000000000,0.0000000000,16.4333300000
2023-02-10 21:45:00,0.0000000000,34.0000000000,0.0000000000,15.9166700000
2023-02-10 22:00:00,0.0000000000,35.0000000000,0.0000000000,15.8833300000
2023-02-10 22:15:00,0.0000000000,34.0000000000,0.0000000000,15.3500000000
2023-02-10 22:30:00,0.0000000000,34.0000000000,0.0000000000,14.0500000000
2023-02-10 22:45:00,0.0000000000,35.0000000000,0.0000000000,13.1833300000
2023-02-10 23:00:00,0.0000000000,34.0000000000,0.0000000000,12.7666700000
2023-02-10 23:15:00,0.0000000000,34.0000000000,0.0000000000,12.4666700000
2023-02-10 23:30:00,0.0000000000,33.0000000000,0.0000000000,12.3000000000
2023-02-10 23:45:00,0.0000000000,33.0000000000,0.0000000000,13.7166700000
2023-02-11 00:00:00,0.0000000000,32.0000000000,0.0000000000,15.3500000000
2023-02-11 00:15:00,0.0000000000,32.0000000000,0.0000000000,15.9333300000
2023-02-11 00:30:00,0.0000000000,32.0000000000,0.0000000000,15.4666700000
2023-02-11 00:45:00,0.0000000000,32.0000000000,0.0000000000,15.0333300000
2023-02-11 01:00:00,0.0000000000,31.0000000000,0.0000000000,14.4166700000
2023-02-11 01:15:00,0.0000000000,32.0000000000,0.0000000000,12.9666700000
2023-02-11 01:30:00,0.0000000000,31.0000000000,0.0000000000,11.5333300000
2023-02-11 01:45:00,0.0000000000,32.0000000000,0.0000000000,10.4166700000
2023-02-11 02:00:00,0.0000000000,31.0000000000,0.0000000000,9.8666670000
2023-02-11 02:15:00,0.0000000000,32.0000000000,0.0000000000,9.8333330000
2023-02-11 02:30:00,0.0000000000,30.0000000000,0.0000000000,9.8666670000
2023-02-11 02:45:00,0.0000000000,30.0000000000,0.0000000000,10.0166700000
2023-02-11 03:00:00,0.0000000000,31.0000000000,0.0000000000,10.4166700000
2023-02-11 03:15:00,0.0000000000,30.0000000000,0.0000000000,9.7000000000
2023-02-11 03:30:00,0.0000000000,30.0000000000,0.0000000000,9.2333340000
2023-02-11 03:45:00,0.0000000000,30.0000000000,0.0000000000,8.7333340000
2023-02-11 04:00:00,0.0000000000,30.0000000000,0.0000000000,8.6166670000
2023-02-11 04:15:00,0.0000000000,30.0000000000,0.0000000000,9.5166660000
2023-02-11 04:30:00,0.0000000000,29.0000000000,0.0000000000,9.8500000000
2023-02-11 04:45:00,0.0000000000,28.0000000000,0.0000000000,8.9000000000
2023-02-11 05:00:00,0.0000000000,28.0000000000,0.0000000000,8.8500000000
2023-02-11 05:15:00,0.0000000000,29.0000000000,0.0000000000,8.9000000000
2023-02-11 05:30:00,0.0000000000,29.0000000000,0.0000000000,9.9000000000
2023-02-11 05:45:00,0.0000000000,29.0000000000,0.0000000000,10.3166700000
2023-02-11 06:00:00,0.0000000000,29.0000000000,0.0000000000,9.5833330000
2023-02-11 06:15:00,0.0000000000,29.0000000000,0.0000000000,9.2666660000
2023-02-11 06:30:00,0.0000000000,28.0000000000,0.0000000000,9.4166670000
2023-02-11 06:45:00,4.0000000000,29.0000000000,4.4853630000,8.7833340000
2023-02-11 07:00:00,16.0000000000,28.0000000000,25.8442300000,9.0333340000
2023-02-11 07:15:00,40.0000000000,28.0000000000,64.1478100000,10.2833300000
2023-02-11 07:30:00,68.0000000000,29.0000000000,109.4286000000,12.0666700000
2023-02-11 07:45:00,112.0000000000,28.0000000000,160.5475000000,14.3833300000
2023-02-11 08:00:00,156.0000000000,28.0000000000,222.4171000000,17.0500000000
2023-02-11 08:15:00,192.0000000000,29.0000000000,276.0278000000,19.4500000000
2023-02-11 08:30:00,236.0000000000,29.0000000000,339.6060000000,22.3000000000
2023-02-11 08:45:00,284.0000000000,29.0000000000,406.2457000000,27.3833300000
2023-02-11 09:00:00,328.0000000000,30.0000000000,466.2641000000,31.9500000000
2023-02-11 09:15:00,360.0000000000,31.0000000000,516.8847000000,36.1666700000
2023-02-11 09:30:00,400.0000000000,32.0000000000,570.1395000000,39.5500000000
2023-02-11 09:45:00,432.0000000000,33.0000000000,620.6176000000,42.7833300000
2023-02-11 10:00:00,468.0000000000,33.0000000000,670.0278000000,45.4333300000
2023-02-11 10:15:00,492.0000000000,35.0000000000,712.0336000000,47.9166700000
2023-02-11 10:30:00,516.0000000000,35.0000000000,755.4633000000,49.9666700000
2023-02-11 10:45:00,536.0000000000,36.0000000000,792.6989000000,52.1000000000
2023-02-11 11:00:00,556.0000000000,36.0000000000,825.6627000000,52.6000000000
2023-02-11 11:15:00,572.0000000000,37.0000000000,860.4065000000,54.6666700000
2023-02-11 11:30:00,584.0000000000,38.0000000000,887.5323000000,57.3000000000
2023-02-11 11:45:00,592.0000000000,38.0000000000,903.7650000000,58.7166700000
2023-02-11 12:00:00,600.0000000000,39.0000000000,927.4734000000,59.2666700000
2023-02-11 12:15:00,604.0000000000,41.0000000000,938.5088000000,59.4333300000
2023-02-11 12:30:00,600.0000000000,40.0000000000,930.3924000000,59.6666700000
2023-02-11 12:45:00,604.0000000000,41.0000000000,934.4506000000,60.3000000000
2023-02-11 13:00:00,596.0000000000,42.0000000000,923.3440000000,61.3833400000
2023-02-11 13:15:00,580.0000000000,42.0000000000,896.1470000000,59.9666700000
2023-02-11 13:30:00,568.0000000000,43.0000000000,873.4354000000,59.5166700000
2023-02-11 13:45:00,560.0000000000,43.0000000000,855.0668000000,58.8166700000
2023-02-11 14:00:00,536.0000000000,43.0000000000,822.9573000000,59.3833400000
2023-02-11 14:15:00,516.0000000000,43.0000000000,786.3624000000,56.5166700000
2023-02-11 14:30:00,488.0000000000,44.0000000000,741.2952000000,54.3500000000
2023-02-11 14:45:00,456.0000000000,44.0000000000,696.1568000000,53.2666700000
2023-02-11 15:00:00,416.0000000000,44.0000000000,639.3422000000,52.4333300000
2023-02-11 15:15:00,380.0000000000,44.0000000000,588.5793000000,50.7666700000
2023-02-11 15:30:00,344.0000000000,44.0000000000,530.4832000000,49.7500000000
2023-02-11 15:45:00,304.0000000000,43.0000000000,475.5909000000,47.5833300000
2023-02-11 16:00:00,264.0000000000,43.0000000000,421.1257000000,45.7000000000
2023-02-11 16:15:00,220.0000000000,44.0000000000,360.6801000000,43.5666700000
2023-02-11 16:30:00,180.0000000000,45.0000000000,301.5161000000,41.3000000000
2023-02-11 16:45:00,136.0000000000,44.0000000000,238.3650000000,38.9000000000
2023-02-11 17:00:00,100.0000000000,44.0000000000,177.7058000000,36.7666700000
2023-02-11 17:15:00,68.0000000000,43.0000000000,125.6613000000,34.3500000000
2023-02-11 17:30:00,40.0000000000,43.0000000000,77.9598700000,31.8500000000
2023-02-11 17:45:00,16.0000000000,43.0000000000,37.6628100000,29.2500000000
2023-02-11 18:00:00,8.0000000000,42.0000000000,10.3946500000,27.0166700000
2023-02-11 18:15:00,0.0000000000,40.0000000000,0.0000000000,24.3666700000
2023-02-11 18:30:00,0.0000000000,40.0000000000,0.0000000000,22.4666700000
2023-02-11 18:45:00,0.0000000000,40.0000000000,0.0000000000,21.6833300000
2023-02-11 19:00:00,0.0000000000,39.0000000000,0.0000000000,20.0333300000
2023-02-11 19:15:00,0.0000000000,39.0000000000,0.0000000000,18.8000000000
2023-02-11 19:30:00,0.0000000000,38.0000000000,0.0000000000,18.0666700000
2023-02-11 19:45:00,0.0000000000,38.0000000000,0.0000000000,17.9166700000
2023-02-11 20:00:00,0.0000000000,37.0000000000,0.0000000000,17.8000000000
2023-02-11 20:15:00,0.0000000000,38.0000000000,0.0000000000,17.6166700000
2023-02-11 20:30:00,0.0000000000,37.0000000000,0.0000000000,17.8333300000
2023-02-11 20:45:00,0.0000000000,36.0000000000,0.0000000000,17.6000000000
2023-02-11 21:00:00,0.0000000000,36.0000000000,0.0000000000,17.7333300000
2023-02-11 21:15:00,0.0000000000,36.0000000000,0.0000000000,17.8333300000
2023-02-11 21:30:00,0.0000000000,36.0000000000,0.0000000000,17.7166700000
2023-02-11 21:45:00,0.0000000000,36.0000000000,0.0000000000,17.4500000000
2023-02-11 22:00:00,0.0000000000,35.0000000000,0.0000000000,16.6833300000
2023-02-11 22:15:00,0.0000000000,35.0000000000,0.0000000000,15.3666700000
2023-02-11 22:30:00,0.0000000000,35.0000000000,0.0000000000,14.1333300000
2023-02-11 22:45:00,0.0000000000,36.0000000000,0.0000000000,13.3500000000
2023-02-11 23:00:00,0.0000000000,35.0000000000,0.0000000000,12.8166700000
2023-02-11 23:15:00,0.0000000000,34.0000000000,0.0000000000,12.8166700000
2023-02-11 23:30:00,0.0000000000,34.0000000000,0.0000000000,12.7333300000
2023-02-11 23:45:00,0.0000000000,34.0000000000,0.0000000000,12.5500000000
2023-02-12 00:00:00,0.0000000000,33.0000000000,0.0000000000,12.2500000000
2023-02-12 00:15:00,0.0000000000,33.0000000000,0.0000000000,13.2666700000
2023-02-12 00:30:00,0.0000000000,32.0000000000,0.0000000000,13.8333300000
2023-02-12 00:45:00,0.0000000000,34.0000000000,0.0000000000,13.9166700000
2023-02-12 01:00:00,0.0000000000,33.0000000000,0.0000000000,15.0666700000
2023-02-12 01:15:00,0.0000000000,33.0000000000,0.0000000000,14.6000000000
2023-02-12 01:30:00,0.0000000000,32.0000000000,0.0000000000,12.8500000000
2023-02-12 01:45:00,0.0000000000,31.0000000000,0.0000000000,11.7000000000
2023-02-12 02:00:00,0.0000000000,31.0000000000,0.0000000000,10.7500000000
2023-02-12 02:15:00,0.0000000000,32.0000000000,0.0000000000,9.9500000000
2023-02-12 02:30:00,0.0000000000,31.0000000000,0.0000000000,9.4666660000
2023-02-12 02:45:00,0.0000000000,32.0000000000,0.0000000000,9.1166670000
2023-02-12 03:00:00,0.0000000000,30.0000000000,0.0000000000,8.8500000000
2023-02-12 03:15:00,0.0000000000,30.0000000000,0.0000000000,8.5833330000
2023-02-12 03:30:00,0.0000000000,30.0000000000,0.0000000000,8.3666670000
2023-02-12 03:45:00,0.0000000000,30.0000000000,0.0000000000,8.5500000000
2023-02-12 04:00:00,0.0000000000,29.0000000000,0.0000000000,8.3833330000
2023-02-12 04:15:00,0.0000000000,29.0000000000,0.0000000000,8.1000000000
2023-02-12 04:30:00,0.0000000000,29.0000000000,0.0000000000,7.7500000000
2023-02-12 04:45:00,0.0000000000,29.0000000000,0.0000000000,7.6000000000
2023-02-12 05:00:00,0.0000000000,30.0000000000,0.0000000000,7.3500000000
2023-02-12 05:15:00,0.0000000000,29.0000000000,0.0000000000,7.1166670000
2023-02-12 05:30:00,0.0000000000,29.0000000000,0.0000000000,7.1000000000
2023-02-12 05:45:00,0.0000000000,29.0000000000,0.0000000000,7.1666670000
2023-02-12 06:00:00,0.0000000000,29.0000000000,0.0000000000,7.0333330000
2023-02-12 06:15:00,0.0000000000,29.0000000000,0.0000000000,7.2000000000
2023-02-12 06:30:00,0.0000000000,28.0000000000,0.0000000000,8.4000000000
2023-02-12 06:45:00,4.0000000000,28.0000000000,4.2717750000,8.0833330000
2023-02-12 07:00:00,16.0000000000,29.0000000000,23.9219400000,8.1166670000
2023-02-12 07:15:00,36.0000000000,29.0000000000,61.5847500000,9.4166670000
2023-02-12 07:30:00,72.0000000000,28.0000000000,106.6520000000,12.0000000000
2023-02-12 07:45:00,112.0000000000,29.0000000000,163.0394000000,14.4666700000
2023-02-12 08:00:00,152.0000000000,29.0000000000,222.7018000000,16.8500000000
2023-02-12 08:15:00,196.0000000000,29.0000000000,279.3740000000,19.1000000000
2023-02-12 08:30:00,236.0000000000,30.0000000000,339.1789000000,23.0666700000
2023-02-12 08:45:00,280.0000000000,30.0000000000,401.4044000000,27.8500000000
2023-02-12 09:00:00,320.0000000000,30.0000000000,460.7820000000,32.5166700000
2023-02-12 09:15:00,364.0000000000,32.0000000000,518.0238000000,35.9833300000
2023-02-12 09:30:00,396.0000000000,32.0000000000,570.8514000000,38.9000000000
2023-02-12 09:45:00,436.0000000000,33.0000000000,625.4589000000,41.6833300000
2023-02-12 10:00:00,468.0000000000,34.0000000000,674.3708000000,45.2666700000
2023-02-12 10:15:00,496.0000000000,35.0000000000,720.5771000000,47.9500000000
2023-02-12 10:30:00,520.0000000000,34.0000000000,761.0878000000,50.5333300000
2023-02-12 10:45:00,544.0000000000,36.0000000000,800.3168000000,51.8166700000
2023-02-12 11:00:00,556.0000000000,36.0000000000,831.9280000000,53.0333300000
2023-02-12 11:15:00,568.0000000000,38.0000000000,858.9114000000,55.7833300000
2023-02-12 11:30:00,584.0000000000,38.0000000000,883.4741000000,56.6666700000
2023-02-12 11:45:00,592.0000000000,39.0000000000,906.3281000000,57.4833300000
2023-02-12 12:00:00,600.0000000000,40.0000000000,923.6288000000,58.0500000000
2023-02-12 12:15:00,604.0000000000,43.0000000000,939.0783000000,58.6000000000
2023-02-12 12:30:00,596.0000000000,41.0000000000,926.7614000000,58.8500000000
2023-02-12 12:45:00,592.0000000000,41.0000000000,909.2471000000,58.4166700000
2023-02-12 13:00:00,584.0000000000,42.0000000000,890.1666000000,57.4666700000
2023-02-12 13:15:00,572.0000000000,42.0000000000,876.1409000000,57.2500000000
2023-02-12 13:30:00,564.0000000000,43.0000000000,860.1218000000,57.4666700000
2023-02-12 13:45:00,548.0000000000,43.0000000000,843.3194000000,59.3666600000
2023-02-12 14:00:00,528.0000000000,43.0000000000,806.2974000000,58.9500000000
2023-02-12 14:15:00,512.0000000000,43.0000000000,782.8738000000,57.5000000000
2023-02-12 14:30:00,488.0000000000,45.0000000000,748.4149000000,56.0666700000
2023-02-12 14:45:00,464.0000000000,44.0000000000,706.5515000000,55.8833400000
2023-02-12 15:00:00,428.0000000000,44.0000000000,663.6202000000,53.3666600000
2023-02-12 15:15:00,396.0000000000,44.0000000000,611.0061000000,52.4333300000
2023-02-12 15:30:00,360.0000000000,44.0000000000,559.3888000000,51.3500000000
2023-02-12 15:45:00,320.0000000000,44.0000000000,507.3444000000,49.9166700000
2023-02-12 16:00:00,280.0000000000,44.0000000000,447.2548000000,48.4833300000
2023-02-12 16:15:00,240.0000000000,45.0000000000,388.9450000000,47.0000000000
2023-02-12 16:30:00,192.0000000000,44.0000000000,328.1435000000,44.0333300000
2023-02-12 16:45:00,144.0000000000,44.0000000000,253.3162000000,41.0333300000
2023-02-12 17:00:00,104.0000000000,43.0000000000,191.0907000000,37.5833300000
2023-02-12 17:15:00,72.0000000000,43.0000000000,130.6451000000,34.8000000000
2023-02-12 17:30:00,40.0000000000,43.0000000000,81.6620900000,32.0333300000
2023-02-12 17:45:00,20.0000000000,43.0000000000,42.1481700000,29.4333300000
2023-02-12 18:00:00,8.0000000000,42.0000000000,11.4625900000,26.9000000000
2023-02-12 18:15:00,0.0000000000,42.0000000000,0.0000000000,24.5500000000
2023-02-12 18:30:00,0.0000000000,41.0000000000,0.0000000000,23.0666700000
2023-02-12 18:45:00,0.0000000000,40.0000000000,0.0000000000,22.1500000000
2023-02-12 19:00:00,0.0000000000,35.0000000000,0.0000000000,20.2833300000
2023-02-12 19:15:00,0.0000000000,39.0000000000,0.0000000000,18.2333300000
2023-02-12 19:30:00,0.0000000000,38.0000000000,0.0000000000,16.9500000000
2023-02-12 19:45:00,0.0000000000,38.0000000000,0.0000000000,16.1000000000
2023-02-12 20:00:00,0.0000000000,38.0000000000,0.0000000000,15.8333300000
2023-02-12 20:15:00,0.0000000000,37.0000000000,0.0000000000,15.5166700000
2023-02-12 20:30:00,0.0000000000,36.0000000000,0.0000000000,15.0500000000
2023-02-12 20:45:00,0.0000000000,36.0000000000,0.0000000000,14.9333300000
2023-02-12 21:00:00,0.0000000000,36.0000000000,0.0000000000,16.0666700000
2023-02-12 21:15:00,0.0000000000,36.0000000000,0.0000000000,16.3000000000
2023-02-12 21:30:00,0.0000000000,35.0000000000,0.0000000000,16.3833300000
2023-02-12 21:45:00,0.0000000000,35.0000000000,0.0000000000,15.7000000000
2023-02-12 22:00:00,0.0000000000,35.0000000000,0.0000000000,15.0666700000
2023-02-12 22:15:00,0.0000000000,35.0000000000,0.0000000000,15.0666700000
2023-02-12 22:30:00,0.0000000000,35.0000000000,0.0000000000,15.3166700000
2023-02-12 22:45:00,0.0000000000,34.0000000000,0.0000000000,15.7666700000
2023-02-12 23:00:00,0.0000000000,34.0000000000,0.0000000000,14.5166700000
2023-02-12 23:15:00,0.0000000000,35.0000000000,0.0000000000,13.1166700000
2023-02-12 23:30:00,0.0000000000,34.0000000000,0.0000000000,13.2000000000
2023-02-12 23:45:00,0.0000000000,34.0000000000,0.0000000000,13.5666700000
2023-02-13 00:00:00,0.0000000000,33.0000000000,0.0000000000,13.6833300000
2023-02-13 00:15:00,0.0000000000,34.0000000000,0.0000000000,14.5000000000
2023-02-13 00:30:00,0.0000000000,33.0000000000,0.0000000000,14.7833300000
2023-02-13 00:45:00,0.0000000000,33.0000000000,0.0000000000,13.7500000000
2023-02-13 01:00:00,0.0000000000,33.0000000000,0.0000000000,12.1333300000
2023-02-13 01:15:00,0.0000000000,32.0000000000,0.0000000000,11.2500000000
2023-02-13 01:30:00,0.0000000000,32.0000000000,0.0000000000,11.1333300000
2023-02-13 01:45:00,0.0000000000,31.0000000000,0.0000000000,10.5000000000
2023-02-13 02:00:00,0.0000000000,31.0000000000,0.0000000000,9.9666660000
2023-02-13 02:15:00,0.0000000000,31.0000000000,0.0000000000,9.5500000000
2023-02-13 02:30:00,0.0000000000,30.0000000000,0.0000000000,9.2000000000
2023-02-13 02:45:00,0.0000000000,30.0000000000,0.0000000000,8.9333330000
2023-02-13 03:00:00,0.0000000000,31.0000000000,0.0000000000,8.6333330000
2023-02-13 03:15:00,0.0000000000,30.0000000000,0.0000000000,8.4333330000
2023-02-13 03:30:00,0.0000000000,30.0000000000,0.0000000000,8.5500000000
2023-02-13 03:45:00,0.0000000000,30.0000000000,0.0000000000,8.4166670000
2023-02-13 04:00:00,0.0000000000,30.0000000000,0.0000000000,8.3833330000
2023-02-13 04:15:00,0.0000000000,30.0000000000,0.0000000000,8.2000000000
2023-02-13 04:30:00,0.0000000000,30.0000000000,0.0000000000,8.1000000000
2023-02-13 04:45:00,0.0000000000,30.0000000000,0.0000000000,7.9500000000
2023-02-13 05:00:00,0.0000000000,29.0000000000,0.0000000000,7.8500000000
2023-02-13 05:15:00,0.0000000000,29.0000000000,0.0000000000,7.9000000000
2023-02-13 05:30:00,0.0000000000,29.0000000000,0.0000000000,7.8500000000
2023-02-13 05:45:00,0.0000000000,29.0000000000,0.0000000000,7.6166670000
2023-02-13 06:00:00,0.0000000000,29.0000000000,0.0000000000,7.5500000000
2023-02-13 06:15:00,0.0000000000,28.0000000000,0.0000000000,7.7666670000
2023-02-13 06:30:00,0.0000000000,29.0000000000,0.0000000000,8.4833340000
2023-02-13 06:45:00,3.6000000000,28.0000000000,4.1293820000,8.1000000000
2023-02-13 07:00:00,16.4000000000,28.0000000000,23.0675800000,8.6833330000
2023-02-13 07:15:00,37.2000000000,28.0000000000,57.3129700000,10.1500000000
2023-02-13 07:30:00,68.0000000000,28.0000000000,101.5970000000,11.8333300000
2023-02-13 07:45:00,105.2000000000,28.0000000000,151.2920000000,14.1333300000
2023-02-13 08:00:00,145.2000000000,28.0000000000,207.4658000000,16.4000000000
2023-02-13 08:15:00,182.4000000000,29.0000000000,262.5005000000,18.6333300000
2023-02-13 08:30:00,223.6000000000,30.0000000000,323.1597000000,22.1166700000
2023-02-13 08:45:00,262.8000000000,30.0000000000,379.6895000000,27.0166700000
2023-02-13 09:00:00,304.0000000000,31.0000000000,430.4524000000,31.2500000000
2023-02-13 09:15:00,336.0000000000,31.0000000000,482.9241000000,34.7166700000
2023-02-13 09:30:00,376.0000000000,32.0000000000,535.8940000000,37.9500000000
2023-02-13 09:45:00,412.0000000000,32.0000000000,587.5825000000,40.7000000000
2023-02-13 10:00:00,444.0000000000,34.0000000000,633.0769000000,43.2500000000
2023-02-13 10:15:00,472.0000000000,34.0000000000,680.2089000000,45.7166700000
2023-02-13 10:30:00,496.0000000000,35.0000000000,720.2211000000,48.4500000000
2023-02-13 10:45:00,516.0000000000,36.0000000000,755.3921000000,51.2500000000
2023-02-13 11:00:00,536.0000000000,36.0000000000,789.8510000000,53.5500000000
2023-02-13 11:15:00,552.0000000000,37.0000000000,820.6078000000,54.9666700000
2023-02-13 11:30:00,564.0000000000,38.0000000000,848.3032000000,55.3666600000
2023-02-13 11:45:00,572.0000000000,38.0000000000,865.8174000000,56.9666700000
2023-02-13 12:00:00,576.0000000000,39.0000000000,886.1083000000,58.6500000000
2023-02-13 12:15:00,580.0000000000,40.0000000000,898.7813000000,58.9833300000
2023-02-13 12:30:00,588.0000000000,40.0000000000,907.7520000000,59.5500000000
2023-02-13 12:45:00,584.0000000000,40.0000000000,897.9269000000,60.0333300000
2023-02-13 13:00:00,580.0000000000,41.0000000000,888.8850000000,58.9000000000
2023-02-13 13:15:00,564.0000000000,42.0000000000,873.2219000000,56.9833300000
2023-02-13 13:30:00,552.0000000000,41.0000000000,840.2580000000,57.3166700000
2023-02-13 13:45:00,536.0000000000,42.0000000000,818.4719000000,57.3166700000
2023-02-13 14:00:00,524.0000000000,44.0000000000,800.9577000000,57.0666700000
2023-02-13 14:15:00,500.0000000000,43.0000000000,763.4373000000,56.7000000000
2023-02-13 14:30:00,468.0000000000,44.0000000000,721.0043000000,55.9500000000
2023-02-13 14:45:00,448.0000000000,43.0000000000,679.7104000000,55.5500000000
2023-02-13 15:00:00,416.0000000000,43.0000000000,638.6302000000,53.5666700000
2023-02-13 15:15:00,388.0000000000,44.0000000000,596.4109000000,51.3333300000
2023-02-13 15:30:00,352.0000000000,45.0000000000,544.9360000000,49.7833300000
2023-02-13 15:45:00,304.0000000000,44.0000000000,480.7882000000,48.6166600000
2023-02-13 16:00:00,268.0000000000,43.0000000000,425.9671000000,46.2666700000
2023-02-13 16:15:00,224.0000000000,44.0000000000,367.1590000000,44.1000000000
2023-02-13 16:30:00,188.0000000000,44.0000000000,311.4835000000,41.6833300000
2023-02-13 16:45:00,140.0000000000,43.0000000000,248.1189000000,39.1833300000
2023-02-13 17:00:00,104.0000000000,43.0000000000,183.0455000000,36.7333300000
2023-02-13 17:15:00,68.0000000000,42.0000000000,127.6549000000,34.2666700000
2023-02-13 17:30:00,44.0000000000,44.0000000000,79.5973900000,31.6833300000
2023-02-13 17:45:00,20.0000000000,42.0000000000,41.2938200000,28.9500000000
2023-02-13 18:00:00,8.0000000000,42.0000000000,11.3914000000,26.3666700000
2023-02-13 18:15:00,0.0000000000,41.0000000000,0.0000000000,23.5500000000
2023-02-13 18:30:00,0.0000000000,41.0000000000,0.0000000000,21.0000000000
2023-02-13 18:45:00,0.0000000000,39.0000000000,0.0000000000,19.1166700000
2023-02-13 19:00:00,0.0000000000,39.0000000000,0.0000000000,17.8166700000
2023-02-13 19:15:00,0.0000000000,39.0000000000,0.0000000000,16.9666700000
2023-02-13 19:30:00,0.0000000000,38.0000000000,0.0000000000,16.9500000000
2023-02-13 19:45:00,0.0000000000,38.0000000000,0.0000000000,17.5166700000
2023-02-13 20:00:00,0.0000000000,37.0000000000,0.0000000000,17.1333300000
2023-02-13 20:15:00,0.0000000000,37.0000000000,0.0000000000,16.4166700000
2023-02-13 20:30:00,0.0000000000,36.0000000000,0.0000000000,15.8333300000
2023-02-13 20:45:00,0.0000000000,36.0000000000,0.0000000000,15.3833300000
2023-02-13 21:00:00,0.0000000000,35.0000000000,0.0000000000,16.5833300000
2023-02-13 21:15:00,0.0000000000,34.0000000000,0.0000000000,16.6666700000
2023-02-13 21:30:00,0.0000000000,36.0000000000,0.0000000000,16.2500000000
2023-02-13 21:45:00,0.0000000000,35.0000000000,0.0000000000,15.7833300000
2023-02-13 22:00:00,0.0000000000,34.0000000000,0.0000000000,15.3333300000
2023-02-13 22:15:00,0.0000000000,35.0000000000,0.0000000000,14.9333300000
2023-02-13 22:30:00,0.0000000000,34.0000000000,0.0000000000,15.4833300000
2023-02-13 22:45:00,0.0000000000,34.0000000000,0.0000000000,15.3333300000
2023-02-13 23:00:00,0.0000000000,35.0000000000,0.0000000000,14.0666700000
2023-02-13 23:15:00,0.0000000000,33.0000000000,0.0000000000,13.1166700000
2023-02-13 23:30:00,0.0000000000,34.0000000000,0.0000000000,13.1333300000
2023-02-13 23:45:00,0.0000000000,33.0000000000,0.0000000000,12.5500000000
2023-02-14 00:00:00,0.0000000000,33.0000000000,0.0000000000,11.8833300000
2023-02-14 00:15:00,0.0000000000,33.0000000000,0.0000000000,11.4166700000
2023-02-14 00:30:00,0.0000000000,33.0000000000,0.0000000000,11.3166700000
2023-02-14 00:45:00,0.0000000000,32.0000000000,0.0000000000,11.2833300000
2023-02-14 01:00:00,0.0000000000,32.0000000000,0.0000000000,10.8333300000
2023-02-14 01:15:00,0.0000000000,32.0000000000,0.0000000000,10.7333300000
2023-02-14 01:30:00,0.0000000000,32.0000000000,0.0000000000,10.6500000000
2023-02-14 01:45:00,0.0000000000,31.0000000000,0.0000000000,10.2000000000
2023-02-14 02:00:00,0.0000000000,31.0000000000,0.0000000000,9.7500000000
2023-02-14 02:15:00,0.0000000000,30.0000000000,0.0000000000,9.5500000000
2023-02-14 02:30:00,0.0000000000,30.0000000000,0.0000000000,9.5166660000
2023-02-14 02:45:00,0.0000000000,30.0000000000,0.0000000000,9.1166670000
2023-02-14 03:00:00,0.0000000000,30.0000000000,0.0000000000,8.8500000000
2023-02-14 03:15:00,0.0000000000,31.0000000000,0.0000000000,8.5666670000
2023-02-14 03:30:00,0.0000000000,29.0000000000,0.0000000000,8.4333330000
2023-02-14 03:45:00,0.0000000000,30.0000000000,0.0000000000,9.4500000000
2023-02-14 04:00:00,0.0000000000,29.0000000000,0.0000000000,9.6500000000
2023-02-14 04:15:00,0.0000000000,30.0000000000,0.0000000000,8.8500000000
2023-02-14 04:30:00,0.0000000000,30.0000000000,0.0000000000,8.3333330000
2023-02-14 04:45:00,0.0000000000,28.0000000000,0.0000000000,7.9500000000
2023-02-14 05:00:00,0.0000000000,29.0000000000,0.0000000000,7.7166670000
2023-02-14 05:15:00,0.0000000000,29.0000000000,0.0000000000,8.1666670000
2023-02-14 05:30:00,0.0000000000,28.0000000000,0.0000000000,8.2333340000
2023-02-14 05:45:00,0.0000000000,28.0000000000,0.0000000000,7.9333330000
2023-02-14 06:00:00,0.0000000000,28.0000000000,0.0000000000,7.7000000000
2023-02-14 06:15:00,0.0000000000,27.0000000000,0.0000000000,7.7666670000
2023-02-14 06:30:00,0.0000000000,28.0000000000,0.0000000000,8.2000000000
2023-02-14 06:45:00,4.0000000000,28.0000000000,3.5598110000,8.2500000000
2023-02-14 07:00:00,14.4000000000,28.0000000000,18.9382000000,9.3000000000
2023-02-14 07:15:00,34.8000000000,27.0000000000,51.3324900000,10.3166700000
2023-02-14 07:30:00,65.2000000000,29.0000000000,95.1181600000,11.8166700000
2023-02-14 07:45:00,100.0000000000,28.0000000000,142.1789000000,14.1333300000
2023-02-14 08:00:00,138.0000000000,28.0000000000,193.5114000000,16.2333300000
2023-02-14 08:15:00,178.8000000000,30.0000000000,250.3972000000,18.0666700000
2023-02-14 08:30:00,213.2000000000,29.0000000000,303.0824000000,20.5166700000
2023-02-14 08:45:00,249.6000000000,30.0000000000,348.9327000000,24.4833300000
2023-02-14 09:00:00,288.0000000000,30.0000000000,405.5338000000,28.0500000000
2023-02-14 09:15:00,316.0000000000,30.0000000000,448.0379000000,32.5500000000
2023-02-14 09:30:00,356.0000000000,31.0000000000,505.7781000000,36.0333300000
2023-02-14 09:45:00,408.0000000000,32.0000000000,581.4597000000,39.2000000000
2023-02-14 10:00:00,440.0000000000,33.0000000000,626.9540000000,42.3166700000
2023-02-14 10:15:00,456.0000000000,35.0000000000,662.1962000000,44.5666700000
2023-02-14 10:30:00,488.0000000000,35.0000000000,703.7748000000,46.2333300000
2023-02-14 10:45:00,516.0000000000,36.0000000000,753.2562000000,47.5000000000
2023-02-14 11:00:00,536.0000000000,37.0000000000,796.9706000000,50.4500000000
2023-02-14 11:15:00,556.0000000000,36.0000000000,834.2775000000,53.7333300000
2023-02-14 11:30:00,568.0000000000,37.0000000000,853.2157000000,55.3333300000
2023-02-14 11:45:00,576.0000000000,38.0000000000,872.2963000000,54.7500000000
2023-02-14 12:00:00,588.0000000000,38.0000000000,893.0856000000,55.5666700000
2023-02-14 12:15:00,592.0000000000,40.0000000000,908.0368000000,58.7666700000
2023-02-14 12:30:00,584.0000000000,38.0000000000,902.2699000000,61.0833300000
2023-02-14 12:45:00,580.0000000000,41.0000000000,899.5645000000,61.5000000000
2023-02-14 13:00:00,576.0000000000,41.0000000000,890.4513000000,61.2333300000
2023-02-14 13:15:00,580.0000000000,42.0000000000,900.4188000000,61.4500000000
2023-02-14 13:30:00,540.0000000000,42.0000000000,847.5200000000,61.4833300000
2023-02-14 13:45:00,560.0000000000,43.0000000000,858.1995000000,60.9666700000
2023-02-14 14:00:00,564.0000000000,42.0000000000,876.8528000000,59.3333300000
2023-02-14 14:15:00,524.0000000000,43.0000000000,811.3523000000,59.2666700000
2023-02-14 14:30:00,496.0000000000,43.0000000000,771.5536000000,57.8500000000
2023-02-14 14:45:00,472.0000000000,43.0000000000,734.0332000000,56.4166700000
2023-02-14 15:00:00,440.0000000000,43.0000000000,689.1084000000,56.7333300000
2023-02-14 15:15:00,396.0000000000,44.0000000000,623.0383000000,54.8833400000
2023-02-14 15:30:00,356.0000000000,44.0000000000,563.4470000000,51.1333400000
2023-02-14 15:45:00,320.0000000000,42.0000000000,509.6938000000,48.2166700000
2023-02-14 16:00:00,284.0000000000,44.0000000000,453.0929000000,45.5500000000
2023-02-14 16:15:00,232.0000000000,44.0000000000,386.5956000000,43.3833400000
2023-02-14 16:30:00,184.0000000000,44.0000000000,311.9107000000,41.1500000000
2023-02-14 16:45:00,140.0000000000,44.0000000000,246.7662000000,38.7500000000
2023-02-14 17:00:00,100.0000000000,44.0000000000,177.6346000000,36.2666700000
2023-02-14 17:15:00,64.0000000000,43.0000000000,116.9042000000,33.2000000000
2023-02-14 17:30:00,40.0000000000,43.0000000000,77.2479200000,30.3000000000
2023-02-14 17:45:00,20.0000000000,42.0000000000,39.3715200000,27.6000000000
2023-02-14 18:00:00,8.0000000000,42.0000000000,10.0386700000,25.1500000000
2023-02-14 18:15:00,0.0000000000,41.0000000000,0.0000000000,23.4666700000
2023-02-14 18:30:00,0.0000000000,43.0000000000,0.0000000000,22.2166700000
2023-02-14 18:45:00,0.0000000000,39.0000000000,0.0000000000,19.8166700000
2023-02-14 19:00:00,0.0000000000,39.0000000000,0.0000000000,17.6500000000
2023-02-14 19:15:00,0.0000000000,38.0000000000,0.0000000000,16.5833300000
2023-02-14 19:30:00,0.0000000000,37.0000000000,0.0000000000,16.0166700000
2023-02-14 19:45:00,0.0000000000,37.0000000000,0.0000000000,15.6500000000
2023-02-14 20:00:00,0.0000000000,37.0000000000,0.0000000000,15.3500000000
2023-02-14 20:15:00,0.0000000000,36.0000000000,0.0000000000,15.2166700000
2023-02-14 20:30:00,0.0000000000,37.0000000000,0.0000000000,15.9166700000
2023-02-14 20:45:00,0.0000000000,36.0000000000,0.0000000000,17.1000000000
2023-02-14 21:00:00,0.0000000000,35.0000000000,0.0000000000,17.1666700000
2023-02-14 21:15:00,0.0000000000,35.0000000000,0.0000000000,17.4666700000
2023-02-14 21:30:00,0.0000000000,35.0000000000,0.0000000000,17.5833300000
2023-02-14 21:45:00,0.0000000000,34.0000000000,0.0000000000,17.8333300000
2023-02-14 22:00:00,0.0000000000,35.0000000000,0.0000000000,16.9166700000
2023-02-14 22:15:00,0.0000000000,34.0000000000,0.0000000000,16.0000000000
2023-02-14 22:30:00,0.0000000000,34.0000000000,0.0000000000,14.7000000000
2023-02-14 22:45:00,0.0000000000,33.0000000000,0.0000000000,14.4833300000
2023-02-14 23:00:00,0.0000000000,34.0000000000,0.0000000000,14.0000000000
2023-02-14 23:15:00,0.0000000000,33.0000000000,0.0000000000,13.2166700000
2023-02-14 23:30:00,0.0000000000,32.0000000000,0.0000000000,12.7333300000
2023-02-14 23:45:00,0.0000000000,33.0000000000,0.0000000000,12.4833300000
2023-02-15 00:00:00,0.0000000000,32.0000000000,0.0000000000,12.1500000000
2023-02-15 00:15:00,0.0000000000,33.0000000000,0.0000000000,11.7833300000
2023-02-15 00:30:00,0.0000000000,33.0000000000,0.0000000000,11.4833300000
2023-02-15 00:45:00,0.0000000000,31.0000000000,0.0000000000,11.2666700000
2023-02-15 01:00:00,0.0000000000,33.0000000000,0.0000000000,11.3166700000
2023-02-15 01:15:00,0.0000000000,32.0000000000,0.0000000000,11.1000000000
2023-02-15 01:30:00,0.0000000000,33.0000000000,0.0000000000,10.8166700000
2023-02-15 01:45:00,0.0000000000,31.0000000000,0.0000000000,10.7166700000
2023-02-15 02:00:00,0.0000000000,31.0000000000,0.0000000000,11.0833300000
2023-02-15 02:15:00,0.0000000000,31.0000000000,0.0000000000,11.3000000000
2023-02-15 02:30:00,0.0000000000,31.0000000000,0.0000000000,11.4333300000
2023-02-15 02:45:00,0.0000000000,31.0000000000,0.0000000000,12.0166700000
2023-02-15 03:00:00,0.0000000000,31.0000000000,0.0000000000,13.0500000000
2023-02-15 03:15:00,0.0000000000,31.0000000000,0.0000000000,13.1833300000
2023-02-15 03:30:00,0.0000000000,31.0000000000,0.0000000000,12.5500000000
2023-02-15 03:45:00,0.0000000000,30.0000000000,0.0000000000,11.4833300000
2023-02-15 04:00:00,0.0000000000,31.0000000000,0.0000000000,10.9833300000
2023-02-15 04:15:00,0.0000000000,30.0000000000,0.0000000000,10.2500000000
2023-02-15 04:30:00,0.0000000000,30.0000000000,0.0000000000,9.5500000000
2023-02-15 04:45:00,0.0000000000,29.0000000000,0.0000000000,9.0000000000
2023-02-15 05:00:00,0.0000000000,30.0000000000,0.0000000000,8.8666670000
2023-02-15 05:15:00,0.0000000000,29.0000000000,0.0000000000,8.7833340000
2023-02-15 05:30:00,0.0000000000,29.0000000000,0.0000000000,8.6166670000
2023-02-15 05:45:00,0.0000000000,28.0000000000,0.0000000000,8.5333340000
2023-02-15 06:00:00,0.0000000000,29.0000000000,0.0000000000,8.3500000000
2023-02-15 06:15:00,0.0000000000,28.0000000000,0.0000000000,8.7833340000
2023-02-15 06:30:00,0.0000000000,29.0000000000,0.0000000000,9.5000000000
2023-02-15 06:45:00,3.2000000000,28.0000000000,2.8478500000,9.2500000000
2023-02-15 07:00:00,14.4000000000,29.0000000000,18.0838500000,9.6833330000
2023-02-15 07:15:00,31.6000000000,29.0000000000,43.3585100000,10.5666700000
2023-02-15 07:30:00,52.8000000000,30.0000000000,75.6104000000,11.6166700000
2023-02-15 07:45:00,79.6000000000,28.0000000000,114.1988000000,13.3666700000
2023-02-15 08:00:00,108.4000000000,29.0000000000,154.7094000000,15.5500000000
2023-02-15 08:15:00,138.8000000000,30.0000000000,199.8479000000,17.6333300000
2023-02-15 08:30:00,172.8000000000,30.0000000000,249.4004000000,20.2000000000
2023-02-15 08:45:00,203.6000000000,29.0000000000,295.6779000000,24.2666700000
2023-02-15 09:00:00,240.0000000000,30.0000000000,338.0397000000,28.0500000000
2023-02-15 09:15:00,268.0000000000,31.0000000000,378.2656000000,31.2333300000
2023-02-15 09:30:00,292.0000000000,30.0000000000,413.9349000000,33.5333300000
2023-02-15 09:45:00,316.0000000000,32.0000000000,449.3907000000,36.2500000000
2023-02-15 10:00:00,344.0000000000,32.0000000000,489.3317000000,38.8500000000
2023-02-15 10:15:00,376.0000000000,33.0000000000,528.5609000000,40.9333300000
2023-02-15 10:30:00,396.0000000000,33.0000000000,564.8709000000,42.4166700000
2023-02-15 10:45:00,428.0000000000,35.0000000000,609.7958000000,44.2500000000
2023-02-15 11:00:00,436.0000000000,35.0000000000,638.7014000000,47.2000000000
2023-02-15 11:15:00,456.0000000000,36.0000000000,664.2609000000,49.2333300000
2023-02-15 11:30:00,464.0000000000,36.0000000000,693.4514000000,50.8333300000
2023-02-15 11:45:00,484.0000000000,37.0000000000,709.2569000000,51.8666600000
2023-02-15 12:00:00,484.0000000000,38.0000000000,725.7032000000,53.5333300000
2023-02-15 12:15:00,500.0000000000,38.0000000000,751.2627000000,54.7666700000
2023-02-15 12:30:00,500.0000000000,40.0000000000,746.6349000000,56.1333400000
2023-02-15 12:45:00,488.0000000000,39.0000000000,735.5283000000,55.2333300000
2023-02-15 13:00:00,476.0000000000,41.0000000000,718.6548000000,55.1500000000
2023-02-15 13:15:00,464.0000000000,40.0000000000,703.0629000000,56.2333300000
2023-02-15 13:30:00,456.0000000000,42.0000000000,689.6779000000,56.7833300000
2023-02-15 13:45:00,440.0000000000,42.0000000000,668.8886000000,56.1166600000
2023-02-15 14:00:00,416.0000000000,42.0000000000,638.5590000000,55.4500000000
2023-02-15 14:15:00,392.0000000000,42.0000000000,595.6277000000,53.5000000000
2023-02-15 14:30:00,376.0000000000,43.0000000000,572.4890000000,51.6833300000
2023-02-15 14:45:00,340.0000000000,44.0000000000,524.1467000000,51.2000000000
2023-02-15 15:00:00,304.0000000000,43.0000000000,470.1800000000,49.1333400000
2023-02-15 15:15:00,268.0000000000,42.0000000000,420.7697000000,46.6333400000
2023-02-15 15:30:00,244.0000000000,43.0000000000,382.8222000000,45.0000000000
2023-02-15 15:45:00,212.0000000000,44.0000000000,337.3990000000,43.8000000000
2023-02-15 16:00:00,168.0000000000,43.0000000000,267.7691000000,42.0000000000
2023-02-15 16:15:00,132.0000000000,43.0000000000,219.5692000000,39.4166700000
2023-02-15 16:30:00,100.0000000000,42.0000000000,169.2335000000,37.5833300000
2023-02-15 16:45:00,72.0000000000,43.0000000000,118.3281000000,35.6833300000
2023-02-15 17:00:00,44.0000000000,42.0000000000,77.3903100000,33.7000000000
2023-02-15 17:15:00,32.0000000000,43.0000000000,45.2096100000,31.7666700000
2023-02-15 17:30:00,20.0000000000,42.0000000000,32.1807000000,30.2500000000
2023-02-15 17:45:00,12.0000000000,42.0000000000,17.5854700000,29.0166700000
2023-02-15 18:00:00,0.0000000000,42.0000000000,3.9869890000,28.2000000000
2023-02-15 18:15:00,0.0000000000,41.0000000000,0.0000000000,27.9333300000
2023-02-15 18:30:00,0.0000000000,41.0000000000,0.0000000000,27.7500000000
2023-02-15 18:45:00,0.0000000000,41.0000000000,0.0000000000,27.6500000000
2023-02-15 19:00:00,0.0000000000,41.0000000000,0.0000000000,27.4166700000
2023-02-15 19:15:00,0.0000000000,41.0000000000,0.0000000000,27.1333300000
2023-02-15 19:30:00,0.0000000000,41.0000000000,0.0000000000,27.3833300000
2023-02-15 19:45:00,0.0000000000,40.0000000000,0.0000000000,26.9000000000
2023-02-15 20:00:00,0.0000000000,40.0000000000,0.0000000000,26.5166700000
2023-02-15 20:15:00,0.0000000000,40.0000000000,0.0000000000,25.8500000000
2023-02-15 20:30:00,0.0000000000,39.0000000000,0.0000000000,24.2166700000
2023-02-15 20:45:00,0.0000000000,38.0000000000,0.0000000000,24.0000000000
2023-02-15 21:00:00,0.0000000000,38.0000000000,0.0000000000,23.4833300000
2023-02-15 21:15:00,0.0000000000,38.0000000000,0.0000000000,23.1166700000
2023-02-15 21:30:00,0.0000000000,38.0000000000,0.0000000000,23.0500000000
2023-02-15 21:45:00,0.0000000000,36.0000000000,0.0000000000,23.1833300000
2023-02-15 22:00:00,0.0000000000,36.0000000000,0.0000000000,23.3166700000
2023-02-15 22:15:00,0.0000000000,36.0000000000,0.0000000000,23.3666700000
2023-02-15 22:30:00,0.0000000000,36.0000000000,0.0000000000,22.4000000000
2023-02-15 22:45:00,0.0000000000,37.0000000000,0.0000000000,21.8666700000
2023-02-15 23:00:00,0.0000000000,36.0000000000,0.0000000000,21.7833300000
2023-02-15 23:15:00,0.0000000000,36.0000000000,0.0000000000,21.7166700000
2023-02-15 23:30:00,0.0000000000,36.0000000000,0.0000000000,21.6166700000
2023-02-15 23:45:00,0.0000000000,36.0000000000,0.0000000000,21.5166700000
2023-02-16 00:00:00,0.0000000000,36.0000000000,0.0000000000,21.4500000000
2023-02-16 00:15:00,0.0000000000,35.0000000000,0.0000000000,20.8166700000
2023-02-16 00:30:00,0.0000000000,36.0000000000,0.0000000000,20.8833300000
2023-02-16 00:45:00,0.0000000000,36.0000000000,0.0000000000,21.1000000000
2023-02-16 01:00:00,0.0000000000,34.0000000000,0.0000000000,21.2000000000
2023-02-16 01:15:00,0.0000000000,35.0000000000,0.0000000000,21.3333300000
2023-02-16 01:30:00,0.0000000000,35.0000000000,0.0000000000,21.3333300000
2023-02-16 01:45:00,0.0000000000,34.0000000000,0.0000000000,21.3500000000
2023-02-16 02:00:00,0.0000000000,36.0000000000,0.0000000000,21.5833300000
2023-02-16 02:15:00,0.0000000000,34.0000000000,0.0000000000,21.6833300000
2023-02-16 02:30:00,0.0000000000,34.0000000000,0.0000000000,21.4333300000
2023-02-16 02:45:00,0.0000000000,35.0000000000,0.0000000000,21.2166700000
2023-02-16 03:00:00,0.0000000000,35.0000000000,0.0000000000,21.1000000000
2023-02-16 03:15:00,0.0000000000,34.0000000000,0.0000000000,20.9500000000
2023-02-16 03:30:00,0.0000000000,35.0000000000,0.0000000000,20.6666700000
2023-02-16 03:45:00,0.0000000000,35.0000000000,0.0000000000,20.6500000000
2023-02-16 04:00:00,0.0000000000,34.0000000000,0.0000000000,21.0166700000
2023-02-16 04:15:00,0.0000000000,35.0000000000,0.0000000000,21.3000000000
2023-02-16 04:30:00,0.0000000000,35.0000000000,0.0000000000,21.3333300000
2023-02-16 04:45:00,0.0000000000,34.0000000000,0.0000000000,21.3166700000
2023-02-16 05:00:00,0.0000000000,35.0000000000,0.0000000000,21.5000000000
2023-02-16 05:15:00,0.0000000000,36.0000000000,0.0000000000,21.7500000000
2023-02-16 05:30:00,0.0000000000,34.0000000000,0.0000000000,21.8666700000
2023-02-16 05:45:00,0.0000000000,35.0000000000,0.0000000000,21.8000000000
2023-02-16 06:00:00,0.0000000000,35.0000000000,0.0000000000,21.7833300000
2023-02-16 06:15:00,0.0000000000,34.0000000000,0.0000000000,21.7833300000
2023-02-16 06:30:00,0.0000000000,34.0000000000,0.0000000000,21.5833300000
2023-02-16 06:45:00,3.2000000000,35.0000000000,3.8445970000,21.0833300000
2023-02-16 07:00:00,13.2000000000,35.0000000000,17.7990600000,20.6666700000
2023-02-16 07:15:00,23.2000000000,34.0000000000,35.9541000000,21.2666700000
2023-02-16 07:30:00,31.2000000000,34.0000000000,48.6982300000,22.1500000000
2023-02-16 07:45:00,42.8000000000,35.0000000000,58.5233100000,23.3333300000
2023-02-16 08:00:00,89.6000000000,35.0000000000,133.3505000000,25.1666700000
2023-02-16 08:15:00,96.4000000000,35.0000000000,153.9975000000,28.0000000000
2023-02-16 08:30:00,95.6000000000,35.0000000000,139.4734000000,28.9500000000
2023-02-16 08:45:00,98.0000000000,35.0000000000,140.9686000000,29.1833300000
2023-02-16 09:00:00,100.0000000000,35.0000000000,150.6512000000,29.2166700000
2023-02-16 09:15:00,128.0000000000,35.0000000000,181.4792000000,29.9166700000
2023-02-16 09:30:00,296.0000000000,36.0000000000,374.2074000000,33.1166600000
2023-02-16 09:45:00,312.0000000000,36.0000000000,535.1108000000,40.5000000000
2023-02-16 10:00:00,384.0000000000,37.0000000000,554.9747000000,44.5833300000
2023-02-16 10:15:00,396.0000000000,37.0000000000,634.2872000000,48.0000000000
2023-02-16 10:30:00,448.0000000000,37.0000000000,690.6747000000,49.5666700000
2023-02-16 10:45:00,452.0000000000,39.0000000000,704.4868000000,51.3333300000
2023-02-16 11:00:00,424.0000000000,39.0000000000,664.0473000000,53.1166600000
2023-02-16 11:15:00,424.0000000000,42.0000000000,652.1575000000,52.0666700000
2023-02-16 11:30:00,444.0000000000,40.0000000000,687.1861000000,53.4000000000
2023-02-16 11:45:00,444.0000000000,40.0000000000,670.8821000000,55.4666700000
2023-02-16 12:00:00,296.0000000000,41.0000000000,497.2345000000,50.2333300000
2023-02-16 12:15:00,536.0000000000,39.0000000000,788.7120000000,51.1666700000
2023-02-16 12:30:00,544.0000000000,40.0000000000,864.8207000000,56.8666600000
2023-02-16 12:45:00,456.0000000000,40.0000000000,794.4076000000,59.1500000000
2023-02-16 13:00:00,536.0000000000,42.0000000000,794.0516000000,57.9833300000
2023-02-16 13:15:00,508.0000000000,42.0000000000,785.3657000000,58.3833400000
2023-02-16 13:30:00,344.0000000000,42.0000000000,630.8699000000,55.4333300000
2023-02-16 13:45:00,376.0000000000,42.0000000000,573.4145000000,49.1000000000
2023-02-16 14:00:00,436.0000000000,41.0000000000,690.4611000000,51.3833400000
2023-02-16 14:15:00,304.0000000000,43.0000000000,450.1026000000,46.8333300000
2023-02-16 14:30:00,272.0000000000,43.0000000000,454.5168000000,46.4333300000
2023-02-16 14:45:00,300.0000000000,43.0000000000,485.8431000000,44.0500000000
2023-02-16 15:00:00,288.0000000000,42.0000000000,424.9703000000,44.4666700000
2023-02-16 15:15:00,360.0000000000,41.0000000000,574.1976000000,45.2333300000
2023-02-16 15:30:00,160.0000000000,42.0000000000,315.0433000000,43.6166600000
2023-02-16 15:45:00,168.0000000000,42.0000000000,242.3520000000,37.8000000000
2023-02-16 16:00:00,120.0000000000,41.0000000000,194.0809000000,36.3000000000
2023-02-16 16:15:00,72.0000000000,41.0000000000,120.3929000000,33.5166700000
2023-02-16 16:30:00,104.0000000000,42.0000000000,143.0332000000,32.2833300000
2023-02-16 16:45:00,104.0000000000,41.0000000000,171.5118000000,33.2166700000
2023-02-16 17:00:00,52.0000000000,40.0000000000,80.4517500000,32.1833300000
2023-02-16 17:15:00,56.0000000000,40.0000000000,77.7462900000,30.8333300000
2023-02-16 17:30:00,32.0000000000,40.0000000000,57.9537400000,30.1833300000
2023-02-16 17:45:00,20.0000000000,40.0000000000,29.9024200000,28.8500000000
2023-02-16 18:00:00,8.0000000000,40.0000000000,15.0936100000,27.8000000000
2023-02-16 18:15:00,0.0000000000,41.0000000000,0.9255510000,26.7500000000
2023-02-16 18:30:00,0.0000000000,40.0000000000,0.0000000000,25.8000000000
2023-02-16 18:45:00,0.0000000000,40.0000000000,0.0000000000,25.5000000000
2023-02-16 19:00:00,0.0000000000,39.0000000000,0.0000000000,25.3500000000
2023-02-16 19:15:00,0.0000000000,40.0000000000,0.0000000000,24.4500000000
2023-02-16 19:30:00,0.0000000000,39.0000000000,0.0000000000,24.5333300000
2023-02-16 19:45:00,0.0000000000,39.0000000000,0.0000000000,24.4500000000
2023-02-16 20:00:00,0.0000000000,38.0000000000,0.0000000000,24.3000000000
2023-02-16 20:15:00,0.0000000000,38.0000000000,0.0000000000,24.3166700000
2023-02-16 20:30:00,0.0000000000,38.0000000000,0.0000000000,24.4166700000
2023-02-16 20:45:00,0.0000000000,37.0000000000,0.0000000000,23.0666700000
2023-02-16 21:00:00,0.0000000000,36.0000000000,0.0000000000,21.6833300000
2023-02-16 21:15:00,0.0000000000,34.0000000000,0.0000000000,20.9333300000
2023-02-16 21:30:00,0.0000000000,34.0000000000,0.0000000000,20.8000000000
2023-02-16 21:45:00,0.0000000000,35.0000000000,0.0000000000,20.5833300000
2023-02-16 22:00:00,0.0000000000,34.0000000000,0.0000000000,20.1833300000
2023-02-16 22:15:00,0.0000000000,33.0000000000,0.0000000000,19.9000000000
2023-02-16 22:30:00,0.0000000000,34.0000000000,0.0000000000,20.0333300000
2023-02-16 22:45:00,0.0000000000,34.0000000000,0.0000000000,20.1166700000
2023-02-16 23:00:00,0.0000000000,34.0000000000,0.0000000000,20.0000000000
2023-02-16 23:15:00,0.0000000000,34.0000000000,0.0000000000,19.8000000000
2023-02-16 23:30:00,0.0000000000,34.0000000000,0.0000000000,19.3333300000
2023-02-16 23:45:00,0.0000000000,34.0000000000,0.0000000000,19.1833300000
2023-02-17 00:00:00,0.0000000000,33.0000000000,0.0000000000,18.6333300000
2023-02-17 00:15:00,0.0000000000,32.0000000000,0.0000000000,18.1000000000
2023-02-17 00:30:00,0.0000000000,33.0000000000,0.0000000000,17.8666700000
2023-02-17 00:45:00,0.0000000000,33.0000000000,0.0000000000,17.6666700000
2023-02-17 01:00:00,0.0000000000,32.0000000000,0.0000000000,17.6666700000
2023-02-17 01:15:00,0.0000000000,32.0000000000,0.0000000000,17.6333300000
2023-02-17 01:30:00,0.0000000000,32.0000000000,0.0000000000,17.5166700000
2023-02-17 01:45:00,0.0000000000,32.0000000000,0.0000000000,17.7166700000
2023-02-17 02:00:00,0.0000000000,32.0000000000,0.0000000000,18.0000000000
2023-02-17 02:15:00,0.0000000000,33.0000000000,0.0000000000,18.3166700000
2023-02-17 02:30:00,0.0000000000,33.0000000000,0.0000000000,18.5333300000
2023-02-17 02:45:00,0.0000000000,32.0000000000,0.0000000000,18.5666700000
2023-02-17 03:00:00,0.0000000000,32.0000000000,0.0000000000,18.9000000000
2023-02-17 03:15:00,0.0000000000,31.0000000000,0.0000000000,19.1500000000
2023-02-17 03:30:00,0.0000000000,33.0000000000,0.0000000000,19.3000000000
2023-02-17 03:45:00,0.0000000000,31.0000000000,0.0000000000,19.4500000000
2023-02-17 04:00:00,0.0000000000,32.0000000000,0.0000000000,19.5000000000
2023-02-17 04:15:00,0.0000000000,34.0000000000,0.0000000000,19.9500000000
2023-02-17 04:30:00,0.0000000000,33.0000000000,0.0000000000,19.7333300000
2023-02-17 04:45:00,0.0000000000,33.0000000000,0.0000000000,19.0000000000
2023-02-17 05:00:00,0.0000000000,33.0000000000,0.0000000000,18.7000000000
2023-02-17 05:15:00,0.0000000000,32.0000000000,0.0000000000,18.4333300000
2023-02-17 05:30:00,0.0000000000,32.0000000000,0.0000000000,18.5166700000
2023-02-17 05:45:00,0.0000000000,32.0000000000,0.0000000000,18.3833300000
2023-02-17 06:00:00,0.0000000000,31.0000000000,0.0000000000,18.2000000000
2023-02-17 06:15:00,0.0000000000,32.0000000000,0.0000000000,18.2000000000
2023-02-17 06:30:00,0.0000000000,32.0000000000,0.0000000000,18.1666700000
2023-02-17 06:45:00,0.8000000000,32.0000000000,1.7087090000,18.2166700000
2023-02-17 07:00:00,1.6000000000,32.0000000000,3.7022040000,18.4333300000
2023-02-17 07:15:00,3.2000000000,32.0000000000,5.6956990000,18.5166700000
2023-02-17 07:30:00,18.8000000000,32.0000000000,23.8507400000,18.8666700000
2023-02-17 07:45:00,38.8000000000,31.0000000000,56.1026400000,19.9166700000
2023-02-17 08:00:00,18.4000000000,31.0000000000,29.9736200000,20.1500000000
2023-02-17 08:15:00,26.4000000000,31.0000000000,37.7340100000,20.0000000000
2023-02-17 08:30:00,52.8000000000,31.0000000000,66.0701100000,20.1833300000
2023-02-17 08:45:00,64.4000000000,31.0000000000,81.2349100000,21.0000000000
2023-02-17 09:00:00,72.0000000000,31.0000000000,95.6877400000,21.6000000000
2023-02-17 09:15:00,56.0000000000,31.0000000000,78.3158600000,22.3166700000
2023-02-17 09:30:00,120.0000000000,31.0000000000,149.1561000000,23.2833300000
2023-02-17 09:45:00,152.0000000000,32.0000000000,202.9805000000,24.8500000000
2023-02-17 10:00:00,232.0000000000,31.0000000000,314.1890000000,27.6833300000
2023-02-17 10:15:00,228.0000000000,32.0000000000,318.3184000000,29.0833300000
2023-02-17 10:30:00,320.0000000000,32.0000000000,554.5475000000,31.5666700000
2023-02-17 10:45:00,148.0000000000,33.0000000000,263.9957000000,32.8833400000
2023-02-17 11:00:00,52.0000000000,34.0000000000,73.4033200000,28.8833300000
2023-02-17 11:15:00,72.0000000000,34.0000000000,94.6198100000,25.8333300000
2023-02-17 11:30:00,272.0000000000,34.0000000000,345.8713000000,26.9666700000
2023-02-17 11:45:00,288.0000000000,33.0000000000,381.3982000000,32.7666700000
2023-02-17 12:00:00,332.0000000000,33.0000000000,525.2858000000,34.0500000000
2023-02-17 12:15:00,480.0000000000,35.0000000000,820.8214000000,35.4333300000
2023-02-17 12:30:00,344.0000000000,34.0000000000,476.5164000000,34.8666600000
2023-02-17 12:45:00,232.0000000000,35.0000000000,340.1756000000,32.9833300000
2023-02-17 13:00:00,168.0000000000,36.0000000000,224.4817000000,29.9833300000
2023-02-17 13:15:00,196.0000000000,36.0000000000,255.3809000000,29.7666700000
2023-02-17 13:30:00,248.0000000000,35.0000000000,321.5222000000,31.9833300000
2023-02-17 13:45:00,252.0000000000,35.0000000000,364.4536000000,33.6333400000
2023-02-17 14:00:00,200.0000000000,36.0000000000,292.4030000000,35.1333400000
2023-02-17 14:15:00,300.0000000000,36.0000000000,370.9324000000,35.5166700000
2023-02-17 14:30:00,612.0000000000,35.0000000000,880.9822000000,42.6666700000
2023-02-17 14:45:00,464.0000000000,36.0000000000,708.8297000000,49.5500000000
2023-02-17 15:00:00,352.0000000000,37.0000000000,544.5800000000,46.1500000000
2023-02-17 15:15:00,364.0000000000,36.0000000000,576.7607000000,43.4500000000
2023-02-17 15:30:00,120.0000000000,37.0000000000,205.1875000000,37.1000000000
2023-02-17 15:45:00,152.0000000000,37.0000000000,200.2038000000,31.5833300000
2023-02-17 16:00:00,116.0000000000,36.0000000000,166.0296000000,29.9500000000
2023-02-17 16:15:00,40.0000000000,36.0000000000,66.9956700000,27.3000000000
2023-02-17 16:30:00,40.0000000000,36.0000000000,47.1319100000,24.7166700000
2023-02-17 16:45:00,48.0000000000,36.0000000000,65.2157600000,23.7333300000
2023-02-17 17:00:00,48.0000000000,36.0000000000,69.2739400000,23.6833300000
2023-02-17 17:15:00,76.0000000000,35.0000000000,98.3220100000,23.9666700000
2023-02-17 17:30:00,36.0000000000,35.0000000000,60.7303800000,24.0333300000
2023-02-17 17:45:00,4.0000000000,33.0000000000,11.7473800000,22.7333300000
2023-02-17 18:00:00,0.0000000000,34.0000000000,1.5663170000,21.2833300000
2023-02-17 18:15:00,0.0000000000,34.0000000000,0.0000000000,20.1666700000
2023-02-17 18:30:00,0.0000000000,34.0000000000,0.0000000000,18.9500000000
2023-02-17 18:45:00,0.0000000000,34.0000000000,0.0000000000,18.5000000000
2023-02-17 19:00:00,0.0000000000,33.0000000000,0.0000000000,18.3166700000
2023-02-17 19:15:00,0.0000000000,34.0000000000,0.0000000000,18.4000000000
2023-02-17 19:30:00,0.0000000000,32.0000000000,0.0000000000,18.5666700000
2023-02-17 19:45:00,0.0000000000,32.0000000000,0.0000000000,17.9666700000
2023-02-17 20:00:00,0.0000000000,33.0000000000,0.0000000000,17.4666700000
2023-02-17 20:15:00,0.0000000000,33.0000000000,0.0000000000,17.2166700000
2023-02-17 20:30:00,0.0000000000,33.0000000000,0.0000000000,17.0833300000
2023-02-17 20:45:00,0.0000000000,33.0000000000,0.0000000000,17.4000000000
2023-02-17 21:00:00,0.0000000000,32.0000000000,0.0000000000,17.5166700000
2023-02-17 21:15:00,0.0000000000,32.0000000000,0.0000000000,17.3666700000
2023-02-17 21:30:00,0.0000000000,32.0000000000,0.0000000000,17.4000000000
2023-02-17 21:45:00,0.0000000000,32.0000000000,0.0000000000,17.5500000000
2023-02-17 22:00:00,0.0000000000,31.0000000000,0.0000000000,17.9000000000
2023-02-17 22:15:00,0.0000000000,32.0000000000,0.0000000000,17.9000000000
2023-02-17 22:30:00,0.0000000000,33.0000000000,0.0000000000,17.7500000000
2023-02-17 22:45:00,0.0000000000,32.0000000000,0.0000000000,17.8833300000
2023-02-17 23:00:00,0.0000000000,33.0000000000,0.0000000000,17.8833300000
2023-02-17 23:15:00,0.0000000000,32.0000000000,0.0000000000,17.9000000000
2023-02-17 23:30:00,0.0000000000,32.0000000000,0.0000000000,17.8666700000
2023-02-17 23:45:00,0.0000000000,32.0000000000,0.0000000000,17.8000000000
2023-02-18 00:00:00,0.0000000000,32.0000000000,0.0000000000,17.4333300000
2023-02-18 00:15:00,0.0000000000,32.0000000000,0.0000000000,17.2333300000
2023-02-18 00:30:00,0.0000000000,32.0000000000,0.0000000000,17.0333300000
2023-02-18 00:45:00,0.0000000000,32.0000000000,0.0000000000,17.2500000000
2023-02-18 01:00:00,0.0000000000,32.0000000000,0.0000000000,17.5000000000
2023-02-18 01:15:00,0.0000000000,31.0000000000,0.0000000000,17.6000000000
2023-02-18 01:30:00,0.0000000000,34.0000000000,0.0000000000,17.6833300000
2023-02-18 01:45:00,0.0000000000,31.0000000000,0.0000000000,17.7000000000
2023-02-18 02:00:00,0.0000000000,32.0000000000,0.0000000000,17.7000000000
2023-02-18 02:15:00,0.0000000000,32.0000000000,0.0000000000,17.6166700000
2023-02-18 02:30:00,0.0000000000,31.0000000000,0.0000000000,17.5166700000
2023-02-18 02:45:00,0.0000000000,31.0000000000,0.0000000000,17.4500000000
2023-02-18 03:00:00,0.0000000000,31.0000000000,0.0000000000,17.5000000000
2023-02-18 03:15:00,0.0000000000,31.0000000000,0.0000000000,17.5333300000
2023-02-18 03:30:00,0.0000000000,31.0000000000,0.0000000000,17.7666700000
2023-02-18 03:45:00,0.0000000000,33.0000000000,0.0000000000,17.8833300000
2023-02-18 04:00:00,0.0000000000,31.0000000000,0.0000000000,17.8500000000
2023-02-18 04:15:00,0.0000000000,31.0000000000,0.0000000000,17.7000000000
2023-02-18 04:30:00,0.0000000000,31.0000000000,0.0000000000,17.4166700000
2023-02-18 04:45:00,0.0000000000,31.0000000000,0.0000000000,17.1833300000
2023-02-18 05:00:00,0.0000000000,31.0000000000,0.0000000000,16.9333300000
2023-02-18 05:15:00,0.0000000000,30.0000000000,0.0000000000,16.8166700000
2023-02-18 05:30:00,0.0000000000,31.0000000000,0.0000000000,16.5333300000
2023-02-18 05:45:00,0.0000000000,31.0000000000,0.0000000000,15.9000000000
2023-02-18 06:00:00,0.0000000000,31.0000000000,0.0000000000,15.3333300000
2023-02-18 06:15:00,0.0000000000,31.0000000000,0.0000000000,15.5500000000
2023-02-18 06:30:00,0.0000000000,31.0000000000,0.0000000000,15.4333300000
2023-02-18 06:45:00,0.0000000000,31.0000000000,2.6342610000,15.8833300000
2023-02-18 07:00:00,8.0000000000,31.0000000000,9.4690990000,16.2166700000
2023-02-18 07:15:00,16.0000000000,32.0000000000,21.0028900000,16.1666700000
2023-02-18 07:30:00,72.0000000000,31.0000000000,102.2378000000,16.6500000000
2023-02-18 07:45:00,132.0000000000,31.0000000000,196.3592000000,18.4000000000
2023-02-18 08:00:00,176.0000000000,30.0000000000,262.1446000000,20.0000000000
2023-02-18 08:15:00,220.0000000000,31.0000000000,326.8620000000,22.7833300000
2023-02-18 08:30:00,260.0000000000,30.0000000000,389.6570000000,27.3833300000
2023-02-18 08:45:00,300.0000000000,31.0000000000,452.8793000000,31.6333300000
2023-02-18 09:00:00,336.0000000000,32.0000000000,508.7683000000,35.2166700000
2023-02-18 09:15:00,380.0000000000,32.0000000000,576.3336000000,39.0000000000
2023-02-18 09:30:00,424.0000000000,32.0000000000,641.0509000000,42.4166700000
2023-02-18 09:45:00,448.0000000000,34.0000000000,681.6328000000,44.2000000000
2023-02-18 10:00:00,480.0000000000,33.0000000000,720.5059000000,47.7666700000
2023-02-18 10:15:00,500.0000000000,34.0000000000,752.6866000000,48.5000000000
2023-02-18 10:30:00,528.0000000000,35.0000000000,798.5370000000,49.6000000000
2023-02-18 10:45:00,552.0000000000,36.0000000000,839.1188000000,51.9166700000
2023-02-18 11:00:00,572.0000000000,36.0000000000,872.7234000000,52.4000000000
2023-02-18 11:15:00,580.0000000000,37.0000000000,895.0791000000,54.6000000000
2023-02-18 11:30:00,592.0000000000,38.0000000000,917.7907000000,55.2666700000
2023-02-18 11:45:00,600.0000000000,37.0000000000,927.5446000000,56.2333300000
2023-02-18 12:00:00,604.0000000000,39.0000000000,934.3794000000,58.4166700000
2023-02-18 12:15:00,612.0000000000,39.0000000000,945.6996000000,60.3000000000
2023-02-18 12:30:00,608.0000000000,39.0000000000,950.6833000000,61.4166700000
2023-02-18 12:45:00,604.0000000000,39.0000000000,939.4343000000,61.5500000000
2023-02-18 13:00:00,596.0000000000,40.0000000000,929.8228000000,60.2833300000
2023-02-18 13:15:00,592.0000000000,40.0000000000,915.4412000000,59.9000000000
2023-02-18 13:30:00,572.0000000000,40.0000000000,889.6682000000,59.7333300000
2023-02-18 13:45:00,548.0000000000,42.0000000000,859.7657000000,60.7000000000
2023-02-18 14:00:00,536.0000000000,40.0000000000,832.7111000000,58.7833300000
2023-02-18 14:15:00,512.0000000000,41.0000000000,803.5919000000,58.0833300000
2023-02-18 14:30:00,492.0000000000,40.0000000000,767.3530000000,57.4333300000
2023-02-18 14:45:00,464.0000000000,40.0000000000,729.2631000000,55.9833300000
2023-02-18 15:00:00,436.0000000000,41.0000000000,682.4871000000,54.5833300000
2023-02-18 15:15:00,400.0000000000,42.0000000000,633.5041000000,53.7833300000
2023-02-18 15:30:00,364.0000000000,42.0000000000,582.9548000000,51.5333300000
2023-02-18 15:45:00,328.0000000000,42.0000000000,528.9880000000,48.9000000000
2023-02-18 16:00:00,288.0000000000,42.0000000000,469.6104000000,46.7833300000
2023-02-18 16:15:00,244.0000000000,41.0000000000,406.0321000000,44.8500000000
2023-02-18 16:30:00,200.0000000000,42.0000000000,345.4442000000,42.1333400000
2023-02-18 16:45:00,156.0000000000,42.0000000000,282.5067000000,39.6166600000
2023-02-18 17:00:00,112.0000000000,42.0000000000,220.2100000000,36.3333300000
2023-02-18 17:15:00,80.0000000000,42.0000000000,159.9068000000,33.8500000000
2023-02-18 17:30:00,52.0000000000,42.0000000000,107.5063000000,31.3833300000
2023-02-18 17:45:00,24.0000000000,41.0000000000,60.1608200000,29.1500000000
2023-02-18 18:00:00,8.0000000000,40.0000000000,21.2876800000,27.1333300000
2023-02-18 18:15:00,4.0000000000,40.0000000000,1.7799060000,25.2000000000
2023-02-18 18:30:00,0.0000000000,40.0000000000,0.0000000000,23.7000000000
2023-02-18 18:45:00,0.0000000000,39.0000000000,0.0000000000,22.5833300000
2023-02-18 19:00:00,0.0000000000,39.0000000000,0.0000000000,21.6333300000
2023-02-18 19:15:00,0.0000000000,38.0000000000,0.0000000000,20.2500000000
2023-02-18 19:30:00,0.0000000000,38.0000000000,0.0000000000,19.4000000000
2023-02-18 19:45:00,0.0000000000,37.0000000000,0.0000000000,18.6666700000
2023-02-18 20:00:00,0.0000000000,37.0000000000,0.0000000000,18.2500000000
2023-02-18 20:15:00,0.0000000000,37.0000000000,0.0000000000,17.8500000000
2023-02-18 20:30:00,0.0000000000,37.0000000000,0.0000000000,17.4333300000
2023-02-18 20:45:00,0.0000000000,36.0000000000,0.0000000000,17.1500000000
2023-02-18 21:00:00,0.0000000000,37.0000000000,0.0000000000,17.3000000000
2023-02-18 21:15:00,0.0000000000,36.0000000000,0.0000000000,17.8833300000
2023-02-18 21:30:00,0.0000000000,35.0000000000,0.0000000000,17.9666700000
2023-02-18 21:45:00,0.0000000000,35.0000000000,0.0000000000,17.6333300000
2023-02-18 22:00:00,0.0000000000,35.0000000000,0.0000000000,18.0833300000
2023-02-18 22:15:00,0.0000000000,36.0000000000,0.0000000000,18.2500000000
2023-02-18 22:30:00,0.0000000000,36.0000000000,0.0000000000,17.8666700000
2023-02-18 22:45:00,0.0000000000,35.0000000000,0.0000000000,17.0500000000
2023-02-18 23:00:00,0.0000000000,34.0000000000,0.0000000000,16.2500000000
2023-02-18 23:15:00,0.0000000000,34.0000000000,0.0000000000,15.2500000000
2023-02-18 23:30:00,0.0000000000,34.0000000000,0.0000000000,14.7000000000
2023-02-18 23:45:00,0.0000000000,34.0000000000,0.0000000000,14.8000000000
2023-02-19 00:00:00,0.0000000000,33.0000000000,0.0000000000,14.6000000000
2023-02-19 00:15:00,0.0000000000,33.0000000000,0.0000000000,14.8500000000
2023-02-19 00:30:00,0.0000000000,32.0000000000,0.0000000000,14.9166700000
2023-02-19 00:45:00,0.0000000000,34.0000000000,0.0000000000,13.9500000000
2023-02-19 01:00:00,0.0000000000,34.0000000000,0.0000000000,13.3000000000
2023-02-19 01:15:00,0.0000000000,36.0000000000,0.0000000000,13.0333300000
2023-02-19 01:30:00,0.0000000000,34.0000000000,0.0000000000,13.7666700000
2023-02-19 01:45:00,0.0000000000,32.0000000000,0.0000000000,14.7833300000
2023-02-19 02:00:00,0.0000000000,32.0000000000,0.0000000000,14.5166700000
2023-02-19 02:15:00,0.0000000000,32.0000000000,0.0000000000,14.3333300000
2023-02-19 02:30:00,0.0000000000,32.0000000000,0.0000000000,13.5333300000
2023-02-19 02:45:00,0.0000000000,32.0000000000,0.0000000000,13.0166700000
2023-02-19 03:00:00,0.0000000000,30.0000000000,0.0000000000,12.7833300000
2023-02-19 03:15:00,0.0000000000,31.0000000000,0.0000000000,12.8166700000
2023-02-19 03:30:00,0.0000000000,31.0000000000,0.0000000000,13.3666700000
2023-02-19 03:45:00,0.0000000000,31.0000000000,0.0000000000,14.3666700000
2023-02-19 04:00:00,0.0000000000,31.0000000000,0.0000000000,14.3000000000
2023-02-19 04:15:00,0.0000000000,30.0000000000,0.0000000000,14.0500000000
2023-02-19 04:30:00,0.0000000000,31.0000000000,0.0000000000,13.3000000000
2023-02-19 04:45:00,0.0000000000,30.0000000000,0.0000000000,12.4166700000
2023-02-19 05:00:00,0.0000000000,31.0000000000,0.0000000000,11.9333300000
2023-02-19 05:15:00,0.0000000000,30.0000000000,0.0000000000,11.7333300000
2023-02-19 05:30:00,0.0000000000,30.0000000000,0.0000000000,11.4000000000
2023-02-19 05:45:00,0.0000000000,30.0000000000,0.0000000000,11.6166700000
2023-02-19 06:00:00,0.0000000000,31.0000000000,0.0000000000,11.9166700000
2023-02-19 06:15:00,0.0000000000,30.0000000000,0.0000000000,12.4333300000
2023-02-19 06:30:00,0.0000000000,30.0000000000,0.0000000000,12.8333300000
2023-02-19 06:45:00,4.0000000000,30.0000000000,7.4756050000,12.8000000000
2023-02-19 07:00:00,24.0000000000,30.0000000000,33.7470200000,13.4500000000
2023-02-19 07:15:00,44.0000000000,31.0000000000,73.6169100000,15.2000000000
2023-02-19 07:30:00,84.0000000000,30.0000000000,123.5255000000,16.8666700000
2023-02-19 07:45:00,120.0000000000,31.0000000000,181.4792000000,18.4000000000
2023-02-19 08:00:00,172.0000000000,30.0000000000,242.7792000000,20.2500000000
2023-02-19 08:15:00,212.0000000000,31.0000000000,305.5742000000,22.0333300000
2023-02-19 08:30:00,252.0000000000,32.0000000000,364.9519000000,25.4500000000
2023-02-19 08:45:00,292.0000000000,31.0000000000,425.5399000000,30.5333300000
2023-02-19 09:00:00,328.0000000000,33.0000000000,485.7719000000,35.0500000000
2023-02-19 09:15:00,372.0000000000,34.0000000000,548.3535000000,39.1166600000
2023-02-19 09:30:00,408.0000000000,34.0000000000,605.0969000000,41.7666700000
2023-02-19 09:45:00,444.0000000000,34.0000000000,656.0733000000,43.2000000000
2023-02-19 10:00:00,472.0000000000,36.0000000000,702.9916000000,45.9166700000
2023-02-19 10:15:00,500.0000000000,36.0000000000,747.2757000000,48.6333400000
2023-02-19 10:30:00,524.0000000000,37.0000000000,787.6439000000,51.2500000000
2023-02-19 10:45:00,544.0000000000,37.0000000000,822.4589000000,53.8500000000
2023-02-19 11:00:00,560.0000000000,37.0000000000,853.9988000000,54.9166700000
2023-02-19 11:15:00,580.0000000000,38.0000000000,882.2637000000,55.0833300000
2023-02-19 11:30:00,588.0000000000,39.0000000000,904.9042000000,57.3333300000
2023-02-19 11:45:00,592.0000000000,36.0000000000,918.6450000000,58.5500000000
2023-02-19 12:00:00,604.0000000000,39.0000000000,934.9490000000,59.1833300000
2023-02-19 12:15:00,608.0000000000,41.0000000000,943.6349000000,58.8500000000
2023-02-19 12:30:00,604.0000000000,41.0000000000,943.2789000000,60.0833300000
2023-02-19 12:45:00,600.0000000000,41.0000000000,937.2272000000,61.3833400000
2023-02-19 13:00:00,596.0000000000,42.0000000000,930.1788000000,63.9000000000
2023-02-19 13:15:00,588.0000000000,42.0000000000,916.5092000000,62.9333300000
2023-02-19 13:30:00,576.0000000000,42.0000000000,898.3541000000,61.8166700000
2023-02-19 13:45:00,556.0000000000,44.0000000000,875.4289000000,61.9333300000
2023-02-19 14:00:00,544.0000000000,42.0000000000,845.3129000000,61.3666600000
2023-02-19 14:15:00,520.0000000000,43.0000000000,814.4849000000,60.2166700000
2023-02-19 14:30:00,492.0000000000,43.0000000000,775.3982000000,60.3833400000
2023-02-19 14:45:00,472.0000000000,43.0000000000,737.6642000000,57.9166700000
2023-02-19 15:00:00,440.0000000000,42.0000000000,691.1019000000,55.1000000000
2023-02-19 15:15:00,408.0000000000,44.0000000000,638.5590000000,52.9166700000
2023-02-19 15:30:00,368.0000000000,43.0000000000,586.8705000000,52.1000000000
2023-02-19 15:45:00,332.0000000000,44.0000000000,533.1174000000,49.7166700000
2023-02-19 16:00:00,288.0000000000,42.0000000000,470.3935000000,49.0833300000
2023-02-19 16:15:00,244.0000000000,43.0000000000,405.6761000000,46.8000000000
2023-02-19 16:30:00,204.0000000000,42.0000000000,347.9360000000,44.2666700000
2023-02-19 16:45:00,160.0000000000,43.0000000000,287.4904000000,41.3833400000
2023-02-19 17:00:00,124.0000000000,43.0000000000,231.3878000000,38.6333400000
2023-02-19 17:15:00,84.0000000000,42.0000000000,169.8742000000,35.9666700000
2023-02-19 17:30:00,52.0000000000,41.0000000000,112.4189000000,33.4666700000
2023-02-19 17:45:00,28.0000000000,41.0000000000,60.6591900000,30.7166700000
2023-02-19 18:00:00,8.0000000000,41.0000000000,21.0028900000,28.1500000000
2023-02-19 18:15:00,4.0000000000,42.0000000000,1.6375140000,25.6333300000
2023-02-19 18:30:00,0.0000000000,40.0000000000,0.0000000000,23.3666700000
2023-02-19 18:45:00,0.0000000000,41.0000000000,0.0000000000,21.6500000000
2023-02-19 19:00:00,0.0000000000,39.0000000000,0.0000000000,20.5000000000
2023-02-19 19:15:00,0.0000000000,38.0000000000,0.0000000000,19.9500000000
2023-02-19 19:30:00,0.0000000000,39.0000000000,0.0000000000,19.3166700000
2023-02-19 19:45:00,0.0000000000,38.0000000000,0.0000000000,18.6333300000
2023-02-19 20:00:00,0.0000000000,38.0000000000,0.0000000000,18.0000000000
2023-02-19 20:15:00,0.0000000000,38.0000000000,0.0000000000,17.5000000000
2023-02-19 20:30:00,0.0000000000,37.0000000000,0.0000000000,17.6500000000
2023-02-19 20:45:00,0.0000000000,36.0000000000,0.0000000000,18.6000000000
2023-02-19 21:00:00,0.0000000000,36.0000000000,0.0000000000,18.1500000000
2023-02-19 21:15:00,0.0000000000,36.0000000000,0.0000000000,19.5000000000
2023-02-19 21:30:00,0.0000000000,36.0000000000,0.0000000000,20.6500000000
2023-02-19 21:45:00,0.0000000000,36.0000000000,0.0000000000,20.9833300000
2023-02-19 22:00:00,0.0000000000,36.0000000000,0.0000000000,20.8333300000
2023-02-19 22:15:00,0.0000000000,36.0000000000,0.0000000000,20.4333300000
2023-02-19 22:30:00,0.0000000000,36.0000000000,0.0000000000,20.4333300000
2023-02-19 22:45:00,0.0000000000,36.0000000000,0.0000000000,19.9833300000
2023-02-19 23:00:00,0.0000000000,36.0000000000,0.0000000000,18.8166700000
2023-02-19 23:15:00,0.0000000000,36.0000000000,0.0000000000,17.6333300000
2023-02-19 23:30:00,0.0000000000,36.0000000000,0.0000000000,16.4833300000
2023-02-19 23:45:00,0.0000000000,35.0000000000,0.0000000000,15.6000000000
2023-02-20 00:00:00,0.0000000000,35.0000000000,0.0000000000,15.4666700000
2023-02-20 00:15:00,0.0000000000,34.0000000000,0.0000000000,15.1000000000
2023-02-20 00:30:00,0.0000000000,33.0000000000,0.0000000000,14.8666700000
2023-02-20 00:45:00,0.0000000000,34.0000000000,0.0000000000,14.6833300000
2023-02-20 01:00:00,0.0000000000,34.0000000000,0.0000000000,14.8833300000
2023-02-20 01:15:00,0.0000000000,34.0000000000,0.0000000000,15.5333300000
2023-02-20 01:30:00,0.0000000000,34.0000000000,0.0000000000,15.6833300000
2023-02-20 01:45:00,0.0000000000,33.0000000000,0.0000000000,15.4000000000
2023-02-20 02:00:00,0.0000000000,33.0000000000,0.0000000000,14.5666700000
2023-02-20 02:15:00,0.0000000000,33.0000000000,0.0000000000,13.7000000000
2023-02-20 02:30:00,0.0000000000,32.0000000000,0.0000000000,13.4833300000
2023-02-20 02:45:00,0.0000000000,33.0000000000,0.0000000000,13.1166700000
2023-02-20 03:00:00,0.0000000000,32.0000000000,0.0000000000,13.0666700000
2023-02-20 03:15:00,0.0000000000,32.0000000000,0.0000000000,12.9166700000
2023-02-20 03:30:00,0.0000000000,32.0000000000,0.0000000000,13.4666700000
2023-02-20 03:45:00,0.0000000000,32.0000000000,0.0000000000,14.0666700000
2023-02-20 04:00:00,0.0000000000,32.0000000000,0.0000000000,13.4000000000
2023-02-20 04:15:00,0.0000000000,31.0000000000,0.0000000000,12.9833300000
2023-02-20 04:30:00,0.0000000000,31.0000000000,0.0000000000,13.1833300000
2023-02-20 04:45:00,0.0000000000,30.0000000000,0.0000000000,13.0833300000
2023-02-20 05:00:00,0.0000000000,32.0000000000,0.0000000000,12.9666700000
2023-02-20 05:15:00,0.0000000000,32.0000000000,0.0000000000,13.7166700000
2023-02-20 05:30:00,0.0000000000,32.0000000000,0.0000000000,14.1000000000
2023-02-20 05:45:00,0.0000000000,31.0000000000,0.0000000000,14.7166700000
2023-02-20 06:00:00,0.0000000000,31.0000000000,0.0000000000,14.9833300000
2023-02-20 06:15:00,0.0000000000,31.0000000000,0.0000000000,14.7666700000
2023-02-20 06:30:00,0.0000000000,30.0000000000,0.0000000000,15.1833300000
2023-02-20 06:45:00,5.6000000000,30.0000000000,5.6245030000,14.8500000000
2023-02-20 07:00:00,23.2000000000,30.0000000000,31.4687400000,14.9166700000
2023-02-20 07:15:00,36.0000000000,30.0000000000,52.5428200000,15.8833300000
2023-02-20 07:30:00,53.2000000000,31.0000000000,68.6331700000,16.6000000000
2023-02-20 07:45:00,103.6000000000,31.0000000000,141.4669000000,18.4500000000
2023-02-20 08:00:00,122.0000000000,30.0000000000,165.2465000000,20.5000000000
2023-02-20 08:15:00,160.4000000000,31.0000000000,222.4170000000,22.1166700000
2023-02-20 08:30:00,176.0000000000,32.0000000000,262.0734000000,23.4333300000
2023-02-20 08:45:00,228.0000000000,32.0000000000,337.3990000000,27.3833300000
2023-02-20 09:00:00,192.0000000000,33.0000000000,260.0087000000,31.3500000000
2023-02-20 09:15:00,188.0000000000,33.0000000000,259.7951000000,31.9166700000
2023-02-20 09:30:00,288.0000000000,33.0000000000,368.5829000000,33.3666600000
2023-02-20 09:45:00,344.0000000000,34.0000000000,489.9725000000,38.2833300000
2023-02-20 10:00:00,304.0000000000,34.0000000000,421.3394000000,40.1666700000
2023-02-20 10:15:00,412.0000000000,36.0000000000,599.0451000000,42.9833300000
2023-02-20 10:30:00,432.0000000000,35.0000000000,619.4785000000,46.2000000000
2023-02-20 10:45:00,460.0000000000,36.0000000000,686.6165000000,49.2500000000
2023-02-20 11:00:00,484.0000000000,37.0000000000,721.7162000000,52.4000000000
2023-02-20 11:15:00,484.0000000000,37.0000000000,714.7390000000,54.1000000000
2023-02-20 11:30:00,444.0000000000,38.0000000000,659.9179000000,51.2000000000
2023-02-20 11:45:00,512.0000000000,38.0000000000,783.0162000000,52.2333300000
2023-02-20 12:00:00,464.0000000000,39.0000000000,763.0101000000,53.1833300000
2023-02-20 12:15:00,524.0000000000,34.0000000000,797.1843000000,52.9500000000
2023-02-20 12:30:00,524.0000000000,39.0000000000,795.9739000000,54.5833300000
2023-02-20 12:45:00,524.0000000000,40.0000000000,795.5468000000,55.1833300000
2023-02-20 13:00:00,456.0000000000,41.0000000000,681.4904000000,55.3666600000
2023-02-20 13:15:00,348.0000000000,41.0000000000,470.8919000000,52.6833300000
2023-02-20 13:30:00,340.0000000000,41.0000000000,607.2327000000,49.0333300000
2023-02-20 13:45:00,492.0000000000,41.0000000000,709.0433000000,49.0666700000
2023-02-20 14:00:00,468.0000000000,41.0000000000,722.2147000000,52.1833300000
2023-02-20 14:15:00,460.0000000000,42.0000000000,702.9916000000,52.5166700000
2023-02-20 14:30:00,436.0000000000,41.0000000000,674.6555000000,52.0666700000
2023-02-20 14:45:00,408.0000000000,42.0000000000,631.3682000000,51.9166700000
2023-02-20 15:00:00,368.0000000000,43.0000000000,577.1167000000,50.3333300000
2023-02-20 15:15:00,328.0000000000,42.0000000000,517.8815000000,49.7166700000
2023-02-20 15:30:00,300.0000000000,42.0000000000,474.5229000000,48.1333400000
2023-02-20 15:45:00,268.0000000000,43.0000000000,427.7470000000,46.6833300000
2023-02-20 16:00:00,236.0000000000,43.0000000000,377.8384000000,45.5500000000
2023-02-20 16:15:00,196.0000000000,42.0000000000,323.3733000000,42.7333300000
2023-02-20 16:30:00,156.0000000000,43.0000000000,263.5685000000,40.3333300000
2023-02-20 16:45:00,116.0000000000,42.0000000000,202.2685000000,38.1166600000
2023-02-20 17:00:00,92.0000000000,42.0000000000,155.7062000000,35.9833300000
2023-02-20 17:15:00,60.0000000000,43.0000000000,108.8591000000,33.8000000000
2023-02-20 17:30:00,36.0000000000,42.0000000000,66.4260900000,31.6500000000
2023-02-20 17:45:00,20.0000000000,42.0000000000,34.6725700000,29.6500000000
2023-02-20 18:00:00,8.0000000000,41.0000000000,11.5337900000,27.9000000000
2023-02-20 18:15:00,0.0000000000,40.0000000000,0.7119625000,26.3500000000
2023-02-20 18:30:00,0.0000000000,40.0000000000,0.0000000000,25.2666700000
2023-02-20 18:45:00,0.0000000000,41.0000000000,0.0000000000,24.7166700000
2023-02-20 19:00:00,0.0000000000,40.0000000000,0.0000000000,24.6833300000
2023-02-20 19:15:00,0.0000000000,40.0000000000,0.0000000000,24.2500000000
2023-02-20 19:30:00,0.0000000000,41.0000000000,0.0000000000,23.6333300000
2023-02-20 19:45:00,0.0000000000,39.0000000000,0.0000000000,23.1833300000
2023-02-20 20:00:00,0.0000000000,39.0000000000,0.0000000000,22.5666700000
2023-02-20 20:15:00,0.0000000000,38.0000000000,0.0000000000,22.1333300000
2023-02-20 20:30:00,0.0000000000,38.0000000000,0.0000000000,22.6000000000
2023-02-20 20:45:00,0.0000000000,38.0000000000,0.0000000000,22.6333300000
2023-02-20 21:00:00,0.0000000000,38.0000000000,0.0000000000,21.8666700000
2023-02-20 21:15:00,0.0000000000,37.0000000000,0.0000000000,20.8666700000
2023-02-20 21:30:00,0.0000000000,38.0000000000,0.0000000000,20.1500000000
2023-02-20 21:45:00,0.0000000000,37.0000000000,0.0000000000,19.9333300000
2023-02-20 22:00:00,0.0000000000,38.0000000000,0.0000000000,20.6500000000
2023-02-20 22:15:00,0.0000000000,36.0000000000,0.0000000000,21.5000000000
2023-02-20 22:30:00,0.0000000000,36.0000000000,0.0000000000,22.0000000000
2023-02-20 22:45:00,0.0000000000,37.0000000000,0.0000000000,21.7666700000
2023-02-20 23:00:00,0.0000000000,36.0000000000,0.0000000000,21.6000000000
2023-02-20 23:15:00,0.0000000000,36.0000000000,0.0000000000,21.4833300000
2023-02-20 23:30:00,0.0000000000,37.0000000000,0.0000000000,20.8333300000
2023-02-20 23:45:00,0.0000000000,37.0000000000,0.0000000000,20.0000000000
2023-02-21 00:00:00,0.0000000000,36.0000000000,0.0000000000,19.2833300000
2023-02-21 00:15:00,0.0000000000,36.0000000000,0.0000000000,18.8833300000
2023-02-21 00:30:00,0.0000000000,36.0000000000,0.0000000000,18.4500000000
2023-02-21 00:45:00,0.0000000000,35.0000000000,0.0000000000,18.1500000000
2023-02-21 01:00:00,0.0000000000,36.0000000000,0.0000000000,18.5500000000
2023-02-21 01:15:00,0.0000000000,35.0000000000,0.0000000000,18.7000000000
2023-02-21 01:30:00,0.0000000000,35.0000000000,0.0000000000,18.4500000000
2023-02-21 01:45:00,0.0000000000,36.0000000000,0.0000000000,18.6333300000
2023-02-21 02:00:00,0.0000000000,35.0000000000,0.0000000000,18.9166700000
2023-02-21 02:15:00,0.0000000000,35.0000000000,0.0000000000,18.9000000000
2023-02-21 02:30:00,0.0000000000,35.0000000000,0.0000000000,18.5166700000
2023-02-21 02:45:00,0.0000000000,35.0000000000,0.0000000000,18.7333300000
2023-02-21 03:00:00,0.0000000000,34.0000000000,0.0000000000,18.8833300000
2023-02-21 03:15:00,0.0000000000,34.0000000000,0.0000000000,18.4000000000
2023-02-21 03:30:00,0.0000000000,33.0000000000,0.0000000000,18.1833300000
2023-02-21 03:45:00,0.0000000000,34.0000000000,0.0000000000,18.1166700000
2023-02-21 04:00:00,0.0000000000,36.0000000000,0.0000000000,18.3500000000
2023-02-21 04:15:00,0.0000000000,34.0000000000,0.0000000000,18.5833300000
2023-02-21 04:30:00,0.0000000000,34.0000000000,0.0000000000,18.4333300000
2023-02-21 04:45:00,0.0000000000,34.0000000000,0.0000000000,18.3000000000
2023-02-21 05:00:00,0.0000000000,34.0000000000,0.0000000000,17.9500000000
2023-02-21 05:15:00,0.0000000000,34.0000000000,0.0000000000,17.4333300000
2023-02-21 05:30:00,0.0000000000,35.0000000000,0.0000000000,17.6333300000
2023-02-21 05:45:00,0.0000000000,34.0000000000,0.0000000000,17.7166700000
2023-02-21 06:00:00,0.0000000000,33.0000000000,0.0000000000,17.7833300000
2023-02-21 06:15:00,0.0000000000,34.0000000000,0.0000000000,18.0833300000
2023-02-21 06:30:00,0.0000000000,35.0000000000,0.0000000000,17.6833300000
2023-02-21 06:45:00,4.8000000000,35.0000000000,5.5533060000,17.0833300000
2023-02-21 07:00:00,18.4000000000,34.0000000000,23.9219300000,17.4000000000
2023-02-21 07:15:00,36.8000000000,34.0000000000,51.4748800000,18.3666700000
2023-02-21 07:30:00,60.0000000000,34.0000000000,86.2186400000,19.7000000000
2023-02-21 07:45:00,90.8000000000,34.0000000000,131.9266000000,21.1166700000
2023-02-21 08:00:00,121.2000000000,34.0000000000,182.7607000000,22.7500000000
2023-02-21 08:15:00,153.6000000000,34.0000000000,232.5981000000,25.9833300000
2023-02-21 08:30:00,186.4000000000,34.0000000000,281.1540000000,29.3833300000
2023-02-21 08:45:00,226.0000000000,35.0000000000,334.9783000000,32.2833300000
2023-02-21 09:00:00,256.0000000000,34.0000000000,385.8124000000,35.0833300000
2023-02-21 09:15:00,296.0000000000,35.0000000000,439.7791000000,37.5833300000
2023-02-21 09:30:00,336.0000000000,35.0000000000,496.0954000000,40.8500000000
2023-02-21 09:45:00,360.0000000000,36.0000000000,544.8648000000,43.9500000000
2023-02-21 10:00:00,396.0000000000,37.0000000000,592.9222000000,46.1833300000
2023-02-21 10:15:00,428.0000000000,38.0000000000,641.3357000000,48.3500000000
2023-02-21 10:30:00,456.0000000000,38.0000000000,688.1116000000,50.5166700000
2023-02-21 10:45:00,476.0000000000,38.0000000000,719.6516000000,51.5166700000
2023-02-21 11:00:00,500.0000000000,40.0000000000,753.9681000000,52.7500000000
2023-02-21 11:15:00,516.0000000000,39.0000000000,773.6183000000,53.6500000000
2023-02-21 11:30:00,500.0000000000,40.0000000000,795.0483000000,55.3000000000
2023-02-21 11:45:00,544.0000000000,40.0000000000,821.8181000000,55.5000000000
2023-02-21 12:00:00,564.0000000000,40.0000000000,858.3418000000,55.2333300000
2023-02-21 12:15:00,556.0000000000,40.0000000000,861.3321000000,54.8833400000
2023-02-21 12:30:00,556.0000000000,41.0000000000,846.7369000000,55.2000000000
2023-02-21 12:45:00,548.0000000000,41.0000000000,834.5623000000,54.7833300000
2023-02-21 13:00:00,544.0000000000,40.0000000000,839.6884000000,56.1000000000
2023-02-21 13:15:00,540.0000000000,42.0000000000,832.9248000000,58.7000000000
2023-02-21 13:30:00,528.0000000000,42.0000000000,847.3064000000,60.4000000000
2023-02-21 13:45:00,504.0000000000,43.0000000000,800.1033000000,58.1666700000
2023-02-21 14:00:00,476.0000000000,42.0000000000,710.8944000000,58.2000000000
2023-02-21 14:15:00,464.0000000000,43.0000000000,657.9956000000,56.4833300000
2023-02-21 14:30:00,440.0000000000,42.0000000000,698.2927000000,53.1000000000
2023-02-21 14:45:00,432.0000000000,43.0000000000,680.8496000000,53.1833300000
2023-02-21 15:00:00,364.0000000000,44.0000000000,609.5109000000,50.9833300000
2023-02-21 15:15:00,356.0000000000,43.0000000000,563.5894000000,49.3500000000
2023-02-21 15:30:00,316.0000000000,43.0000000000,502.6454000000,48.5666700000
2023-02-21 15:45:00,276.0000000000,43.0000000000,447.7531000000,46.3333300000
2023-02-21 16:00:00,240.0000000000,43.0000000000,388.8739000000,44.9166700000
2023-02-21 16:15:00,200.0000000000,44.0000000000,332.4864000000,42.9000000000
2023-02-21 16:30:00,168.0000000000,43.0000000000,281.6523000000,40.7666700000
2023-02-21 16:45:00,128.0000000000,43.0000000000,224.5529000000,38.8333300000
2023-02-21 17:00:00,92.0000000000,42.0000000000,165.6025000000,36.8166700000
2023-02-21 17:15:00,64.0000000000,42.0000000000,116.1211000000,34.6500000000
2023-02-21 17:30:00,36.0000000000,42.0000000000,64.0766100000,32.3500000000
2023-02-21 17:45:00,20.0000000000,42.0000000000,34.9573600000,30.0500000000
2023-02-21 18:00:00,8.0000000000,42.0000000000,12.7441300000,27.9666700000
2023-02-21 18:15:00,0.0000000000,41.0000000000,1.3527280000,26.0666700000
2023-02-21 18:30:00,0.0000000000,41.0000000000,0.0000000000,24.5000000000
2023-02-21 18:45:00,0.0000000000,40.0000000000,0.0000000000,23.1000000000
2023-02-21 19:00:00,0.0000000000,40.0000000000,0.0000000000,22.2333300000
2023-02-21 19:15:00,0.0000000000,41.0000000000,0.0000000000,22.5833300000
2023-02-21 19:30:00,0.0000000000,39.0000000000,0.0000000000,22.6333300000
2023-02-21 19:45:00,0.0000000000,40.0000000000,0.0000000000,23.1166700000
2023-02-21 20:00:00,0.0000000000,40.0000000000,0.0000000000,23.6333300000
2023-02-21 20:15:00,0.0000000000,39.0000000000,0.0000000000,23.8333300000
2023-02-21 20:30:00,0.0000000000,37.0000000000,0.0000000000,23.7500000000
2023-02-21 20:45:00,0.0000000000,42.0000000000,0.0000000000,23.5166700000
2023-02-21 21:00:00,0.0000000000,38.0000000000,0.0000000000,23.3000000000
2023-02-21 21:15:00,0.0000000000,38.0000000000,0.0000000000,22.8666700000
2023-02-21 21:30:00,0.0000000000,37.0000000000,0.0000000000,22.0666700000
2023-02-21 21:45:00,0.0000000000,38.0000000000,0.0000000000,21.7500000000
2023-02-21 22:00:00,0.0000000000,38.0000000000,0.0000000000,22.0000000000
2023-02-21 22:15:00,0.0000000000,38.0000000000,0.0000000000,21.3500000000
2023-02-21 22:30:00,0.0000000000,37.0000000000,0.0000000000,20.4833300000
2023-02-21 22:45:00,0.0000000000,37.0000000000,0.0000000000,20.5833300000
2023-02-21 23:00:00,0.0000000000,36.0000000000,0.0000000000,21.1333300000
2023-02-21 23:15:00,0.0000000000,37.0000000000,0.0000000000,21.7333300000
2023-02-21 23:30:00,0.0000000000,37.0000000000,0.0000000000,21.6333300000
2023-02-21 23:45:00,0.0000000000,38.0000000000,0.0000000000,21.0500000000
2023-02-22 00:00:00,0.0000000000,37.0000000000,0.0000000000,19.9833300000
2023-02-22 00:15:00,0.0000000000,36.0000000000,0.0000000000,19.0666700000
2023-02-22 00:30:00,0.0000000000,37.0000000000,0.0000000000,18.3500000000
2023-02-22 00:45:00,0.0000000000,36.0000000000,0.0000000000,17.8500000000
2023-02-22 01:00:00,0.0000000000,36.0000000000,0.0000000000,17.5166700000
2023-02-22 01:15:00,0.0000000000,36.0000000000,0.0000000000,17.4000000000
2023-02-22 01:30:00,0.0000000000,35.0000000000,0.0000000000,17.7333300000
2023-02-22 01:45:00,0.0000000000,36.0000000000,0.0000000000,18.5166700000
2023-02-22 02:00:00,0.0000000000,35.0000000000,0.0000000000,19.3833300000
2023-02-22 02:15:00,0.0000000000,35.0000000000,0.0000000000,19.6500000000
2023-02-22 02:30:00,0.0000000000,35.0000000000,0.0000000000,19.4500000000
2023-02-22 02:45:00,0.0000000000,35.0000000000,0.0000000000,19.1666700000
2023-02-22 03:00:00,0.0000000000,35.0000000000,0.0000000000,19.1500000000
2023-02-22 03:15:00,0.0000000000,35.0000000000,0.0000000000,19.4166700000
2023-02-22 03:30:00,0.0000000000,35.0000000000,0.0000000000,19.9333300000
2023-02-22 03:45:00,0.0000000000,35.0000000000,0.0000000000,19.8833300000
2023-02-22 04:00:00,0.0000000000,35.0000000000,0.0000000000,19.5333300000
2023-02-22 04:15:00,0.0000000000,35.0000000000,0.0000000000,19.5666700000
2023-02-22 04:30:00,0.0000000000,34.0000000000,0.0000000000,19.5000000000
2023-02-22 04:45:00,0.0000000000,34.0000000000,0.0000000000,19.6000000000
2023-02-22 05:00:00,0.0000000000,35.0000000000,0.0000000000,19.5500000000
2023-02-22 05:15:00,0.0000000000,35.0000000000,0.0000000000,19.4000000000
2023-02-22 05:30:00,0.0000000000,34.0000000000,0.0000000000,18.9333300000
2023-02-22 05:45:00,0.0000000000,34.0000000000,0.0000000000,18.7000000000
2023-02-22 06:00:00,0.0000000000,34.0000000000,0.0000000000,18.7333300000
2023-02-22 06:15:00,0.0000000000,34.0000000000,0.0000000000,18.4333300000
2023-02-22 06:30:00,0.0000000000,33.0000000000,0.0000000000,17.9166700000
2023-02-22 06:45:00,4.8000000000,33.0000000000,5.4109140000,17.9666700000
2023-02-22 07:00:00,16.0000000000,33.0000000000,22.4268200000,18.2166700000
2023-02-22 07:15:00,33.2000000000,34.0000000000,47.4167000000,18.9833300000
2023-02-22 07:30:00,54.0000000000,33.0000000000,83.0860100000,20.2166700000
2023-02-22 07:45:00,79.6000000000,34.0000000000,122.1016000000,22.0000000000
2023-02-22 08:00:00,111.6000000000,34.0000000000,168.7351000000,24.4666700000
2023-02-22 08:15:00,142.8000000000,34.0000000000,217.3621000000,27.1833300000
2023-02-22 08:30:00,186.8000000000,34.0000000000,278.0925000000,29.7500000000
2023-02-22 08:45:00,222.4000000000,34.0000000000,332.7000000000,32.8333300000
2023-02-22 09:00:00,260.0000000000,34.0000000000,386.0260000000,35.8333300000
2023-02-22 09:15:00,300.0000000000,36.0000000000,445.8308000000,38.6833300000
2023-02-22 09:30:00,332.0000000000,35.0000000000,494.6003000000,41.6166600000
2023-02-22 09:45:00,368.0000000000,37.0000000000,548.8518000000,44.6000000000
2023-02-22 10:00:00,396.0000000000,36.0000000000,595.1293000000,47.1666700000
2023-02-22 10:15:00,428.0000000000,38.0000000000,638.5590000000,49.7333300000
2023-02-22 10:30:00,456.0000000000,39.0000000000,685.2638000000,52.0000000000
2023-02-22 10:45:00,476.0000000000,39.0000000000,718.4412000000,53.3833400000
2023-02-22 11:00:00,496.0000000000,41.0000000000,752.2595000000,53.8500000000
2023-02-22 11:15:00,516.0000000000,40.0000000000,781.7347000000,53.5666700000
2023-02-22 11:30:00,532.0000000000,40.0000000000,808.2908000000,54.0166700000
2023-02-22 11:45:00,544.0000000000,40.0000000000,830.6465000000,54.1500000000
2023-02-22 12:00:00,548.0000000000,41.0000000000,831.5720000000,55.5333300000
2023-02-22 12:15:00,556.0000000000,40.0000000000,847.3064000000,58.7333300000
2023-02-22 12:30:00,548.0000000000,41.0000000000,846.5233000000,59.3166700000
2023-02-22 12:45:00,548.0000000000,42.0000000000,837.6949000000,59.3333300000
2023-02-22 13:00:00,532.0000000000,42.0000000000,817.9736000000,57.8166700000
2023-02-22 13:15:00,524.0000000000,42.0000000000,807.7925000000,56.8166700000
2023-02-22 13:30:00,512.0000000000,43.0000000000,789.2103000000,56.6500000000
2023-02-22 13:45:00,496.0000000000,42.0000000000,764.7188000000,57.0166700000
2023-02-22 14:00:00,476.0000000000,42.0000000000,733.9620000000,56.1666700000
2023-02-22 14:15:00,456.0000000000,44.0000000000,706.7650000000,55.6166600000
2023-02-22 14:30:00,432.0000000000,42.0000000000,672.0925000000,54.4666700000
2023-02-22 14:45:00,400.0000000000,43.0000000000,628.2356000000,52.6166600000
2023-02-22 15:00:00,372.0000000000,43.0000000000,582.9548000000,51.3833400000
2023-02-22 15:15:00,340.0000000000,42.0000000000,538.3148000000,49.5500000000
2023-02-22 15:30:00,296.0000000000,42.0000000000,483.2089000000,47.1833300000
2023-02-22 15:45:00,272.0000000000,43.0000000000,424.4720000000,45.2833300000
2023-02-22 16:00:00,228.0000000000,43.0000000000,379.1199000000,43.7000000000
2023-02-22 16:15:00,212.0000000000,44.0000000000,331.5609000000,42.2333300000
2023-02-22 16:30:00,156.0000000000,42.0000000000,268.2674000000,41.2333300000
2023-02-22 16:45:00,120.0000000000,43.0000000000,209.6729000000,38.7500000000
2023-02-22 17:00:00,96.0000000000,42.0000000000,168.0943000000,36.8833400000
2023-02-22 17:15:00,60.0000000000,42.0000000000,109.7134000000,34.6166600000
2023-02-22 17:30:00,36.0000000000,42.0000000000,61.5135500000,32.2333300000
2023-02-22 17:45:00,16.0000000000,42.0000000000,24.6339000000,29.9500000000
2023-02-22 18:00:00,8.0000000000,42.0000000000,11.7473800000,28.1000000000
2023-02-22 18:15:00,0.0000000000,41.0000000000,1.0679440000,26.5666700000
2023-02-22 18:30:00,0.0000000000,42.0000000000,0.0000000000,25.7333300000
2023-02-22 18:45:00,0.0000000000,41.0000000000,0.0000000000,25.5000000000
2023-02-22 19:00:00,0.0000000000,42.0000000000,0.0000000000,25.1000000000
2023-02-22 19:15:00,0.0000000000,40.0000000000,0.0000000000,24.2500000000
2023-02-22 19:30:00,0.0000000000,39.0000000000,0.0000000000,23.5833300000
2023-02-22 19:45:00,0.0000000000,39.0000000000,0.0000000000,22.4333300000
2023-02-22 20:00:00,0.0000000000,38.0000000000,0.0000000000,22.2500000000
2023-02-22 20:15:00,0.0000000000,37.0000000000,0.0000000000,22.6166700000
2023-02-22 20:30:00,0.0000000000,37.0000000000,0.0000000000,22.8000000000
2023-02-22 20:45:00,0.0000000000,40.0000000000,0.0000000000,22.2666700000
2023-02-22 21:00:00,0.0000000000,38.0000000000,0.0000000000,22.4166700000
2023-02-22 21:15:00,0.0000000000,40.0000000000,0.0000000000,23.0833300000
2023-02-22 21:30:00,0.0000000000,39.0000000000,0.0000000000,22.2333300000
2023-02-22 21:45:00,0.0000000000,39.0000000000,0.0000000000,21.1166700000
2023-02-22 22:00:00,0.0000000000,38.0000000000,0.0000000000,20.6500000000
2023-02-22 22:15:00,0.0000000000,38.0000000000,0.0000000000,21.0333300000
2023-02-22 22:30:00,0.0000000000,37.0000000000,0.0000000000,21.0000000000
2023-02-22 22:45:00,0.0000000000,38.0000000000,0.0000000000,20.2833300000
2023-02-22 23:00:00,0.0000000000,37.0000000000,0.0000000000,19.7833300000
2023-02-22 23:15:00,0.0000000000,36.0000000000,0.0000000000,19.6333300000
2023-02-22 23:30:00,0.0000000000,38.0000000000,0.0000000000,19.3166700000
2023-02-22 23:45:00,0.0000000000,37.0000000000,0.0000000000,18.7666700000
2023-02-23 00:00:00,0.0000000000,37.0000000000,0.0000000000,18.3833300000
2023-02-23 00:15:00,0.0000000000,37.0000000000,0.0000000000,18.0000000000
2023-02-23 00:30:00,0.0000000000,37.0000000000,0.0000000000,17.7500000000
2023-02-23 00:45:00,0.0000000000,37.0000000000,0.0000000000,17.6000000000
2023-02-23 01:00:00,0.0000000000,37.0000000000,0.0000000000,17.5833300000
2023-02-23 01:15:00,0.0000000000,37.0000000000,0.0000000000,17.5000000000
2023-02-23 01:30:00,0.0000000000,36.0000000000,0.0000000000,17.5500000000
2023-02-23 01:45:00,0.0000000000,35.0000000000,0.0000000000,17.3333300000
2023-02-23 02:00:00,0.0000000000,36.0000000000,0.0000000000,17.2500000000
2023-02-23 02:15:00,0.0000000000,35.0000000000,0.0000000000,17.0166700000
2023-02-23 02:30:00,0.0000000000,35.0000000000,0.0000000000,17.0500000000
2023-02-23 02:45:00,0.0000000000,35.0000000000,0.0000000000,17.9833300000
2023-02-23 03:00:00,0.0000000000,36.0000000000,0.0000000000,18.3833300000
2023-02-23 03:15:00,0.0000000000,35.0000000000,0.0000000000,18.4000000000
2023-02-23 03:30:00,0.0000000000,34.0000000000,0.0000000000,18.5166700000
2023-02-23 03:45:00,0.0000000000,35.0000000000,0.0000000000,19.0000000000
2023-02-23 04:00:00,0.0000000000,34.0000000000,0.0000000000,20.0333300000
2023-02-23 04:15:00,0.0000000000,34.0000000000,0.0000000000,20.1333300000
2023-02-23 04:30:00,0.0000000000,35.0000000000,0.0000000000,20.4166700000
2023-02-23 04:45:00,0.0000000000,34.0000000000,0.0000000000,20.5500000000
2023-02-23 05:00:00,0.0000000000,34.0000000000,0.0000000000,20.0666700000
2023-02-23 05:15:00,0.0000000000,34.0000000000,0.0000000000,18.9500000000
2023-02-23 05:30:00,0.0000000000,35.0000000000,0.0000000000,17.9333300000
2023-02-23 05:45:00,0.0000000000,34.0000000000,0.0000000000,16.8000000000
2023-02-23 06:00:00,0.0000000000,34.0000000000,0.0000000000,16.2500000000
2023-02-23 06:15:00,0.0000000000,34.0000000000,0.0000000000,16.7500000000
2023-02-23 06:30:00,0.0000000000,34.0000000000,0.0000000000,17.3000000000
2023-02-23 06:45:00,6.8000000000,33.0000000000,7.4044090000,17.4833300000
2023-02-23 07:00:00,20.8000000000,33.0000000000,27.3393600000,17.5166700000
2023-02-23 07:15:00,39.2000000000,33.0000000000,53.9667500000,18.2166700000
2023-02-23 07:30:00,61.2000000000,33.0000000000,87.3577900000,19.2833300000
2023-02-23 07:45:00,83.6000000000,34.0000000000,121.4608000000,20.9666700000
2023-02-23 08:00:00,116.8000000000,34.0000000000,176.6378000000,23.9500000000
2023-02-23 08:15:00,150.4000000000,33.0000000000,207.8218000000,27.2333300000
2023-02-23 08:30:00,178.8000000000,34.0000000000,262.9989000000,30.1333300000
2023-02-23 08:45:00,231.2000000000,35.0000000000,343.7354000000,33.3000000000
2023-02-23 09:00:00,264.0000000000,34.0000000000,396.0647000000,36.0833300000
2023-02-23 09:15:00,300.0000000000,36.0000000000,444.3357000000,38.5666700000
2023-02-23 09:30:00,332.0000000000,37.0000000000,496.5226000000,41.7333300000
2023-02-23 09:45:00,364.0000000000,36.0000000000,543.0137000000,44.1166600000
2023-02-23 10:00:00,396.0000000000,37.0000000000,595.3430000000,46.3166700000
2023-02-23 10:15:00,428.0000000000,38.0000000000,639.3422000000,48.1833300000
2023-02-23 10:30:00,456.0000000000,38.0000000000,684.1959000000,49.7500000000
2023-02-23 10:45:00,484.0000000000,40.0000000000,731.1142000000,51.7166700000
2023-02-23 11:00:00,508.0000000000,40.0000000000,767.3530000000,53.0000000000
2023-02-23 11:15:00,524.0000000000,39.0000000000,798.6082000000,56.0000000000
2023-02-23 11:30:00,540.0000000000,39.0000000000,820.7502000000,57.6500000000
2023-02-23 11:45:00,548.0000000000,41.0000000000,843.4618000000,58.1333400000
2023-02-23 12:00:00,556.0000000000,42.0000000000,860.1929000000,58.4000000000
2023-02-23 12:15:00,568.0000000000,42.0000000000,869.7332000000,59.1333400000
2023-02-23 12:30:00,556.0000000000,42.0000000000,863.7527000000,59.3833400000
2023-02-23 12:45:00,560.0000000000,42.0000000000,871.7267000000,59.9666700000
2023-02-23 13:00:00,560.0000000000,42.0000000000,864.9631000000,59.8833400000
2023-02-23 13:15:00,540.0000000000,43.0000000000,832.6400000000,60.3666600000
2023-02-23 13:30:00,528.0000000000,43.0000000000,822.6013000000,58.9166700000
2023-02-23 13:45:00,516.0000000000,44.0000000000,804.9446000000,59.0833300000
2023-02-23 14:00:00,492.0000000000,44.0000000000,770.9128000000,59.4833300000
2023-02-23 14:15:00,472.0000000000,45.0000000000,732.6804000000,58.0000000000
2023-02-23 14:30:00,440.0000000000,43.0000000000,687.3997000000,56.7666700000
2023-02-23 14:45:00,420.0000000000,43.0000000000,663.3354000000,53.5500000000
2023-02-23 15:00:00,400.0000000000,44.0000000000,623.0383000000,51.8500000000
2023-02-23 15:15:00,360.0000000000,44.0000000000,571.5634000000,50.4500000000
2023-02-23 15:30:00,332.0000000000,44.0000000000,519.7325000000,48.7333300000
2023-02-23 15:45:00,288.0000000000,45.0000000000,464.1995000000,47.7666700000
2023-02-23 16:00:00,260.0000000000,45.0000000000,415.9284000000,47.7500000000
2023-02-23 16:15:00,228.0000000000,44.0000000000,374.2786000000,46.0333300000
2023-02-23 16:30:00,188.0000000000,45.0000000000,314.5450000000,43.6666700000
2023-02-23 16:45:00,156.0000000000,44.0000000000,261.5750000000,41.6666700000
2023-02-23 17:00:00,120.0000000000,43.0000000000,207.1098000000,39.3500000000
2023-02-23 17:15:00,92.0000000000,43.0000000000,159.1236000000,37.2833300000
2023-02-23 17:30:00,68.0000000000,43.0000000000,115.2667000000,35.8000000000
2023-02-23 17:45:00,32.0000000000,44.0000000000,58.6657000000,32.9500000000
2023-02-23 18:00:00,8.0000000000,43.0000000000,18.7958100000,30.1333300000
2023-02-23 18:15:00,4.0000000000,43.0000000000,1.4951210000,28.0000000000
2023-02-23 18:30:00,0.0000000000,42.0000000000,0.0000000000,27.0500000000
2023-02-23 18:45:00,0.0000000000,42.0000000000,0.0000000000,26.8333300000
2023-02-23 19:00:00,0.0000000000,41.0000000000,0.0000000000,25.9166700000
2023-02-23 19:15:00,0.0000000000,40.0000000000,0.0000000000,25.2333300000
2023-02-23 19:30:00,0.0000000000,41.0000000000,0.0000000000,24.3500000000
2023-02-23 19:45:00,0.0000000000,41.0000000000,0.0000000000,23.2666700000
2023-02-23 20:00:00,0.0000000000,39.0000000000,0.0000000000,22.4333300000
2023-02-23 20:15:00,0.0000000000,37.0000000000,0.0000000000,21.8500000000
2023-02-23 20:30:00,0.0000000000,37.0000000000,0.0000000000,22.2333300000
2023-02-23 20:45:00,0.0000000000,38.0000000000,0.0000000000,22.7000000000
2023-02-23 21:00:00,0.0000000000,39.0000000000,0.0000000000,21.8833300000
2023-02-23 21:15:00,0.0000000000,39.0000000000,0.0000000000,21.0666700000
2023-02-23 21:30:00,0.0000000000,38.0000000000,0.0000000000,20.8500000000
2023-02-23 21:45:00,0.0000000000,38.0000000000,0.0000000000,20.7666700000
2023-02-23 22:00:00,0.0000000000,38.0000000000,0.0000000000,21.0666700000
2023-02-23 22:15:00,0.0000000000,37.0000000000,0.0000000000,21.1000000000
2023-02-23 22:30:00,0.0000000000,38.0000000000,0.0000000000,21.0666700000
2023-02-23 22:45:00,0.0000000000,36.0000000000,0.0000000000,20.5333300000
2023-02-23 23:00:00,0.0000000000,37.0000000000,0.0000000000,19.2166700000
2023-02-23 23:15:00,0.0000000000,36.0000000000,0.0000000000,18.1000000000
2023-02-23 23:30:00,0.0000000000,37.0000000000,0.0000000000,17.2500000000
2023-02-23 23:45:00,0.0000000000,36.0000000000,0.0000000000,16.7000000000
2023-02-24 00:00:00,0.0000000000,37.0000000000,0.0000000000,16.2500000000
2023-02-24 00:15:00,0.0000000000,36.0000000000,0.0000000000,16.1333300000
2023-02-24 00:30:00,0.0000000000,35.0000000000,0.0000000000,15.9166700000
2023-02-24 00:45:00,0.0000000000,35.0000000000,0.0000000000,16.1666700000
2023-02-24 01:00:00,0.0000000000,35.0000000000,0.0000000000,16.2833300000
2023-02-24 01:15:00,0.0000000000,35.0000000000,0.0000000000,16.0166700000
2023-02-24 01:30:00,0.0000000000,35.0000000000,0.0000000000,15.9666700000
2023-02-24 01:45:00,0.0000000000,34.0000000000,0.0000000000,15.3500000000
2023-02-24 02:00:00,0.0000000000,34.0000000000,0.0000000000,14.9333300000
2023-02-24 02:15:00,0.0000000000,34.0000000000,0.0000000000,14.6500000000
2023-02-24 02:30:00,0.0000000000,34.0000000000,0.0000000000,14.5666700000
2023-02-24 02:45:00,0.0000000000,34.0000000000,0.0000000000,15.0000000000
2023-02-24 03:00:00,0.0000000000,34.0000000000,0.0000000000,14.7666700000
2023-02-24 03:15:00,0.0000000000,32.0000000000,0.0000000000,15.0000000000
2023-02-24 03:30:00,0.0000000000,30.0000000000,0.0000000000,15.3833300000
2023-02-24 03:45:00,0.0000000000,33.0000000000,0.0000000000,14.9833300000
2023-02-24 04:00:00,0.0000000000,33.0000000000,0.0000000000,14.3333300000
2023-02-24 04:15:00,0.0000000000,33.0000000000,0.0000000000,14.5000000000
2023-02-24 04:30:00,0.0000000000,33.0000000000,0.0000000000,14.8000000000
2023-02-24 04:45:00,0.0000000000,32.0000000000,0.0000000000,14.0500000000
2023-02-24 05:00:00,0.0000000000,33.0000000000,0.0000000000,13.5166700000
2023-02-24 05:15:00,0.0000000000,33.0000000000,0.0000000000,13.5166700000
2023-02-24 05:30:00,0.0000000000,31.0000000000,0.0000000000,13.2500000000
2023-02-24 05:45:00,0.0000000000,32.0000000000,0.0000000000,13.0833300000
2023-02-24 06:00:00,0.0000000000,31.0000000000,0.0000000000,12.7833300000
2023-02-24 06:15:00,0.0000000000,33.0000000000,0.0000000000,13.1666700000
2023-02-24 06:30:00,0.8000000000,32.0000000000,0.2847849000,14.3166700000
2023-02-24 06:45:00,7.6000000000,32.0000000000,9.6114910000,14.2500000000
2023-02-24 07:00:00,23.6000000000,32.0000000000,33.3198400000,14.4666700000
2023-02-24 07:15:00,46.4000000000,32.0000000000,68.6331700000,15.9500000000
2023-02-24 07:30:00,76.8000000000,32.0000000000,111.9205000000,17.6000000000
2023-02-24 07:45:00,111.6000000000,31.0000000000,162.8258000000,19.5166700000
2023-02-24 08:00:00,148.8000000000,33.0000000000,218.0029000000,21.7000000000
2023-02-24 08:15:00,184.4000000000,30.0000000000,277.1670000000,23.4833300000
2023-02-24 08:30:00,224.8000000000,32.0000000000,338.6805000000,26.2833300000
2023-02-24 08:45:00,261.6000000000,34.0000000000,397.6310000000,32.3833400000
2023-02-24 09:00:00,308.0000000000,33.0000000000,457.7918000000,36.9500000000
2023-02-24 09:15:00,340.0000000000,35.0000000000,512.7553000000,40.2833300000
2023-02-24 09:30:00,376.0000000000,35.0000000000,567.7188000000,42.3833400000
2023-02-24 09:45:00,416.0000000000,36.0000000000,619.6920000000,45.0333300000
2023-02-24 10:00:00,440.0000000000,36.0000000000,667.0375000000,48.3500000000
2023-02-24 10:15:00,464.0000000000,37.0000000000,705.7683000000,50.4333300000
2023-02-24 10:30:00,496.0000000000,39.0000000000,746.9197000000,51.4833300000
2023-02-24 10:45:00,512.0000000000,38.0000000000,783.7993000000,52.3666600000
2023-02-24 11:00:00,532.0000000000,38.0000000000,811.2100000000,53.4666700000
2023-02-24 11:15:00,548.0000000000,39.0000000000,838.9765000000,53.5500000000
2023-02-24 11:30:00,560.0000000000,41.0000000000,864.5359000000,55.5000000000
2023-02-24 11:45:00,572.0000000000,41.0000000000,886.9627000000,57.1000000000
2023-02-24 12:00:00,580.0000000000,42.0000000000,902.9819000000,58.1000000000
2023-02-24 12:15:00,580.0000000000,41.0000000000,909.8879000000,59.9333300000
2023-02-24 12:30:00,588.0000000000,43.0000000000,918.2179000000,60.4333300000
2023-02-24 12:45:00,580.0000000000,43.0000000000,912.3798000000,61.1833300000
2023-02-24 13:00:00,580.0000000000,44.0000000000,910.1727000000,58.9666700000
2023-02-24 13:15:00,568.0000000000,44.0000000000,900.0628000000,57.9500000000
2023-02-24 13:30:00,556.0000000000,44.0000000000,879.4159000000,58.8500000000
2023-02-24 13:45:00,544.0000000000,45.0000000000,853.7853000000,58.4833300000
2023-02-24 14:00:00,520.0000000000,45.0000000000,823.3132000000,59.9333300000
2023-02-24 14:15:00,504.0000000000,45.0000000000,799.4625000000,59.1833300000
2023-02-24 14:30:00,480.0000000000,45.0000000000,757.6703000000,57.9666700000
2023-02-24 14:45:00,444.0000000000,45.0000000000,705.4835000000,55.2333300000
2023-02-24 15:00:00,416.0000000000,45.0000000000,657.4260000000,53.7500000000
2023-02-24 15:15:00,384.0000000000,45.0000000000,614.2811000000,51.7333300000
2023-02-24 15:30:00,348.0000000000,46.0000000000,561.8807000000,52.0666700000
2023-02-24 15:45:00,308.0000000000,45.0000000000,497.8753000000,48.8166700000
2023-02-24 16:00:00,268.0000000000,46.0000000000,440.5623000000,47.1000000000
2023-02-24 16:15:00,224.0000000000,46.0000000000,376.9129000000,46.1333400000
2023-02-24 16:30:00,184.0000000000,45.0000000000,313.5482000000,44.1333400000
2023-02-24 16:45:00,140.0000000000,45.0000000000,253.1026000000,41.7333300000
2023-02-24 17:00:00,104.0000000000,45.0000000000,191.2331000000,39.1166600000
2023-02-24 17:15:00,72.0000000000,43.0000000000,136.6256000000,36.8166700000
2023-02-24 17:30:00,48.0000000000,43.0000000000,90.6328100000,34.4333300000
2023-02-24 17:45:00,28.0000000000,43.0000000000,51.8308600000,32.1000000000
2023-02-24 18:00:00,12.0000000000,44.0000000000,20.2197300000,29.9166700000
2023-02-24 18:15:00,0.0000000000,43.0000000000,1.7799060000,28.0166700000
2023-02-24 18:30:00,0.0000000000,43.0000000000,0.0000000000,26.5666700000
2023-02-24 18:45:00,0.0000000000,42.0000000000,0.0000000000,25.4666700000
2023-02-24 19:00:00,0.0000000000,43.0000000000,0.0000000000,24.2333300000
2023-02-24 19:15:00,0.0000000000,42.0000000000,0.0000000000,23.5166700000
2023-02-24 19:30:00,0.0000000000,41.0000000000,0.0000000000,22.8333300000
2023-02-24 19:45:00,0.0000000000,40.0000000000,0.0000000000,21.7000000000
2023-02-24 20:00:00,0.0000000000,42.0000000000,0.0000000000,20.7500000000
2023-02-24 20:15:00,0.0000000000,40.0000000000,0.0000000000,20.2333300000
2023-02-24 20:30:00,0.0000000000,39.0000000000,0.0000000000,19.9000000000
2023-02-24 20:45:00,0.0000000000,38.0000000000,0.0000000000,19.5166700000
2023-02-24 21:00:00,0.0000000000,39.0000000000,0.0000000000,19.2333300000
2023-02-24 21:15:00,0.0000000000,38.0000000000,0.0000000000,19.6500000000
2023-02-24 21:30:00,0.0000000000,38.0000000000,0.0000000000,19.8000000000
2023-02-24 21:45:00,0.0000000000,38.0000000000,0.0000000000,20.4166700000
2023-02-24 22:00:00,0.0000000000,37.0000000000,0.0000000000,20.5166700000
2023-02-24 22:15:00,0.0000000000,38.0000000000,0.0000000000,19.8500000000
2023-02-24 22:30:00,0.0000000000,38.0000000000,0.0000000000,19.3166700000
2023-02-24 22:45:00,0.0000000000,36.0000000000,0.0000000000,19.2833300000
2023-02-24 23:00:00,0.0000000000,37.0000000000,0.0000000000,18.5000000000
2023-02-24 23:15:00,0.0000000000,37.0000000000,0.0000000000,17.9000000000
2023-02-24 23:30:00,0.0000000000,36.0000000000,0.0000000000,17.9333300000
2023-02-24 23:45:00,0.0000000000,37.0000000000,0.0000000000,18.3500000000
2023-02-25 00:00:00,0.0000000000,36.0000000000,0.0000000000,19.4666700000
2023-02-25 00:15:00,0.0000000000,36.0000000000,0.0000000000,19.5166700000
2023-02-25 00:30:00,0.0000000000,35.0000000000,0.0000000000,19.7166700000
2023-02-25 00:45:00,0.0000000000,36.0000000000,0.0000000000,19.1833300000
2023-02-25 01:00:00,0.0000000000,36.0000000000,0.0000000000,19.4500000000
2023-02-25 01:15:00,0.0000000000,35.0000000000,0.0000000000,18.5500000000
2023-02-25 01:30:00,0.0000000000,35.0000000000,0.0000000000,17.6833300000
2023-02-25 01:45:00,0.0000000000,35.0000000000,0.0000000000,17.4000000000
2023-02-25 02:00:00,0.0000000000,34.0000000000,0.0000000000,17.2666700000
2023-02-25 02:15:00,0.0000000000,35.0000000000,0.0000000000,17.5333300000
2023-02-25 02:30:00,0.0000000000,34.0000000000,0.0000000000,17.2500000000
2023-02-25 02:45:00,0.0000000000,34.0000000000,0.0000000000,17.1333300000
2023-02-25 03:00:00,0.0000000000,35.0000000000,0.0000000000,16.6666700000
2023-02-25 03:15:00,0.0000000000,34.0000000000,0.0000000000,16.2166700000
2023-02-25 03:30:00,0.0000000000,34.0000000000,0.0000000000,16.0333300000
2023-02-25 03:45:00,0.0000000000,34.0000000000,0.0000000000,16.2666700000
2023-02-25 04:00:00,0.0000000000,34.0000000000,0.0000000000,16.6833300000
2023-02-25 04:15:00,0.0000000000,34.0000000000,0.0000000000,17.2333300000
2023-02-25 04:30:00,0.0000000000,34.0000000000,0.0000000000,17.1666700000
2023-02-25 04:45:00,0.0000000000,34.0000000000,0.0000000000,16.3000000000
2023-02-25 05:00:00,0.0000000000,33.0000000000,0.0000000000,15.6500000000
2023-02-25 05:15:00,0.0000000000,33.0000000000,0.0000000000,15.2500000000
2023-02-25 05:30:00,0.0000000000,33.0000000000,0.0000000000,14.9500000000
2023-02-25 05:45:00,0.0000000000,34.0000000000,0.0000000000,14.6166700000
2023-02-25 06:00:00,0.0000000000,33.0000000000,0.0000000000,14.4000000000
2023-02-25 06:15:00,0.0000000000,33.0000000000,0.0000000000,15.0000000000
2023-02-25 06:30:00,0.0000000000,32.0000000000,0.1423925000,16.3833300000
2023-02-25 06:45:00,4.0000000000,32.0000000000,8.6859420000,16.5833300000
2023-02-25 07:00:00,20.0000000000,34.0000000000,27.8377300000,16.8333300000
2023-02-25 07:15:00,44.0000000000,34.0000000000,61.2287600000,17.5833300000
2023-02-25 07:30:00,68.0000000000,32.0000000000,95.1893800000,18.9833300000
2023-02-25 07:45:00,88.0000000000,32.0000000000,129.7907000000,20.3666700000
2023-02-25 08:00:00,108.0000000000,34.0000000000,166.5992000000,22.3500000000
2023-02-25 08:15:00,132.0000000000,34.0000000000,201.0582000000,25.5000000000
2023-02-25 08:30:00,160.0000000000,34.0000000000,240.5721000000,27.7833300000
2023-02-25 08:45:00,192.0000000000,35.0000000000,293.9693000000,30.4833300000
2023-02-25 09:00:00,248.0000000000,35.0000000000,364.7383000000,33.2333300000
2023-02-25 09:15:00,276.0000000000,36.0000000000,412.0838000000,35.9166700000
2023-02-25 09:30:00,304.0000000000,36.0000000000,454.8728000000,38.6333400000
2023-02-25 09:45:00,328.0000000000,36.0000000000,491.1116000000,41.2666700000
2023-02-25 10:00:00,360.0000000000,37.0000000000,533.1174000000,43.8833400000
2023-02-25 10:15:00,384.0000000000,37.0000000000,574.4112000000,46.0666700000
2023-02-25 10:30:00,412.0000000000,38.0000000000,620.0480000000,48.2000000000
2023-02-25 10:45:00,436.0000000000,39.0000000000,659.2059000000,50.1166600000
2023-02-25 11:00:00,464.0000000000,38.0000000000,699.9302000000,50.6166600000
2023-02-25 11:15:00,480.0000000000,38.0000000000,723.7097000000,51.7000000000
2023-02-25 11:30:00,496.0000000000,40.0000000000,746.5637000000,52.8166700000
2023-02-25 11:45:00,508.0000000000,40.0000000000,770.9128000000,52.7000000000
2023-02-25 12:00:00,508.0000000000,40.0000000000,777.9612000000,53.4500000000
2023-02-25 12:15:00,512.0000000000,41.0000000000,780.8091000000,54.7166700000
2023-02-25 12:30:00,508.0000000000,41.0000000000,776.8221000000,56.4333300000
2023-02-25 12:45:00,500.0000000000,42.0000000000,765.0036000000,57.6333400000
2023-02-25 13:00:00,492.0000000000,42.0000000000,757.9551000000,57.3000000000
2023-02-25 13:15:00,484.0000000000,42.0000000000,742.6479000000,56.6666700000
2023-02-25 13:30:00,468.0000000000,42.0000000000,719.2956000000,56.7666700000
2023-02-25 13:45:00,456.0000000000,43.0000000000,705.4123000000,56.0166700000
2023-02-25 14:00:00,436.0000000000,42.0000000000,673.7300000000,54.8333300000
2023-02-25 14:15:00,412.0000000000,43.0000000000,639.6270000000,54.5833300000
2023-02-25 14:30:00,388.0000000000,42.0000000000,610.7925000000,53.1833300000
2023-02-25 14:45:00,364.0000000000,43.0000000000,567.0780000000,51.3333300000
2023-02-25 15:00:00,332.0000000000,42.0000000000,518.0950000000,50.1833300000
2023-02-25 15:15:00,300.0000000000,43.0000000000,474.3093000000,47.9166700000
2023-02-25 15:30:00,264.0000000000,43.0000000000,421.8377000000,45.5500000000
2023-02-25 15:45:00,244.0000000000,43.0000000000,385.0293000000,43.9166700000
2023-02-25 16:00:00,212.0000000000,43.0000000000,344.2338000000,42.5833300000
2023-02-25 16:15:00,176.0000000000,43.0000000000,292.6877000000,40.3000000000
2023-02-25 16:30:00,148.0000000000,43.0000000000,246.9086000000,39.0666700000
2023-02-25 16:45:00,112.0000000000,43.0000000000,191.8738000000,36.8833400000
2023-02-25 17:00:00,80.0000000000,44.0000000000,143.5316000000,34.7333300000
2023-02-25 17:15:00,56.0000000000,43.0000000000,102.3090000000,32.7500000000
2023-02-25 17:30:00,40.0000000000,43.0000000000,66.4260900000,31.1000000000
2023-02-25 17:45:00,20.0000000000,42.0000000000,34.7437700000,29.5666700000
2023-02-25 18:00:00,8.0000000000,42.0000000000,12.8865200000,28.1166700000
2023-02-25 18:15:00,0.0000000000,41.0000000000,1.2815320000,26.8666700000
2023-02-25 18:30:00,0.0000000000,41.0000000000,0.0000000000,25.7500000000
2023-02-25 18:45:00,0.0000000000,40.0000000000,0.0000000000,24.9000000000
2023-02-25 19:00:00,0.0000000000,40.0000000000,0.0000000000,24.3666700000
2023-02-25 19:15:00,0.0000000000,38.0000000000,0.0000000000,23.8166700000
2023-02-25 19:30:00,0.0000000000,40.0000000000,0.0000000000,23.3000000000
2023-02-25 19:45:00,0.0000000000,44.0000000000,0.0000000000,22.3166700000
2023-02-25 20:00:00,0.0000000000,41.0000000000,0.0000000000,21.8166700000
2023-02-25 20:15:00,0.0000000000,39.0000000000,0.0000000000,22.3833300000
2023-02-25 20:30:00,0.0000000000,39.0000000000,0.0000000000,23.0500000000
2023-02-25 20:45:00,0.0000000000,39.0000000000,0.0000000000,22.9833300000
2023-02-25 21:00:00,0.0000000000,38.0000000000,0.0000000000,21.8833300000
2023-02-25 21:15:00,0.0000000000,38.0000000000,0.0000000000,21.1666700000
2023-02-25 21:30:00,0.0000000000,39.0000000000,0.0000000000,20.6666700000
2023-02-25 21:45:00,0.0000000000,37.0000000000,0.0000000000,20.2833300000
2023-02-25 22:00:00,0.0000000000,38.0000000000,0.0000000000,19.9500000000
2023-02-25 22:15:00,0.0000000000,38.0000000000,0.0000000000,19.8333300000
2023-02-25 22:30:00,0.0000000000,38.0000000000,0.0000000000,19.4833300000
2023-02-25 22:45:00,0.0000000000,37.0000000000,0.0000000000,19.6166700000
2023-02-25 23:00:00,0.0000000000,38.0000000000,0.0000000000,19.6166700000
2023-02-25 23:15:00,0.0000000000,38.0000000000,0.0000000000,20.2000000000
2023-02-25 23:30:00,0.0000000000,37.0000000000,0.0000000000,20.8833300000
2023-02-25 23:45:00,0.0000000000,37.0000000000,0.0000000000,21.4500000000
2023-02-26 00:00:00,0.0000000000,37.0000000000,0.0000000000,21.1000000000
2023-02-26 00:15:00,0.0000000000,37.0000000000,0.0000000000,20.2833300000
2023-02-26 00:30:00,0.0000000000,37.0000000000,0.0000000000,19.2666700000
2023-02-26 00:45:00,0.0000000000,37.0000000000,0.0000000000,18.5666700000
2023-02-26 01:00:00,0.0000000000,37.0000000000,0.0000000000,18.1666700000
2023-02-26 01:15:00,0.0000000000,37.0000000000,0.0000000000,18.0166700000
2023-02-26 01:30:00,0.0000000000,36.0000000000,0.0000000000,18.7000000000
2023-02-26 01:45:00,0.0000000000,35.0000000000,0.0000000000,19.6000000000
2023-02-26 02:00:00,0.0000000000,36.0000000000,0.0000000000,20.2500000000
2023-02-26 02:15:00,0.0000000000,37.0000000000,0.0000000000,20.9000000000
2023-02-26 02:30:00,0.0000000000,36.0000000000,0.0000000000,21.1166700000
2023-02-26 02:45:00,0.0000000000,36.0000000000,0.0000000000,21.0666700000
2023-02-26 03:00:00,0.0000000000,35.0000000000,0.0000000000,21.4666700000
2023-02-26 03:15:00,0.0000000000,35.0000000000,0.0000000000,21.3666700000
2023-02-26 03:30:00,0.0000000000,36.0000000000,0.0000000000,21.1500000000
2023-02-26 03:45:00,0.0000000000,36.0000000000,0.0000000000,20.8166700000
2023-02-26 04:00:00,0.0000000000,36.0000000000,0.0000000000,20.7833300000
2023-02-26 04:15:00,0.0000000000,35.0000000000,0.0000000000,21.1833300000
2023-02-26 04:30:00,0.0000000000,35.0000000000,0.0000000000,21.4666700000
2023-02-26 04:45:00,0.0000000000,36.0000000000,0.0000000000,21.3500000000
2023-02-26 05:00:00,0.0000000000,36.0000000000,0.0000000000,21.2666700000
2023-02-26 05:15:00,0.0000000000,35.0000000000,0.0000000000,21.5833300000
2023-02-26 05:30:00,0.0000000000,35.0000000000,0.0000000000,21.7000000000
2023-02-26 05:45:00,0.0000000000,36.0000000000,0.0000000000,21.7666700000
2023-02-26 06:00:00,0.0000000000,35.0000000000,0.0000000000,21.7833300000
2023-02-26 06:15:00,0.0000000000,35.0000000000,0.0000000000,22.2166700000
2023-02-26 06:30:00,0.0000000000,36.0000000000,0.0000000000,22.5000000000
2023-02-26 06:45:00,0.0000000000,36.0000000000,0.7119625000,22.5166700000
2023-02-26 07:00:00,4.0000000000,35.0000000000,4.1293820000,22.6166700000
2023-02-26 07:15:00,4.0000000000,36.0000000000,7.4756050000,22.7166700000
2023-02-26 07:30:00,8.0000000000,36.0000000000,9.4690990000,22.9833300000
2023-02-26 07:45:00,4.0000000000,36.0000000000,10.8218300000,23.2333300000
2023-02-26 08:00:00,20.0000000000,36.0000000000,23.7795400000,23.3666700000
2023-02-26 08:15:00,52.0000000000,35.0000000000,64.5749900000,24.1833300000
2023-02-26 08:30:00,60.0000000000,35.0000000000,82.5164400000,25.7666700000
2023-02-26 08:45:00,60.0000000000,35.0000000000,84.9371100000,26.6333300000
2023-02-26 09:00:00,104.0000000000,36.0000000000,132.9234000000,27.7166700000
2023-02-26 09:15:00,92.0000000000,36.0000000000,128.3668000000,29.0833300000
2023-02-26 09:30:00,152.0000000000,36.0000000000,193.2266000000,30.1333300000
2023-02-26 09:45:00,232.0000000000,36.0000000000,295.4644000000,32.8833400000
2023-02-26 10:00:00,292.0000000000,37.0000000000,462.6331000000,37.5000000000
2023-02-26 10:15:00,384.0000000000,37.0000000000,543.4409000000,39.4833300000
2023-02-26 10:30:00,448.0000000000,38.0000000000,632.9346000000,44.6666700000
2023-02-26 10:45:00,504.0000000000,39.0000000000,709.1146000000,45.9166700000
2023-02-26 11:00:00,504.0000000000,40.0000000000,775.1134000000,48.7000000000
2023-02-26 11:15:00,524.0000000000,39.0000000000,795.4043000000,49.9333300000
2023-02-26 11:30:00,528.0000000000,40.0000000000,801.1000000000,51.3666600000
2023-02-26 11:45:00,548.0000000000,40.0000000000,826.3035000000,51.4833300000
2023-02-26 12:00:00,556.0000000000,41.0000000000,843.3194000000,52.8166700000
2023-02-26 12:15:00,560.0000000000,40.0000000000,849.4423000000,53.3500000000
2023-02-26 12:30:00,560.0000000000,41.0000000000,857.4875000000,52.8000000000
2023-02-26 12:45:00,552.0000000000,41.0000000000,850.6526000000,55.9333300000
2023-02-26 13:00:00,556.0000000000,40.0000000000,863.6104000000,55.8833400000
2023-02-26 13:15:00,540.0000000000,42.0000000000,835.9862000000,54.0833300000
2023-02-26 13:30:00,484.0000000000,42.0000000000,760.0910000000,51.9333300000
2023-02-26 13:45:00,392.0000000000,42.0000000000,735.4572000000,48.4666700000
2023-02-26 14:00:00,500.0000000000,41.0000000000,760.4470000000,49.0666700000
2023-02-26 14:15:00,476.0000000000,42.0000000000,731.2565000000,49.6166600000
2023-02-26 14:30:00,448.0000000000,42.0000000000,696.7264000000,50.7500000000
2023-02-26 14:45:00,376.0000000000,43.0000000000,664.7593000000,50.9500000000
2023-02-26 15:00:00,296.0000000000,42.0000000000,384.8869000000,46.9666700000
2023-02-26 15:15:00,356.0000000000,42.0000000000,478.3675000000,45.9000000000
2023-02-26 15:30:00,336.0000000000,42.0000000000,453.8048000000,45.5166700000
2023-02-26 15:45:00,320.0000000000,42.0000000000,518.9493000000,46.9000000000
2023-02-26 16:00:00,128.0000000000,42.0000000000,230.3198000000,42.9666700000
2023-02-26 16:15:00,124.0000000000,42.0000000000,176.4955000000,36.1833300000
2023-02-26 16:30:00,104.0000000000,42.0000000000,150.7224000000,33.4500000000
2023-02-26 16:45:00,80.0000000000,41.0000000000,114.6971000000,32.2500000000
2023-02-26 17:00:00,68.0000000000,41.0000000000,104.1601000000,31.3333300000
2023-02-26 17:15:00,60.0000000000,41.0000000000,102.7362000000,30.2333300000
2023-02-26 17:30:00,48.0000000000,41.0000000000,85.1507000000,28.7833300000
2023-02-26 17:45:00,24.0000000000,41.0000000000,47.7014800000,27.4500000000
2023-02-26 18:00:00,12.0000000000,39.0000000000,18.8670000000,26.0166700000
2023-02-26 18:15:00,0.0000000000,39.0000000000,2.4918680000,24.7000000000
2023-02-26 18:30:00,0.0000000000,40.0000000000,0.0000000000,23.8500000000
2023-02-26 18:45:00,0.0000000000,39.0000000000,0.0000000000,23.3000000000
2023-02-26 19:00:00,0.0000000000,38.0000000000,0.0000000000,22.7666700000
2023-02-26 19:15:00,0.0000000000,38.0000000000,0.0000000000,22.1833300000
2023-02-26 19:30:00,0.0000000000,39.0000000000,0.0000000000,21.6000000000
2023-02-26 19:45:00,0.0000000000,38.0000000000,0.0000000000,21.3666700000
2023-02-26 20:00:00,0.0000000000,37.0000000000,0.0000000000,21.5333300000
2023-02-26 20:15:00,0.0000000000,37.0000000000,0.0000000000,21.8000000000
2023-02-26 20:30:00,0.0000000000,37.0000000000,0.0000000000,21.5666700000
2023-02-26 20:45:00,0.0000000000,38.0000000000,0.0000000000,21.3000000000
2023-02-26 21:00:00,0.0000000000,37.0000000000,0.0000000000,21.0500000000
2023-02-26 21:15:00,0.0000000000,36.0000000000,0.0000000000,21.0166700000
2023-02-26 21:30:00,0.0000000000,36.0000000000,0.0000000000,20.8500000000
2023-02-26 21:45:00,0.0000000000,36.0000000000,0.0000000000,20.9833300000
2023-02-26 22:00:00,0.0000000000,35.0000000000,0.0000000000,20.6333300000
2023-02-26 22:15:00,0.0000000000,36.0000000000,0.0000000000,20.2500000000
2023-02-26 22:30:00,0.0000000000,36.0000000000,0.0000000000,19.9333300000
2023-02-26 22:45:00,0.0000000000,36.0000000000,0.0000000000,19.6000000000
2023-02-26 23:00:00,0.0000000000,35.0000000000,0.0000000000,19.0000000000
2023-02-26 23:15:00,0.0000000000,35.0000000000,0.0000000000,18.6500000000
2023-02-26 23:30:00,0.0000000000,35.0000000000,0.0000000000,18.6833300000
2023-02-26 23:45:00,0.0000000000,35.0000000000,0.0000000000,18.7666700000
2023-02-27 00:00:00,0.0000000000,35.0000000000,0.0000000000,18.7666700000
2023-02-27 00:15:00,0.0000000000,34.0000000000,0.0000000000,18.3666700000
2023-02-27 00:30:00,0.0000000000,34.0000000000,0.0000000000,17.7333300000
2023-02-27 00:45:00,0.0000000000,34.0000000000,0.0000000000,16.9666700000
2023-02-27 01:00:00,0.0000000000,34.0000000000,0.0000000000,15.9166700000
2023-02-27 01:15:00,0.0000000000,34.0000000000,0.0000000000,14.8166700000
2023-02-27 01:30:00,0.0000000000,34.0000000000,0.0000000000,14.2166700000
2023-02-27 01:45:00,0.0000000000,34.0000000000,0.0000000000,14.0166700000
2023-02-27 02:00:00,0.0000000000,34.0000000000,0.0000000000,13.9333300000
2023-02-27 02:15:00,0.0000000000,33.0000000000,0.0000000000,13.5666700000
2023-02-27 02:30:00,0.0000000000,34.0000000000,0.0000000000,13.3833300000
2023-02-27 02:45:00,0.0000000000,33.0000000000,0.0000000000,13.1333300000
2023-02-27 03:00:00,0.0000000000,32.0000000000,0.0000000000,12.9166700000
2023-02-27 03:15:00,0.0000000000,32.0000000000,0.0000000000,12.7666700000
2023-02-27 03:30:00,0.0000000000,32.0000000000,0.0000000000,12.5166700000
2023-02-27 03:45:00,0.0000000000,31.0000000000,0.0000000000,12.3333300000
2023-02-27 04:00:00,0.0000000000,32.0000000000,0.0000000000,12.1166700000
2023-02-27 04:15:00,0.0000000000,32.0000000000,0.0000000000,12.3500000000
2023-02-27 04:30:00,0.0000000000,31.0000000000,0.0000000000,12.8166700000
2023-02-27 04:45:00,0.0000000000,32.0000000000,0.0000000000,12.7833300000
2023-02-27 05:00:00,0.0000000000,32.0000000000,0.0000000000,12.2000000000
2023-02-27 05:15:00,0.0000000000,31.0000000000,0.0000000000,12.4166700000
2023-02-27 05:30:00,0.0000000000,31.0000000000,0.0000000000,13.4500000000
2023-02-27 05:45:00,0.0000000000,31.0000000000,0.0000000000,12.9833300000
2023-02-27 06:00:00,0.0000000000,30.0000000000,0.0000000000,12.4833300000
2023-02-27 06:15:00,0.0000000000,30.0000000000,0.0000000000,12.6166700000
2023-02-27 06:30:00,0.4000000000,31.0000000000,0.2135887000,12.8166700000
2023-02-27 06:45:00,8.0000000000,30.0000000000,9.5402960000,12.7333300000
2023-02-27 07:00:00,22.4000000000,30.0000000000,30.0448100000,13.6666700000
2023-02-27 07:15:00,42.0000000000,30.0000000000,58.6657000000,15.0000000000
2023-02-27 07:30:00,66.0000000000,31.0000000000,93.3382600000,16.3000000000
2023-02-27 07:45:00,95.6000000000,31.0000000000,134.2049000000,17.9666700000
2023-02-27 08:00:00,129.2000000000,31.0000000000,180.7672000000,19.6166700000
2023-02-27 08:15:00,165.2000000000,31.0000000000,233.2388000000,20.8166700000
2023-02-27 08:30:00,196.0000000000,31.0000000000,283.9306000000,22.3333300000
2023-02-27 08:45:00,229.2000000000,31.0000000000,334.9783000000,25.3666700000
2023-02-27 09:00:00,264.0000000000,34.0000000000,390.0130000000,30.7833300000
2023-02-27 09:15:00,300.0000000000,34.0000000000,444.4781000000,35.3833400000
2023-02-27 09:30:00,336.0000000000,33.0000000000,501.8622000000,38.9833300000
2023-02-27 09:45:00,368.0000000000,34.0000000000,549.5637000000,41.3333300000
2023-02-27 10:00:00,404.0000000000,35.0000000000,598.4044000000,43.8833400000
2023-02-27 10:15:00,440.0000000000,35.0000000000,651.5880000000,46.1666700000
2023-02-27 10:30:00,464.0000000000,35.0000000000,695.0176000000,47.6333400000
2023-02-27 10:45:00,488.0000000000,36.0000000000,727.9103000000,49.9833300000
2023-02-27 11:00:00,512.0000000000,36.0000000000,765.7867000000,51.2000000000
2023-02-27 11:15:00,524.0000000000,37.0000000000,791.4174000000,52.0000000000
2023-02-27 11:30:00,540.0000000000,38.0000000000,810.7115000000,52.8333300000
2023-02-27 11:45:00,536.0000000000,38.0000000000,817.4040000000,54.4000000000
2023-02-27 12:00:00,548.0000000000,39.0000000000,834.7047000000,53.3166700000
2023-02-27 12:15:00,552.0000000000,38.0000000000,838.1221000000,53.5500000000
2023-02-27 12:30:00,544.0000000000,36.0000000000,835.2743000000,54.1166600000
2023-02-27 12:45:00,544.0000000000,40.0000000000,833.5656000000,56.0166700000
2023-02-27 13:00:00,532.0000000000,40.0000000000,817.7600000000,56.6333400000
2023-02-27 13:15:00,524.0000000000,40.0000000000,805.7990000000,54.8500000000
2023-02-27 13:30:00,512.0000000000,40.0000000000,787.9999000000,53.3833400000
2023-02-27 13:45:00,496.0000000000,39.0000000000,769.0618000000,52.9333300000
2023-02-27 14:00:00,484.0000000000,40.0000000000,740.2273000000,51.8166700000
2023-02-27 14:15:00,456.0000000000,41.0000000000,710.8945000000,52.0333300000
2023-02-27 14:30:00,436.0000000000,40.0000000000,673.8012000000,51.4166700000
2023-02-27 14:45:00,408.0000000000,40.0000000000,633.4329000000,51.4000000000
2023-02-27 15:00:00,384.0000000000,40.0000000000,595.5565000000,49.5333300000
2023-02-27 15:15:00,352.0000000000,40.0000000000,549.9197000000,47.8500000000
2023-02-27 15:30:00,308.0000000000,40.0000000000,493.5323000000,46.4333300000
2023-02-27 15:45:00,284.0000000000,41.0000000000,448.8922000000,45.7833300000
2023-02-27 16:00:00,240.0000000000,41.0000000000,393.8576000000,44.7333300000
2023-02-27 16:15:00,208.0000000000,41.0000000000,344.0914000000,42.9333300000
2023-02-27 16:30:00,172.0000000000,40.0000000000,289.6975000000,40.8333300000
2023-02-27 16:45:00,136.0000000000,40.0000000000,231.2453000000,37.9333300000
2023-02-27 17:00:00,100.0000000000,40.0000000000,174.5020000000,34.8666600000
2023-02-27 17:15:00,64.0000000000,41.0000000000,121.6743000000,32.0000000000
2023-02-27 17:30:00,44.0000000000,40.0000000000,77.1767200000,29.5666700000
2023-02-27 17:45:00,24.0000000000,40.0000000000,41.7921900000,27.4500000000
2023-02-27 18:00:00,8.0000000000,41.0000000000,15.8055600000,25.4666700000
2023-02-27 18:15:00,4.0000000000,40.0000000000,1.7799060000,23.6000000000
2023-02-27 18:30:00,0.0000000000,39.0000000000,0.0000000000,21.9166700000
2023-02-27 18:45:00,0.0000000000,38.0000000000,0.0000000000,20.3500000000
2023-02-27 19:00:00,0.0000000000,38.0000000000,0.0000000000,19.0500000000
2023-02-27 19:15:00,0.0000000000,37.0000000000,0.0000000000,18.2333300000
2023-02-27 19:30:00,0.0000000000,37.0000000000,0.0000000000,17.6166700000
2023-02-27 19:45:00,0.0000000000,38.0000000000,0.0000000000,17.3000000000
2023-02-27 20:00:00,0.0000000000,37.0000000000,0.0000000000,16.8000000000
2023-02-27 20:15:00,0.0000000000,36.0000000000,0.0000000000,16.3833300000
2023-02-27 20:30:00,0.0000000000,36.0000000000,0.0000000000,16.0500000000
2023-02-27 20:45:00,0.0000000000,36.0000000000,0.0000000000,16.1500000000
2023-02-27 21:00:00,0.0000000000,36.0000000000,0.0000000000,16.0333300000
2023-02-27 21:15:00,0.0000000000,35.0000000000,0.0000000000,15.9000000000
2023-02-27 21:30:00,0.0000000000,35.0000000000,0.0000000000,15.6000000000
2023-02-27 21:45:00,0.0000000000,35.0000000000,0.0000000000,16.3500000000
2023-02-27 22:00:00,0.0000000000,35.0000000000,0.0000000000,16.7166700000
2023-02-27 22:15:00,0.0000000000,34.0000000000,0.0000000000,15.9500000000
2023-02-27 22:30:00,0.0000000000,35.0000000000,0.0000000000,15.3833300000
2023-02-27 22:45:00,0.0000000000,34.0000000000,0.0000000000,15.0166700000
2023-02-27 23:00:00,0.0000000000,34.0000000000,0.0000000000,15.0000000000
2023-02-27 23:15:00,0.0000000000,34.0000000000,0.0000000000,15.2333300000
2023-02-27 23:30:00,0.0000000000,34.0000000000,0.0000000000,15.0666700000
2023-02-27 23:45:00,0.0000000000,34.0000000000,0.0000000000,14.8333300000
2023-02-28 00:00:00,0.0000000000,34.0000000000,0.0000000000,14.6333300000
2023-02-28 00:15:00,0.0000000000,33.0000000000,0.0000000000,14.2000000000
2023-02-28 00:30:00,0.0000000000,34.0000000000,0.0000000000,13.6500000000
2023-02-28 00:45:00,0.0000000000,35.0000000000,0.0000000000,13.2166700000
2023-02-28 01:00:00,0.0000000000,34.0000000000,0.0000000000,13.1000000000
2023-02-28 01:15:00,0.0000000000,32.0000000000,0.0000000000,12.8333300000
2023-02-28 01:30:00,0.0000000000,33.0000000000,0.0000000000,12.6666700000
2023-02-28 01:45:00,0.0000000000,32.0000000000,0.0000000000,13.4166700000
2023-02-28 02:00:00,0.0000000000,32.0000000000,0.0000000000,14.4166700000
2023-02-28 02:15:00,0.0000000000,33.0000000000,0.0000000000,14.7333300000
2023-02-28 02:30:00,0.0000000000,32.0000000000,0.0000000000,13.5333300000
2023-02-28 02:45:00,0.0000000000,32.0000000000,0.0000000000,12.5666700000
2023-02-28 03:00:00,0.0000000000,32.0000000000,0.0000000000,12.1666700000
2023-02-28 03:15:00,0.0000000000,32.0000000000,0.0000000000,11.7500000000
2023-02-28 03:30:00,0.0000000000,30.0000000000,0.0000000000,11.4833300000
2023-02-28 03:45:00,0.0000000000,31.0000000000,0.0000000000,11.5000000000
2023-02-28 04:00:00,0.0000000000,31.0000000000,0.0000000000,11.3000000000
2023-02-28 04:15:00,0.0000000000,31.0000000000,0.0000000000,10.9666700000
2023-02-28 04:30:00,0.0000000000,31.0000000000,0.0000000000,10.8833300000
2023-02-28 04:45:00,0.0000000000,31.0000000000,0.0000000000,10.8000000000
2023-02-28 05:00:00,0.0000000000,31.0000000000,0.0000000000,10.8000000000
2023-02-28 05:15:00,0.0000000000,31.0000000000,0.0000000000,10.6500000000
2023-02-28 05:30:00,0.0000000000,30.0000000000,0.0000000000,10.5000000000
2023-02-28 05:45:00,0.0000000000,30.0000000000,0.0000000000,10.4833300000
2023-02-28 06:00:00,0.0000000000,31.0000000000,0.0000000000,10.3500000000
2023-02-28 06:15:00,0.0000000000,31.0000000000,0.0000000000,10.8333300000
2023-02-28 06:30:00,0.4000000000,30.0000000000,0.3559811000,11.7000000000
2023-02-28 06:45:00,8.0000000000,30.0000000000,9.6826890000,11.8666700000
2023-02-28 07:00:00,22.4000000000,31.0000000000,29.5464400000,12.1000000000
2023-02-28 07:15:00,41.6000000000,30.0000000000,58.5233100000,13.2166700000
2023-02-28 07:30:00,66.0000000000,30.0000000000,93.2670800000,14.7666700000
2023-02-28 07:45:00,94.8000000000,30.0000000000,133.9201000000,16.5500000000
2023-02-28 08:00:00,125.2000000000,30.0000000000,178.6313000000,18.3666700000
2023-02-28 08:15:00,155.6000000000,30.0000000000,227.4720000000,19.9166700000
2023-02-28 08:30:00,188.0000000000,30.0000000000,278.8756000000,21.6166700000
2023-02-28 08:45:00,222.0000000000,31.0000000000,328.1434000000,26.2500000000
2023-02-28 09:00:00,252.0000000000,31.0000000000,376.9128000000,30.7000000000
2023-02-28 09:15:00,292.0000000000,32.0000000000,429.7405000000,34.5166700000
2023-02-28 09:30:00,324.0000000000,33.0000000000,483.1377000000,38.0833300000
2023-02-28 09:45:00,356.0000000000,33.0000000000,526.2826000000,41.0166700000
2023-02-28 10:00:00,384.0000000000,34.0000000000,571.2074000000,42.6666700000
2023-02-28 10:15:00,412.0000000000,34.0000000000,615.2067000000,44.9666700000
2023-02-28 10:30:00,440.0000000000,35.0000000000,656.5717000000,48.2833300000
2023-02-28 10:45:00,456.0000000000,36.0000000000,691.4578000000,49.9833300000
2023-02-28 11:00:00,484.0000000000,36.0000000000,724.7065000000,51.2666700000
2023-02-28 11:15:00,500.0000000000,37.0000000000,756.5312000000,53.2833300000
2023-02-28 11:30:00,512.0000000000,38.0000000000,782.7314000000,55.2666700000
2023-02-28 11:45:00,532.0000000000,38.0000000000,808.1485000000,55.3833400000
2023-02-28 12:00:00,536.0000000000,39.0000000000,824.0964000000,55.9333300000
2023-02-28 12:15:00,544.0000000000,38.0000000000,835.8438000000,57.5833300000
2023-02-28 12:30:00,548.0000000000,40.0000000000,844.0314000000,57.1666700000
2023-02-28 12:45:00,552.0000000000,40.0000000000,847.4488000000,57.6500000000
2023-02-28 13:00:00,532.0000000000,41.0000000000,825.5204000000,58.8166700000
2023-02-28 13:15:00,524.0000000000,40.0000000000,809.7860000000,59.0333300000
2023-02-28 13:30:00,516.0000000000,40.0000000000,797.6826000000,58.6000000000
2023-02-28 13:45:00,496.0000000000,41.0000000000,776.6085000000,58.1166600000
2023-02-28 14:00:00,480.0000000000,41.0000000000,744.0007000000,56.2333300000
2023-02-28 14:15:00,460.0000000000,42.0000000000,717.8005000000,54.9166700000
2023-02-28 14:30:00,436.0000000000,41.0000000000,679.2121000000,53.4666700000
2023-02-28 14:45:00,404.0000000000,42.0000000000,636.7792000000,52.3333300000
2023-02-28 15:00:00,372.0000000000,42.0000000000,587.0842000000,50.9333300000
2023-02-28 15:15:00,344.0000000000,42.0000000000,542.6577000000,49.1166600000
2023-02-28 15:30:00,304.0000000000,42.0000000000,487.7654000000,47.7666700000
2023-02-28 15:45:00,268.0000000000,42.0000000000,434.5107000000,45.3666600000
2023-02-28 16:00:00,236.0000000000,43.0000000000,383.4629000000,43.0000000000
2023-02-28 16:15:00,200.0000000000,42.0000000000,329.7098000000,41.6666700000
2023-02-28 16:30:00,160.0000000000,43.0000000000,274.4615000000,39.5000000000
2023-02-28 16:45:00,128.0000000000,43.0000000000,221.9899000000,37.1500000000
2023-02-28 17:00:00,96.0000000000,42.0000000000,170.8710000000,35.1333400000
2023-02-28 17:15:00,68.0000000000,42.0000000000,123.8814000000,33.0833300000
2023-02-28 17:30:00,44.0000000000,41.0000000000,78.7430400000,31.0500000000
2023-02-28 17:45:00,20.0000000000,41.0000000000,41.5074100000,28.9500000000
2023-02-28 18:00:00,12.0000000000,41.0000000000,15.0936000000,27.1000000000
2023-02-28 18:15:00,0.0000000000,40.0000000000,1.5663170000,25.4666700000
2023-02-28 18:30:00,0.0000000000,40.0000000000,0.0000000000,24.0833300000
2023-02-28 18:45:00,0.0000000000,40.0000000000,0.0000000000,22.6833300000
2023-02-28 19:00:00,0.0000000000,40.0000000000,0.0000000000,20.9500000000
2023-02-28 19:15:00,0.0000000000,38.0000000000,0.0000000000,20.6166700000
2023-02-28 19:30:00,0.0000000000,38.0000000000,0.0000000000,20.0500000000
2023-02-28 19:45:00,0.0000000000,38.0000000000,0.0000000000,18.9833300000
2023-02-28 20:00:00,0.0000000000,38.0000000000,0.0000000000,17.9500000000
2023-02-28 20:15:00,0.0000000000,37.0000000000,0.0000000000,17.5333300000
2023-02-28 20:30:00,0.0000000000,37.0000000000,0.0000000000,17.2166700000
2023-02-28 20:45:00,0.0000000000,37.0000000000,0.0000000000,16.7500000000
2023-02-28 21:00:00,0.0000000000,36.0000000000,0.0000000000,16.8000000000
2023-02-28 21:15:00,0.0000000000,36.0000000000,0.0000000000,17.0000000000
2023-02-28 21:30:00,0.0000000000,36.0000000000,0.0000000000,17.1500000000
2023-02-28 21:45:00,0.0000000000,36.0000000000,0.0000000000,16.9500000000
2023-02-28 22:00:00,0.0000000000,36.0000000000,0.0000000000,17.9500000000
2023-02-28 22:15:00,0.0000000000,36.0000000000,0.0000000000,18.6333300000
2023-02-28 22:30:00,0.0000000000,35.0000000000,0.0000000000,18.7166700000
2023-02-28 22:45:00,0.0000000000,35.0000000000,0.0000000000,18.9000000000
2023-02-28 23:00:00,0.0000000000,36.0000000000,0.0000000000,17.9333300000
2023-02-28 23:15:00,0.0000000000,35.0000000000,0.0000000000,16.9166700000
2023-02-28 23:30:00,0.0000000000,35.0000000000,0.0000000000,16.2166700000
2023-02-28 23:45:00,0.0000000000,35.0000000000,0.0000000000,15.5166700000
2023-03-01 00:00:00,0.0000000000,35.0000000000,0.0000000000,15.2666700000
2023-03-01 00:15:00,0.0000000000,35.0000000000,0.0000000000,15.8166700000
2023-03-01 00:30:00,0.0000000000,34.0000000000,0.0000000000,15.6333300000
2023-03-01 00:45:00,0.0000000000,34.0000000000,0.0000000000,15.5333300000
2023-03-01 01:00:00,0.0000000000,34.0000000000,0.0000000000,15.0666700000
2023-03-01 01:15:00,0.0000000000,34.0000000000,0.0000000000,14.6500000000
2023-03-01 01:30:00,0.0000000000,33.0000000000,0.0000000000,14.0666700000
2023-03-01 01:45:00,0.0000000000,34.0000000000,0.0000000000,13.6666700000
2023-03-01 02:00:00,0.0000000000,33.0000000000,0.0000000000,13.8666700000
2023-03-01 02:15:00,0.0000000000,32.0000000000,0.0000000000,13.7500000000
2023-03-01 02:30:00,0.0000000000,33.0000000000,0.0000000000,13.4333300000
2023-03-01 02:45:00,0.0000000000,32.0000000000,0.0000000000,13.0666700000
2023-03-01 03:00:00,0.0000000000,32.0000000000,0.0000000000,13.1833300000
2023-03-01 03:15:00,0.0000000000,32.0000000000,0.0000000000,14.1833300000
2023-03-01 03:30:00,0.0000000000,32.0000000000,0.0000000000,14.7500000000
2023-03-01 03:45:00,0.0000000000,32.0000000000,0.0000000000,15.0500000000
2023-03-01 04:00:00,0.0000000000,32.0000000000,0.0000000000,15.2166700000
2023-03-01 04:15:00,0.0000000000,32.0000000000,0.0000000000,15.4833300000
2023-03-01 04:30:00,0.0000000000,31.0000000000,0.0000000000,15.3833300000
2023-03-01 04:45:00,0.0000000000,32.0000000000,0.0000000000,15.1000000000
2023-03-01 05:00:00,0.0000000000,31.0000000000,0.0000000000,14.1000000000
2023-03-01 05:15:00,0.0000000000,31.0000000000,0.0000000000,13.4666700000
2023-03-01 05:30:00,0.0000000000,31.0000000000,0.0000000000,12.7000000000
2023-03-01 05:45:00,0.0000000000,30.0000000000,0.0000000000,12.0500000000
2023-03-01 06:00:00,0.0000000000,32.0000000000,0.0000000000,12.0000000000
2023-03-01 06:15:00,0.0000000000,30.0000000000,0.0000000000,12.1333300000
2023-03-01 06:30:00,0.8000000000,31.0000000000,0.7831585000,12.1666700000
2023-03-01 06:45:00,8.0000000000,30.0000000000,9.8250820000,11.9333300000
2023-03-01 07:00:00,21.6000000000,30.0000000000,29.6176300000,12.2166700000
2023-03-01 07:15:00,40.8000000000,31.0000000000,57.8825400000,13.1833300000
2023-03-01 07:30:00,64.8000000000,30.0000000000,92.1279300000,14.9166700000
2023-03-01 07:45:00,93.6000000000,31.0000000000,132.7809000000,17.2000000000
2023-03-01 08:00:00,125.2000000000,32.0000000000,176.1395000000,19.3000000000
2023-03-01 08:15:00,157.2000000000,31.0000000000,223.9833000000,20.8166700000
2023-03-01 08:30:00,185.6000000000,31.0000000000,271.4000000000,22.6500000000
2023-03-01 08:45:00,215.2000000000,32.0000000000,319.2439000000,26.9833300000
2023-03-01 09:00:00,244.0000000000,31.0000000000,364.9519000000,30.9833300000
2023-03-01 09:15:00,276.0000000000,33.0000000000,415.0740000000,34.5333300000
2023-03-01 09:30:00,312.0000000000,33.0000000000,466.0506000000,37.9166700000
2023-03-01 09:45:00,344.0000000000,33.0000000000,512.0433000000,40.6000000000
2023-03-01 10:00:00,368.0000000000,34.0000000000,552.3404000000,42.8333300000
2023-03-01 10:15:00,392.0000000000,34.0000000000,587.7961000000,44.9333300000
2023-03-01 10:30:00,420.0000000000,36.0000000000,628.3780000000,46.2333300000
2023-03-01 10:45:00,444.0000000000,36.0000000000,666.3968000000,48.1166600000
2023-03-01 11:00:00,460.0000000000,37.0000000000,696.0856000000,49.9833300000
2023-03-01 11:15:00,480.0000000000,36.0000000000,726.4864000000,49.7666700000
2023-03-01 11:30:00,484.0000000000,38.0000000000,739.8713000000,51.7000000000
2023-03-01 11:45:00,496.0000000000,38.0000000000,756.0328000000,54.1333400000
2023-03-01 12:00:00,500.0000000000,39.0000000000,773.0488000000,55.4666700000
2023-03-01 12:15:00,508.0000000000,46.0000000000,779.4564000000,56.0333300000
2023-03-01 12:30:00,508.0000000000,39.0000000000,787.0032000000,56.4333300000
2023-03-01 12:45:00,508.0000000000,40.0000000000,781.5923000000,57.0166700000
2023-03-01 13:00:00,508.0000000000,41.0000000000,790.5630000000,57.5500000000
2023-03-01 13:15:00,500.0000000000,41.0000000000,788.2847000000,58.2666700000
2023-03-01 13:30:00,500.0000000000,42.0000000000,773.9031000000,58.8666600000
2023-03-01 13:45:00,484.0000000000,43.0000000000,758.5959000000,58.1500000000
2023-03-01 14:00:00,476.0000000000,43.0000000000,737.1659000000,58.4333300000
2023-03-01 14:15:00,452.0000000000,42.0000000000,711.2504000000,57.3166700000
2023-03-01 14:30:00,420.0000000000,43.0000000000,666.8951000000,55.7666700000
2023-03-01 14:45:00,396.0000000000,42.0000000000,629.1611000000,53.0500000000
2023-03-01 15:00:00,364.0000000000,43.0000000000,571.0650000000,51.6500000000
2023-03-01 15:15:00,344.0000000000,43.0000000000,542.7289000000,50.7166700000
2023-03-01 15:30:00,304.0000000000,43.0000000000,490.5421000000,50.5500000000
2023-03-01 15:45:00,272.0000000000,43.0000000000,443.3390000000,49.5166700000
2023-03-01 16:00:00,232.0000000000,43.0000000000,381.6830000000,47.4500000000
2023-03-01 16:15:00,188.0000000000,44.0000000000,319.4575000000,44.7333300000
2023-03-01 16:30:00,156.0000000000,43.0000000000,263.7821000000,42.6500000000
2023-03-01 16:45:00,120.0000000000,42.0000000000,208.1066000000,39.9000000000
2023-03-01 17:00:00,92.0000000000,43.0000000000,158.0556000000,37.4500000000
2023-03-01 17:15:00,60.0000000000,42.0000000000,110.4254000000,35.2500000000
2023-03-01 17:30:00,40.0000000000,42.0000000000,71.8370000000,32.8833400000
2023-03-01 17:45:00,24.0000000000,42.0000000000,40.0122800000,30.5500000000
2023-03-01 18:00:00,8.0000000000,42.0000000000,14.5952300000,28.5000000000
2023-03-01 18:15:00,4.0000000000,41.0000000000,1.2815320000,26.5666700000
2023-03-01 18:30:00,0.0000000000,41.0000000000,0.0000000000,25.0833300000
2023-03-01 18:45:00,0.0000000000,40.0000000000,0.0000000000,24.4833300000
2023-03-01 19:00:00,0.0000000000,39.0000000000,0.0000000000,23.4666700000
2023-03-01 19:15:00,0.0000000000,39.0000000000,0.0000000000,22.1000000000
2023-03-01 19:30:00,0.0000000000,38.0000000000,0.0000000000,21.1500000000
2023-03-01 19:45:00,0.0000000000,40.0000000000,0.0000000000,20.5833300000
2023-03-01 20:00:00,0.0000000000,39.0000000000,0.0000000000,20.5833300000
2023-03-01 20:15:00,0.0000000000,38.0000000000,0.0000000000,19.9833300000
2023-03-01 20:30:00,0.0000000000,38.0000000000,0.0000000000,19.9500000000
2023-03-01 20:45:00,0.0000000000,37.0000000000,0.0000000000,19.5166700000
2023-03-01 21:00:00,0.0000000000,37.0000000000,0.0000000000,18.8666700000
2023-03-01 21:15:00,0.0000000000,37.0000000000,0.0000000000,19.2000000000
2023-03-01 21:30:00,0.0000000000,37.0000000000,0.0000000000,19.5000000000
2023-03-01 21:45:00,0.0000000000,36.0000000000,0.0000000000,19.0000000000
2023-03-01 22:00:00,0.0000000000,36.0000000000,0.0000000000,18.2333300000
2023-03-01 22:15:00,0.0000000000,36.0000000000,0.0000000000,17.8666700000
2023-03-01 22:30:00,0.0000000000,36.0000000000,0.0000000000,17.3666700000
2023-03-01 22:45:00,0.0000000000,36.0000000000,0.0000000000,17.0000000000
2023-03-01 23:00:00,0.0000000000,36.0000000000,0.0000000000,16.9000000000
2023-03-01 23:15:00,0.0000000000,35.0000000000,0.0000000000,17.2500000000
2023-03-01 23:30:00,0.0000000000,35.0000000000,0.0000000000,18.1166700000
2023-03-01 23:45:00,0.0000000000,36.0000000000,0.0000000000,17.9166700000
2023-03-02 00:00:00,0.0000000000,35.0000000000,0.0000000000,17.8333300000
2023-03-02 00:15:00,0.0000000000,35.0000000000,0.0000000000,17.5500000000
2023-03-02 00:30:00,0.0000000000,34.0000000000,0.0000000000,17.1333300000
2023-03-02 00:45:00,0.0000000000,34.0000000000,0.0000000000,16.6666700000
2023-03-02 01:00:00,0.0000000000,35.0000000000,0.0000000000,16.3333300000
2023-03-02 01:15:00,0.0000000000,35.0000000000,0.0000000000,15.7833300000
2023-03-02 01:30:00,0.0000000000,34.0000000000,0.0000000000,14.9166700000
2023-03-02 01:45:00,0.0000000000,35.0000000000,0.0000000000,14.3000000000
2023-03-02 02:00:00,0.0000000000,33.0000000000,0.0000000000,13.8666700000
2023-03-02 02:15:00,0.0000000000,33.0000000000,0.0000000000,13.5500000000
2023-03-02 02:30:00,0.0000000000,32.0000000000,0.0000000000,13.3333300000
2023-03-02 02:45:00,0.0000000000,32.0000000000,0.0000000000,13.1666700000
2023-03-02 03:00:00,0.0000000000,33.0000000000,0.0000000000,13.3500000000
2023-03-02 03:15:00,0.0000000000,33.0000000000,0.0000000000,13.1166700000
2023-03-02 03:30:00,0.0000000000,32.0000000000,0.0000000000,12.9833300000
2023-03-02 03:45:00,0.0000000000,33.0000000000,0.0000000000,13.1833300000
2023-03-02 04:00:00,0.0000000000,32.0000000000,0.0000000000,12.8166700000
2023-03-02 04:15:00,0.0000000000,31.0000000000,0.0000000000,12.7333300000
2023-03-02 04:30:00,0.0000000000,32.0000000000,0.0000000000,13.1166700000
2023-03-02 04:45:00,0.0000000000,31.0000000000,0.0000000000,13.6500000000
2023-03-02 05:00:00,0.0000000000,31.0000000000,0.0000000000,13.7000000000
2023-03-02 05:15:00,0.0000000000,32.0000000000,0.0000000000,14.0000000000
2023-03-02 05:30:00,0.0000000000,32.0000000000,0.0000000000,14.3833300000
2023-03-02 05:45:00,0.0000000000,31.0000000000,0.0000000000,14.2000000000
2023-03-02 06:00:00,0.0000000000,31.0000000000,0.0000000000,13.8666700000
2023-03-02 06:15:00,0.0000000000,31.0000000000,0.0000000000,13.1666700000
2023-03-02 06:30:00,0.8000000000,31.0000000000,0.2847850000,13.5666700000
2023-03-02 06:45:00,8.0000000000,31.0000000000,9.5402970000,13.0333300000
2023-03-02 07:00:00,20.8000000000,31.0000000000,28.6920900000,13.4000000000
2023-03-02 07:15:00,38.8000000000,31.0000000000,54.8923000000,14.7166700000
2023-03-02 07:30:00,61.2000000000,31.0000000000,87.2153900000,15.7166700000
2023-03-02 07:45:00,88.8000000000,31.0000000000,125.8037000000,17.5500000000
2023-03-02 08:00:00,118.4000000000,32.0000000000,167.8807000000,19.3333300000
2023-03-02 08:15:00,150.4000000000,32.0000000000,214.6567000000,20.6833300000
2023-03-02 08:30:00,180.4000000000,32.0000000000,263.5685000000,22.6833300000
2023-03-02 08:45:00,208.4000000000,32.0000000000,311.4835000000,26.2333300000
2023-03-02 09:00:00,244.0000000000,33.0000000000,361.7481000000,30.6500000000
2023-03-02 09:15:00,268.0000000000,33.0000000000,406.3169000000,34.5166700000
2023-03-02 09:30:00,304.0000000000,33.0000000000,456.0831000000,37.6166600000
2023-03-02 09:45:00,336.0000000000,34.0000000000,502.5742000000,39.8333300000
2023-03-02 10:00:00,360.0000000000,35.0000000000,542.9425000000,42.5500000000
2023-03-02 10:15:00,396.0000000000,35.0000000000,592.5663000000,45.2500000000
2023-03-02 10:30:00,420.0000000000,37.0000000000,629.5883000000,46.8833400000
2023-03-02 10:45:00,436.0000000000,36.0000000000,661.2706000000,48.9000000000
2023-03-02 11:00:00,456.0000000000,37.0000000000,688.8948000000,50.6500000000
2023-03-02 11:15:00,464.0000000000,38.0000000000,713.3863000000,51.9166700000
2023-03-02 11:30:00,480.0000000000,39.0000000000,730.7582000000,53.2666700000
2023-03-02 11:45:00,492.0000000000,39.0000000000,754.8937000000,53.8500000000
2023-03-02 12:00:00,504.0000000000,39.0000000000,773.1199000000,54.5500000000
2023-03-02 12:15:00,496.0000000000,39.0000000000,774.4015000000,56.1166600000
2023-03-02 12:30:00,500.0000000000,40.0000000000,771.1265000000,57.1833300000
2023-03-02 12:45:00,492.0000000000,41.0000000000,768.7770000000,58.6333400000
2023-03-02 13:00:00,488.0000000000,40.0000000000,765.3595000000,59.8666600000
2023-03-02 13:15:00,488.0000000000,41.0000000000,758.2399000000,60.5166700000
2023-03-02 13:30:00,476.0000000000,42.0000000000,745.1398000000,60.7833300000
2023-03-02 13:45:00,460.0000000000,43.0000000000,723.2114000000,59.6666700000
2023-03-02 14:00:00,448.0000000000,43.0000000000,703.9883000000,57.8333300000
2023-03-02 14:15:00,436.0000000000,44.0000000000,687.0437000000,56.7833300000
2023-03-02 14:30:00,412.0000000000,43.0000000000,655.8597000000,56.3333300000
2023-03-02 14:45:00,384.0000000000,44.0000000000,615.9186000000,55.3833400000
2023-03-02 15:00:00,360.0000000000,44.0000000000,567.6476000000,53.4333300000
2023-03-02 15:15:00,316.0000000000,44.0000000000,516.8847000000,51.7833300000
2023-03-02 15:30:00,292.0000000000,45.0000000000,469.9664000000,50.1500000000
2023-03-02 15:45:00,272.0000000000,44.0000000000,441.4879000000,48.7000000000
2023-03-02 16:00:00,220.0000000000,44.0000000000,371.0748000000,47.2166700000
2023-03-02 16:15:00,188.0000000000,44.0000000000,317.7488000000,44.5166700000
2023-03-02 16:30:00,148.0000000000,44.0000000000,251.6787000000,41.4833300000
2023-03-02 16:45:00,112.0000000000,43.0000000000,199.5630000000,39.0500000000
2023-03-02 17:00:00,84.0000000000,43.0000000000,146.8779000000,36.7666700000
2023-03-02 17:15:00,56.0000000000,44.0000000000,100.9563000000,34.5000000000
2023-03-02 17:30:00,36.0000000000,43.0000000000,64.7173800000,32.1666700000
2023-03-02 17:45:00,20.0000000000,42.0000000000,36.0253000000,30.1000000000
2023-03-02 18:00:00,8.0000000000,41.0000000000,13.3848900000,28.3666700000
2023-03-02 18:15:00,0.0000000000,42.0000000000,1.1391400000,26.2666700000
2023-03-02 18:30:00,0.0000000000,41.0000000000,0.0000000000,24.1000000000
2023-03-02 18:45:00,0.0000000000,41.0000000000,0.0000000000,22.7500000000
2023-03-02 19:00:00,0.0000000000,40.0000000000,0.0000000000,21.4166700000
2023-03-02 19:15:00,0.0000000000,40.0000000000,0.0000000000,20.3166700000
2023-03-02 19:30:00,0.0000000000,42.0000000000,0.0000000000,19.8833300000
2023-03-02 19:45:00,0.0000000000,39.0000000000,0.0000000000,19.6166700000
2023-03-02 20:00:00,0.0000000000,38.0000000000,0.0000000000,19.1666700000
2023-03-02 20:15:00,0.0000000000,38.0000000000,0.0000000000,19.0833300000
2023-03-02 20:30:00,0.0000000000,38.0000000000,0.0000000000,18.7500000000
2023-03-02 20:45:00,0.0000000000,37.0000000000,0.0000000000,19.1500000000
2023-03-02 21:00:00,0.0000000000,38.0000000000,0.0000000000,19.0833300000
2023-03-02 21:15:00,0.0000000000,38.0000000000,0.0000000000,19.4500000000
2023-03-02 21:30:00,0.0000000000,37.0000000000,0.0000000000,19.6833300000
2023-03-02 21:45:00,0.0000000000,37.0000000000,0.0000000000,20.4166700000
2023-03-02 22:00:00,0.0000000000,37.0000000000,0.0000000000,21.1833300000
2023-03-02 22:15:00,0.0000000000,37.0000000000,0.0000000000,20.4000000000
2023-03-02 22:30:00,0.0000000000,36.0000000000,0.0000000000,18.8833300000
2023-03-02 22:45:00,0.0000000000,36.0000000000,0.0000000000,18.2500000000
2023-03-02 23:00:00,0.0000000000,37.0000000000,0.0000000000,17.4000000000
2023-03-02 23:15:00,0.0000000000,36.0000000000,0.0000000000,17.0000000000
2023-03-02 23:30:00,0.0000000000,36.0000000000,0.0000000000,16.2833300000
2023-03-02 23:45:00,0.0000000000,36.0000000000,0.0000000000,15.8666700000
2023-03-03 00:00:00,0.0000000000,36.0000000000,0.0000000000,15.6833300000
2023-03-03 00:15:00,0.0000000000,35.0000000000,0.0000000000,15.4500000000
2023-03-03 00:30:00,0.0000000000,35.0000000000,0.0000000000,15.4666700000
2023-03-03 00:45:00,0.0000000000,35.0000000000,0.0000000000,15.5666700000
2023-03-03 01:00:00,0.0000000000,34.0000000000,0.0000000000,15.6833300000
2023-03-03 01:15:00,0.0000000000,34.0000000000,0.0000000000,16.1166700000
2023-03-03 01:30:00,0.0000000000,34.0000000000,0.0000000000,15.4833300000
2023-03-03 01:45:00,0.0000000000,33.0000000000,0.0000000000,14.7666700000
2023-03-03 02:00:00,0.0000000000,34.0000000000,0.0000000000,14.5333300000
2023-03-03 02:15:00,0.0000000000,32.0000000000,0.0000000000,14.7333300000
2023-03-03 02:30:00,0.0000000000,32.0000000000,0.0000000000,14.3833300000
2023-03-03 02:45:00,0.0000000000,34.0000000000,0.0000000000,13.9500000000
2023-03-03 03:00:00,0.0000000000,33.0000000000,0.0000000000,14.1500000000
2023-03-03 03:15:00,0.0000000000,33.0000000000,0.0000000000,14.4500000000
2023-03-03 03:30:00,0.0000000000,32.0000000000,0.0000000000,14.7166700000
2023-03-03 03:45:00,0.0000000000,32.0000000000,0.0000000000,14.3500000000
2023-03-03 04:00:00,0.0000000000,33.0000000000,0.0000000000,13.9166700000
2023-03-03 04:15:00,0.0000000000,32.0000000000,0.0000000000,13.8666700000
2023-03-03 04:30:00,0.0000000000,32.0000000000,0.0000000000,14.4166700000
2023-03-03 04:45:00,0.0000000000,32.0000000000,0.0000000000,15.0166700000
2023-03-03 05:00:00,0.0000000000,32.0000000000,0.0000000000,15.1666700000
2023-03-03 05:15:00,0.0000000000,32.0000000000,0.0000000000,14.7333300000
2023-03-03 05:30:00,0.0000000000,32.0000000000,0.0000000000,14.5833300000
2023-03-03 05:45:00,0.0000000000,32.0000000000,0.0000000000,14.2666700000
2023-03-03 06:00:00,0.0000000000,31.0000000000,0.0000000000,13.5666700000
2023-03-03 06:15:00,0.0000000000,32.0000000000,0.0000000000,13.5333300000
2023-03-03 06:30:00,0.8000000000,31.0000000000,0.7831585000,13.6333300000
2023-03-03 06:45:00,8.0000000000,31.0000000000,9.8250820000,13.3500000000
2023-03-03 07:00:00,20.8000000000,31.0000000000,28.9056800000,13.9500000000
2023-03-03 07:15:00,40.0000000000,31.0000000000,56.2450300000,15.0166700000
2023-03-03 07:30:00,60.8000000000,31.0000000000,88.3545300000,16.2166700000
2023-03-03 07:45:00,83.6000000000,32.0000000000,125.7326000000,18.1333300000
2023-03-03 08:00:00,110.0000000000,32.0000000000,167.0975000000,21.1500000000
2023-03-03 08:15:00,140.4000000000,32.0000000000,214.3719000000,24.1833300000
2023-03-03 08:30:00,169.6000000000,32.0000000000,258.1576000000,26.9166700000
2023-03-03 08:45:00,200.0000000000,32.0000000000,300.8753000000,29.7166700000
2023-03-03 09:00:00,232.0000000000,33.0000000000,345.6577000000,32.3666600000
2023-03-03 09:15:00,260.0000000000,33.0000000000,393.0032000000,34.8333300000
2023-03-03 09:30:00,296.0000000000,34.0000000000,440.3488000000,37.8833400000
2023-03-03 09:45:00,328.0000000000,35.0000000000,490.8269000000,41.1166600000
2023-03-03 10:00:00,356.0000000000,35.0000000000,538.2435000000,43.9833300000
2023-03-03 10:15:00,388.0000000000,36.0000000000,581.3173000000,45.9500000000
2023-03-03 10:30:00,416.0000000000,36.0000000000,625.3878000000,47.6500000000
2023-03-03 10:45:00,436.0000000000,37.0000000000,655.1478000000,49.8333300000
2023-03-03 11:00:00,452.0000000000,37.0000000000,685.4062000000,51.4166700000
2023-03-03 11:15:00,468.0000000000,38.0000000000,716.7325000000,51.7000000000
2023-03-03 11:30:00,492.0000000000,39.0000000000,747.4893000000,52.1833300000
2023-03-03 11:45:00,508.0000000000,39.0000000000,772.4080000000,52.9166700000
2023-03-03 12:00:00,516.0000000000,40.0000000000,784.6537000000,54.7500000000
2023-03-03 12:15:00,520.0000000000,40.0000000000,795.3331000000,56.0833300000
2023-03-03 12:30:00,516.0000000000,42.0000000000,792.6277000000,56.5000000000
2023-03-03 12:45:00,512.0000000000,41.0000000000,785.2233000000,56.3333300000
2023-03-03 13:00:00,500.0000000000,42.0000000000,775.8254000000,57.2166700000
2023-03-03 13:15:00,488.0000000000,42.0000000000,760.2334000000,57.3666600000
2023-03-03 13:30:00,472.0000000000,42.0000000000,731.3990000000,56.5000000000
2023-03-03 13:45:00,456.0000000000,42.0000000000,709.7553000000,55.8333300000
2023-03-03 14:00:00,436.0000000000,43.0000000000,681.5616000000,54.4500000000
2023-03-03 14:15:00,420.0000000000,42.0000000000,653.1543000000,54.2666700000
2023-03-03 14:30:00,388.0000000000,43.0000000000,612.4300000000,54.2333300000
2023-03-03 14:45:00,364.0000000000,42.0000000000,570.4954000000,52.5833300000
2023-03-03 15:00:00,324.0000000000,43.0000000000,520.3733000000,50.8166700000
2023-03-03 15:15:00,292.0000000000,44.0000000000,470.3935000000,49.1500000000
2023-03-03 15:30:00,260.0000000000,43.0000000000,421.4105000000,47.1333400000
2023-03-03 15:45:00,228.0000000000,42.0000000000,368.2270000000,45.8500000000
2023-03-03 16:00:00,204.0000000000,43.0000000000,331.4897000000,44.6666700000
2023-03-03 16:15:00,168.0000000000,43.0000000000,282.8626000000,42.9833300000
2023-03-03 16:30:00,132.0000000000,43.0000000000,224.4817000000,40.3000000000
2023-03-03 16:45:00,100.0000000000,43.0000000000,177.4210000000,38.3333300000
2023-03-03 17:00:00,76.0000000000,42.0000000000,132.6386000000,36.4833300000
2023-03-03 17:15:00,52.0000000000,42.0000000000,92.9110900000,34.5333300000
2023-03-03 17:30:00,36.0000000000,41.0000000000,58.4521100000,32.5000000000
2023-03-03 17:45:00,16.0000000000,42.0000000000,32.0383100000,30.3666700000
2023-03-03 18:00:00,8.0000000000,42.0000000000,13.1713100000,28.4166700000
2023-03-03 18:15:00,4.0000000000,42.0000000000,1.7799060000,26.9500000000
2023-03-03 18:30:00,0.0000000000,42.0000000000,0.0000000000,26.4666700000
2023-03-03 18:45:00,0.0000000000,42.0000000000,0.0000000000,26.7666700000
2023-03-03 19:00:00,0.0000000000,41.0000000000,0.0000000000,26.0666700000
2023-03-03 19:15:00,0.0000000000,42.0000000000,0.0000000000,25.2833300000
2023-03-03 19:30:00,0.0000000000,42.0000000000,0.0000000000,25.7000000000
2023-03-03 19:45:00,0.0000000000,41.0000000000,0.0000000000,25.7833300000
2023-03-03 20:00:00,0.0000000000,40.0000000000,0.0000000000,25.3166700000
2023-03-03 20:15:00,0.0000000000,41.0000000000,0.0000000000,24.7666700000
2023-03-03 20:30:00,0.0000000000,41.0000000000,0.0000000000,23.7000000000
2023-03-03 20:45:00,0.0000000000,41.0000000000,0.0000000000,22.7333300000
2023-03-03 21:00:00,0.0000000000,40.0000000000,0.0000000000,21.9666700000
2023-03-03 21:15:00,0.0000000000,38.0000000000,0.0000000000,21.6000000000
2023-03-03 21:30:00,0.0000000000,38.0000000000,0.0000000000,21.3666700000
2023-03-03 21:45:00,0.0000000000,40.0000000000,0.0000000000,21.0500000000
2023-03-03 22:00:00,0.0000000000,37.0000000000,0.0000000000,20.7833300000
2023-03-03 22:15:00,0.0000000000,38.0000000000,0.0000000000,20.3833300000
2023-03-03 22:30:00,0.0000000000,38.0000000000,0.0000000000,19.7000000000
2023-03-03 22:45:00,0.0000000000,37.0000000000,0.0000000000,19.1000000000
2023-03-03 23:00:00,0.0000000000,38.0000000000,0.0000000000,18.6833300000
2023-03-03 23:15:00,0.0000000000,38.0000000000,0.0000000000,18.3000000000
2023-03-03 23:30:00,0.0000000000,37.0000000000,0.0000000000,18.1000000000
2023-03-03 23:45:00,0.0000000000,36.0000000000,0.0000000000,17.9000000000
2023-03-04 00:00:00,0.0000000000,37.0000000000,0.0000000000,17.7000000000
2023-03-04 00:15:00,0.0000000000,36.0000000000,0.0000000000,17.6500000000
2023-03-04 00:30:00,0.0000000000,36.0000000000,0.0000000000,17.9500000000
2023-03-04 00:45:00,0.0000000000,36.0000000000,0.0000000000,18.6000000000
2023-03-04 01:00:00,0.0000000000,36.0000000000,0.0000000000,19.0333300000
2023-03-04 01:15:00,0.0000000000,36.0000000000,0.0000000000,19.2500000000
2023-03-04 01:30:00,0.0000000000,36.0000000000,0.0000000000,19.3000000000
2023-03-04 01:45:00,0.0000000000,36.0000000000,0.0000000000,19.3500000000
2023-03-04 02:00:00,0.0000000000,36.0000000000,0.0000000000,19.3000000000
2023-03-04 02:15:00,0.0000000000,35.0000000000,0.0000000000,19.0333300000
2023-03-04 02:30:00,0.0000000000,35.0000000000,0.0000000000,18.2500000000
2023-03-04 02:45:00,0.0000000000,36.0000000000,0.0000000000,17.5333300000
2023-03-04 03:00:00,0.0000000000,35.0000000000,0.0000000000,17.4833300000
2023-03-04 03:15:00,0.0000000000,36.0000000000,0.0000000000,18.0666700000
2023-03-04 03:30:00,0.0000000000,35.0000000000,0.0000000000,18.2666700000
2023-03-04 03:45:00,0.0000000000,34.0000000000,0.0000000000,18.2000000000
2023-03-04 04:00:00,0.0000000000,34.0000000000,0.0000000000,18.1000000000
2023-03-04 04:15:00,0.0000000000,34.0000000000,0.0000000000,17.0500000000
2023-03-04 04:30:00,0.0000000000,33.0000000000,0.0000000000,15.9333300000
2023-03-04 04:45:00,0.0000000000,33.0000000000,0.0000000000,15.1833300000
2023-03-04 05:00:00,0.0000000000,34.0000000000,0.0000000000,14.7166700000
2023-03-04 05:15:00,0.0000000000,33.0000000000,0.0000000000,14.8500000000
2023-03-04 05:30:00,0.0000000000,34.0000000000,0.0000000000,15.5166700000
2023-03-04 05:45:00,0.0000000000,33.0000000000,0.0000000000,15.8166700000
2023-03-04 06:00:00,0.0000000000,33.0000000000,0.0000000000,15.7500000000
2023-03-04 06:15:00,0.0000000000,32.0000000000,0.0000000000,15.8333300000
2023-03-04 06:30:00,0.0000000000,32.0000000000,0.7831585000,15.9166700000
2023-03-04 06:45:00,12.0000000000,32.0000000000,10.2522600000,15.4333300000
2023-03-04 07:00:00,20.0000000000,33.0000000000,29.9736200000,15.8166700000
2023-03-04 07:15:00,40.0000000000,32.0000000000,55.3194800000,16.3333300000
2023-03-04 07:30:00,60.0000000000,32.0000000000,86.8594100000,17.2833300000
2023-03-04 07:45:00,84.0000000000,33.0000000000,123.3119000000,19.0000000000
2023-03-04 08:00:00,108.0000000000,33.0000000000,162.5410000000,20.6500000000
2023-03-04 08:15:00,136.0000000000,33.0000000000,206.1131000000,23.7500000000
2023-03-04 08:30:00,164.0000000000,33.0000000000,252.0347000000,27.2000000000
2023-03-04 08:45:00,200.0000000000,32.0000000000,298.3834000000,30.1000000000
2023-03-04 09:00:00,228.0000000000,33.0000000000,345.5865000000,33.3333300000
2023-03-04 09:15:00,260.0000000000,34.0000000000,391.9353000000,36.2166700000
2023-03-04 09:30:00,292.0000000000,35.0000000000,437.1449000000,38.8500000000
2023-03-04 09:45:00,320.0000000000,36.0000000000,482.1409000000,40.6666700000
2023-03-04 10:00:00,348.0000000000,36.0000000000,524.7875000000,43.1666700000
2023-03-04 10:15:00,372.0000000000,37.0000000000,560.9551000000,45.6500000000
2023-03-04 10:30:00,400.0000000000,38.0000000000,597.4788000000,48.4166700000
2023-03-04 10:45:00,420.0000000000,37.0000000000,640.3389000000,50.2000000000
2023-03-04 11:00:00,444.0000000000,38.0000000000,670.9533000000,52.3333300000
2023-03-04 11:15:00,460.0000000000,36.0000000000,699.5743000000,53.2000000000
2023-03-04 11:30:00,472.0000000000,39.0000000000,724.2081000000,53.1166600000
2023-03-04 11:45:00,484.0000000000,40.0000000000,739.0169000000,53.2333300000
2023-03-04 12:00:00,492.0000000000,41.0000000000,751.4763000000,53.7000000000
2023-03-04 12:15:00,500.0000000000,40.0000000000,765.2883000000,55.1166600000
2023-03-04 12:30:00,500.0000000000,40.0000000000,768.6345000000,55.9500000000
2023-03-04 12:45:00,500.0000000000,41.0000000000,768.2074000000,56.6166600000
2023-03-04 13:00:00,504.0000000000,42.0000000000,770.1297000000,57.4833300000
2023-03-04 13:15:00,492.0000000000,42.0000000000,760.1622000000,57.7166700000
2023-03-04 13:30:00,484.0000000000,42.0000000000,749.6252000000,56.3000000000
2023-03-04 13:45:00,464.0000000000,43.0000000000,723.5673000000,55.1000000000
2023-03-04 14:00:00,448.0000000000,43.0000000000,695.5161000000,54.0666700000
2023-03-04 14:15:00,424.0000000000,42.0000000000,664.1185000000,53.1000000000
2023-03-04 14:30:00,396.0000000000,42.0000000000,620.5464000000,53.0833300000
2023-03-04 14:45:00,364.0000000000,43.0000000000,574.9096000000,52.3333300000
2023-03-04 15:00:00,336.0000000000,43.0000000000,537.1044000000,50.4166700000
2023-03-04 15:15:00,304.0000000000,42.0000000000,490.8980000000,48.6166600000
2023-03-04 15:30:00,276.0000000000,44.0000000000,440.4911000000,46.3833400000
2023-03-04 15:45:00,244.0000000000,43.0000000000,394.8543000000,45.1000000000
2023-03-04 16:00:00,204.0000000000,42.0000000000,337.3278000000,44.0666700000
2023-03-04 16:15:00,172.0000000000,42.0000000000,288.7719000000,41.9000000000
2023-03-04 16:30:00,144.0000000000,42.0000000000,241.9248000000,40.0166700000
2023-03-04 16:45:00,116.0000000000,43.0000000000,197.1424000000,38.2833300000
2023-03-04 17:00:00,84.0000000000,44.0000000000,146.4507000000,36.1000000000
2023-03-04 17:15:00,56.0000000000,42.0000000000,99.6747400000,34.0833300000
2023-03-04 17:30:00,36.0000000000,42.0000000000,64.2190100000,32.0166700000
2023-03-04 17:45:00,20.0000000000,42.0000000000,35.0997500000,29.8833300000
2023-03-04 18:00:00,12.0000000000,42.0000000000,14.0256600000,28.0666700000
2023-03-04 18:15:00,0.0000000000,42.0000000000,1.7799060000,26.5166700000
2023-03-04 18:30:00,0.0000000000,41.0000000000,0.0000000000,25.9500000000
2023-03-04 18:45:00,0.0000000000,41.0000000000,0.0000000000,25.6666700000
2023-03-04 19:00:00,0.0000000000,40.0000000000,0.0000000000,24.9833300000
2023-03-04 19:15:00,0.0000000000,39.0000000000,0.0000000000,24.1500000000
2023-03-04 19:30:00,0.0000000000,40.0000000000,0.0000000000,22.8166700000
2023-03-04 19:45:00,0.0000000000,40.0000000000,0.0000000000,21.4833300000
2023-03-04 20:00:00,0.0000000000,42.0000000000,0.0000000000,20.6666700000
2023-03-04 20:15:00,0.0000000000,39.0000000000,0.0000000000,20.4833300000
2023-03-04 20:30:00,0.0000000000,39.0000000000,0.0000000000,20.3333300000
2023-03-04 20:45:00,0.0000000000,38.0000000000,0.0000000000,20.0333300000
2023-03-04 21:00:00,0.0000000000,38.0000000000,0.0000000000,20.0000000000
2023-03-04 21:15:00,0.0000000000,38.0000000000,0.0000000000,20.0333300000
2023-03-04 21:30:00,0.0000000000,38.0000000000,0.0000000000,20.9166700000
2023-03-04 21:45:00,0.0000000000,38.0000000000,0.0000000000,22.0000000000
2023-03-04 22:00:00,0.0000000000,38.0000000000,0.0000000000,21.6500000000
2023-03-04 22:15:00,0.0000000000,37.0000000000,0.0000000000,20.6000000000
2023-03-04 22:30:00,0.0000000000,38.0000000000,0.0000000000,19.7333300000
2023-03-04 22:45:00,0.0000000000,37.0000000000,0.0000000000,19.2000000000
2023-03-04 23:00:00,0.0000000000,37.0000000000,0.0000000000,18.7666700000
2023-03-04 23:15:00,0.0000000000,38.0000000000,0.0000000000,18.6000000000
2023-03-04 23:30:00,0.0000000000,37.0000000000,0.0000000000,18.5166700000
2023-03-04 23:45:00,0.0000000000,36.0000000000,0.0000000000,18.3833300000
2023-03-05 00:00:00,0.0000000000,36.0000000000,0.0000000000,18.1333300000
2023-03-05 00:15:00,0.0000000000,37.0000000000,0.0000000000,18.4000000000
2023-03-05 00:30:00,0.0000000000,36.0000000000,0.0000000000,18.7833300000
2023-03-05 00:45:00,0.0000000000,36.0000000000,0.0000000000,19.2833300000
2023-03-05 01:00:00,0.0000000000,36.0000000000,0.0000000000,19.3500000000
2023-03-05 01:15:00,0.0000000000,37.0000000000,0.0000000000,18.8333300000
2023-03-05 01:30:00,0.0000000000,36.0000000000,0.0000000000,18.1000000000
2023-03-05 01:45:00,0.0000000000,36.0000000000,0.0000000000,17.7833300000
2023-03-05 02:00:00,0.0000000000,35.0000000000,0.0000000000,17.4333300000
2023-03-05 02:15:00,0.0000000000,35.0000000000,0.0000000000,17.2333300000
2023-03-05 02:30:00,0.0000000000,34.0000000000,0.0000000000,17.0166700000
2023-03-05 02:45:00,0.0000000000,35.0000000000,0.0000000000,16.8000000000
2023-03-05 03:00:00,0.0000000000,35.0000000000,0.0000000000,16.4333300000
2023-03-05 03:15:00,0.0000000000,34.0000000000,0.0000000000,15.9000000000
2023-03-05 03:30:00,0.0000000000,34.0000000000,0.0000000000,15.4166700000
2023-03-05 03:45:00,0.0000000000,34.0000000000,0.0000000000,15.4333300000
2023-03-05 04:00:00,0.0000000000,33.0000000000,0.0000000000,15.6833300000
2023-03-05 04:15:00,0.0000000000,34.0000000000,0.0000000000,15.6333300000
2023-03-05 04:30:00,0.0000000000,32.0000000000,0.0000000000,16.1000000000
2023-03-05 04:45:00,0.0000000000,33.0000000000,0.0000000000,16.2333300000
2023-03-05 05:00:00,0.0000000000,33.0000000000,0.0000000000,15.7833300000
2023-03-05 05:15:00,0.0000000000,33.0000000000,0.0000000000,15.5166700000
2023-03-05 05:30:00,0.0000000000,33.0000000000,0.0000000000,15.0833300000
2023-03-05 05:45:00,0.0000000000,32.0000000000,0.0000000000,14.5166700000
2023-03-05 06:00:00,0.0000000000,32.0000000000,0.0000000000,14.2166700000
2023-03-05 06:15:00,0.0000000000,33.0000000000,0.0000000000,14.2833300000
2023-03-05 06:30:00,0.0000000000,32.0000000000,0.9255510000,15.2000000000
2023-03-05 06:45:00,8.0000000000,32.0000000000,11.2490100000,15.0166700000
2023-03-05 07:00:00,24.0000000000,32.0000000000,30.4719900000,15.5833300000
2023-03-05 07:15:00,40.0000000000,33.0000000000,56.5298100000,16.7833300000
2023-03-05 07:30:00,60.0000000000,33.0000000000,87.8561700000,17.9000000000
2023-03-05 07:45:00,84.0000000000,32.0000000000,123.7391000000,19.5000000000
2023-03-05 08:00:00,108.0000000000,32.0000000000,162.9682000000,22.3333300000
2023-03-05 08:15:00,136.0000000000,34.0000000000,206.6115000000,25.3333300000
2023-03-05 08:30:00,168.0000000000,34.0000000000,254.7401000000,28.3000000000
2023-03-05 08:45:00,200.0000000000,34.0000000000,304.7911000000,31.1666700000
2023-03-05 09:00:00,236.0000000000,34.0000000000,354.9844000000,33.9666700000
2023-03-05 09:15:00,268.0000000000,34.0000000000,404.3946000000,36.6000000000
2023-03-05 09:30:00,300.0000000000,35.0000000000,452.5945000000,38.9333300000
2023-03-05 09:45:00,328.0000000000,36.0000000000,499.5840000000,41.6500000000
2023-03-05 10:00:00,356.0000000000,36.0000000000,540.1658000000,44.1833300000
2023-03-05 10:15:00,388.0000000000,37.0000000000,583.4532000000,46.4500000000
2023-03-05 10:30:00,416.0000000000,38.0000000000,625.7437000000,48.8833400000
2023-03-05 10:45:00,432.0000000000,38.0000000000,661.9114000000,50.6000000000
2023-03-05 11:00:00,460.0000000000,39.0000000000,701.0694000000,51.8833400000
2023-03-05 11:15:00,480.0000000000,41.0000000000,730.6870000000,52.6166600000
2023-03-05 11:30:00,488.0000000000,41.0000000000,744.6415000000,53.7333300000
2023-03-05 11:45:00,496.0000000000,40.0000000000,757.8839000000,54.5666700000
2023-03-05 12:00:00,508.0000000000,40.0000000000,776.6085000000,56.3166700000
2023-03-05 12:15:00,516.0000000000,40.0000000000,786.8608000000,56.9166700000
2023-03-05 12:30:00,516.0000000000,39.0000000000,796.6147000000,57.9000000000
2023-03-05 12:45:00,520.0000000000,40.0000000000,785.7928000000,57.0166700000
2023-03-05 13:00:00,504.0000000000,41.0000000000,780.7379000000,57.4166700000
2023-03-05 13:15:00,496.0000000000,42.0000000000,766.9970000000,55.9500000000
2023-03-05 13:30:00,484.0000000000,41.0000000000,751.7610000000,54.8833400000
2023-03-05 13:45:00,472.0000000000,42.0000000000,731.5414000000,54.8500000000
2023-03-05 14:00:00,452.0000000000,42.0000000000,702.6357000000,54.3000000000
2023-03-05 14:15:00,428.0000000000,42.0000000000,670.8821000000,53.9666700000
2023-03-05 14:30:00,404.0000000000,43.0000000000,633.8601000000,53.4166700000
2023-03-05 14:45:00,384.0000000000,42.0000000000,601.8930000000,51.5333300000
2023-03-05 15:00:00,356.0000000000,42.0000000000,563.7318000000,50.9833300000
2023-03-05 15:15:00,324.0000000000,42.0000000000,520.7293000000,48.8666600000
2023-03-05 15:30:00,296.0000000000,43.0000000000,471.9599000000,47.7166700000
2023-03-05 15:45:00,260.0000000000,43.0000000000,424.8991000000,45.2333300000
2023-03-05 16:00:00,220.0000000000,42.0000000000,366.3046000000,43.9333300000
2023-03-05 16:15:00,188.0000000000,43.0000000000,312.0531000000,42.0500000000
2023-03-05 16:30:00,152.0000000000,42.0000000000,258.5847000000,39.5500000000
2023-03-05 16:45:00,116.0000000000,42.0000000000,205.3300000000,37.2500000000
2023-03-05 17:00:00,92.0000000000,42.0000000000,160.8323000000,35.2166700000
2023-03-05 17:15:00,64.0000000000,42.0000000000,118.3994000000,33.1166600000
2023-03-05 17:30:00,44.0000000000,42.0000000000,77.1767300000,31.1500000000
2023-03-05 17:45:00,24.0000000000,42.0000000000,42.1481700000,29.2833300000
2023-03-05 18:00:00,12.0000000000,41.0000000000,16.1615500000,27.3000000000
2023-03-05 18:15:00,0.0000000000,41.0000000000,1.7799060000,25.0500000000
2023-03-05 18:30:00,0.0000000000,42.0000000000,0.0000000000,23.6000000000
2023-03-05 18:45:00,0.0000000000,40.0000000000,0.0000000000,23.2333300000
2023-03-05 19:00:00,0.0000000000,39.0000000000,0.0000000000,22.5000000000
2023-03-05 19:15:00,0.0000000000,40.0000000000,0.0000000000,21.2833300000
2023-03-05 19:30:00,0.0000000000,39.0000000000,0.0000000000,21.0333300000
2023-03-05 19:45:00,0.0000000000,34.0000000000,0.0000000000,21.2000000000
2023-03-05 20:00:00,0.0000000000,36.0000000000,0.0000000000,20.6000000000
2023-03-05 20:15:00,0.0000000000,38.0000000000,0.0000000000,19.8500000000
2023-03-05 20:30:00,0.0000000000,38.0000000000,0.0000000000,19.3333300000
2023-03-05 20:45:00,0.0000000000,36.0000000000,0.0000000000,18.9166700000
2023-03-05 21:00:00,0.0000000000,37.0000000000,0.0000000000,18.7500000000
2023-03-05 21:15:00,0.0000000000,37.0000000000,0.0000000000,19.1333300000
2023-03-05 21:30:00,0.0000000000,37.0000000000,0.0000000000,19.4666700000
2023-03-05 21:45:00,0.0000000000,37.0000000000,0.0000000000,19.5000000000
2023-03-05 22:00:00,0.0000000000,38.0000000000,0.0000000000,19.8333300000
2023-03-05 22:15:00,0.0000000000,38.0000000000,0.0000000000,20.2000000000
2023-03-05 22:30:00,0.0000000000,37.0000000000,0.0000000000,20.6000000000
2023-03-05 22:45:00,0.0000000000,37.0000000000,0.0000000000,20.8500000000
2023-03-05 23:00:00,0.0000000000,36.0000000000,0.0000000000,20.5833300000
2023-03-05 23:15:00,0.0000000000,36.0000000000,0.0000000000,19.9000000000
2023-03-05 23:30:00,0.0000000000,37.0000000000,0.0000000000,18.9333300000
2023-03-05 23:45:00,0.0000000000,37.0000000000,0.0000000000,18.2166700000
2023-03-06 00:00:00,0.0000000000,37.0000000000,0.0000000000,17.8500000000
2023-03-06 00:15:00,0.0000000000,36.0000000000,0.0000000000,17.8000000000
2023-03-06 00:30:00,0.0000000000,36.0000000000,0.0000000000,17.5500000000
2023-03-06 00:45:00,0.0000000000,36.0000000000,0.0000000000,17.3500000000
2023-03-06 01:00:00,0.0000000000,35.0000000000,0.0000000000,16.8333300000
2023-03-06 01:15:00,0.0000000000,35.0000000000,0.0000000000,16.5833300000
2023-03-06 01:30:00,0.0000000000,35.0000000000,0.0000000000,16.5000000000
2023-03-06 01:45:00,0.0000000000,34.0000000000,0.0000000000,16.7166700000
2023-03-06 02:00:00,0.0000000000,34.0000000000,0.0000000000,17.0666700000
2023-03-06 02:15:00,0.0000000000,35.0000000000,0.0000000000,17.4000000000
2023-03-06 02:30:00,0.0000000000,35.0000000000,0.0000000000,17.5000000000
2023-03-06 02:45:00,0.0000000000,35.0000000000,0.0000000000,17.5000000000
2023-03-06 03:00:00,0.0000000000,35.0000000000,0.0000000000,17.4166700000
2023-03-06 03:15:00,0.0000000000,35.0000000000,0.0000000000,17.2666700000
2023-03-06 03:30:00,0.0000000000,35.0000000000,0.0000000000,17.1166700000
2023-03-06 03:45:00,0.0000000000,34.0000000000,0.0000000000,17.7500000000
2023-03-06 04:00:00,0.0000000000,35.0000000000,0.0000000000,18.0500000000
2023-03-06 04:15:00,0.0000000000,34.0000000000,0.0000000000,17.9666700000
2023-03-06 04:30:00,0.0000000000,34.0000000000,0.0000000000,18.0833300000
2023-03-06 04:45:00,0.0000000000,33.0000000000,0.0000000000,18.2666700000
2023-03-06 05:00:00,0.0000000000,33.0000000000,0.0000000000,18.2666700000
2023-03-06 05:15:00,0.0000000000,34.0000000000,0.0000000000,18.0333300000
2023-03-06 05:30:00,0.0000000000,35.0000000000,0.0000000000,17.6000000000
2023-03-06 05:45:00,0.0000000000,33.0000000000,0.0000000000,17.2166700000
2023-03-06 06:00:00,0.0000000000,32.0000000000,0.0000000000,17.0500000000
2023-03-06 06:15:00,0.0000000000,34.0000000000,0.0000000000,16.9166700000
2023-03-06 06:30:00,0.0000000000,32.0000000000,1.4951210000,17.0833300000
2023-03-06 06:45:00,12.0000000000,33.0000000000,13.4560900000,16.6833300000
2023-03-06 07:00:00,24.0000000000,32.0000000000,35.8117100000,17.0666700000
2023-03-06 07:15:00,48.0000000000,30.0000000000,65.3581500000,18.1166700000
2023-03-06 07:30:00,68.0000000000,32.0000000000,102.6650000000,19.8666700000
2023-03-06 07:45:00,96.0000000000,33.0000000000,142.0365000000,22.2666700000
2023-03-06 08:00:00,120.0000000000,34.0000000000,184.8254000000,24.8166700000
2023-03-06 08:15:00,156.0000000000,33.0000000000,235.3035000000,27.4333300000
2023-03-06 08:30:00,188.0000000000,34.0000000000,286.5648000000,30.2000000000
2023-03-06 08:45:00,220.0000000000,34.0000000000,338.6805000000,33.1333400000
2023-03-06 09:00:00,256.0000000000,34.0000000000,389.2298000000,36.0500000000
2023-03-06 09:15:00,292.0000000000,35.0000000000,442.3423000000,38.8833400000
2023-03-06 09:30:00,324.0000000000,36.0000000000,490.4709000000,40.9333300000
2023-03-06 09:45:00,356.0000000000,36.0000000000,538.3148000000,43.4000000000
2023-03-06 10:00:00,388.0000000000,36.0000000000,586.0874000000,46.4166700000
2023-03-06 10:15:00,416.0000000000,38.0000000000,635.8536000000,49.0166700000
2023-03-06 10:30:00,444.0000000000,38.0000000000,675.1539000000,50.8666600000
2023-03-06 10:45:00,460.0000000000,38.0000000000,706.8362000000,51.7500000000
2023-03-06 11:00:00,480.0000000000,40.0000000000,734.4604000000,52.8333300000
2023-03-06 11:15:00,504.0000000000,39.0000000000,773.6183000000,54.5166700000
2023-03-06 11:30:00,512.0000000000,40.0000000000,791.2038000000,55.9333300000
2023-03-06 11:45:00,528.0000000000,40.0000000000,811.9219000000,56.1500000000
2023-03-06 12:00:00,532.0000000000,39.0000000000,826.5883000000,56.3000000000
2023-03-06 12:15:00,536.0000000000,42.0000000000,826.6595000000,57.7833300000
2023-03-06 12:30:00,532.0000000000,41.0000000000,823.7405000000,57.7000000000
2023-03-06 12:45:00,528.0000000000,41.0000000000,824.5236000000,58.1500000000
2023-03-06 13:00:00,528.0000000000,42.0000000000,821.6046000000,57.8166700000
2023-03-06 13:15:00,516.0000000000,42.0000000000,808.5045000000,58.6666700000
2023-03-06 13:30:00,500.0000000000,42.0000000000,789.9222000000,58.8333300000
2023-03-06 13:45:00,484.0000000000,42.0000000000,760.6605000000,58.8166700000
2023-03-06 14:00:00,468.0000000000,43.0000000000,734.3180000000,57.4333300000
2023-03-06 14:15:00,456.0000000000,43.0000000000,711.6064000000,55.9000000000
2023-03-06 14:30:00,436.0000000000,42.0000000000,687.7557000000,54.5333300000
2023-03-06 14:45:00,396.0000000000,44.0000000000,636.3520000000,52.9666700000
2023-03-06 15:00:00,364.0000000000,44.0000000000,581.8868000000,52.5500000000
2023-03-06 15:15:00,324.0000000000,43.0000000000,525.5707000000,50.6166600000
2023-03-06 15:30:00,288.0000000000,43.0000000000,464.9114000000,48.8666600000
2023-03-06 15:45:00,260.0000000000,43.0000000000,423.3328000000,47.0000000000
2023-03-06 16:00:00,224.0000000000,44.0000000000,370.8612000000,45.8000000000
2023-03-06 16:15:00,188.0000000000,43.0000000000,318.5320000000,43.8666600000
2023-03-06 16:30:00,156.0000000000,43.0000000000,263.9244000000,42.1000000000
2023-03-06 16:45:00,120.0000000000,44.0000000000,213.2327000000,39.4500000000
2023-03-06 17:00:00,92.0000000000,43.0000000000,164.0361000000,37.1500000000
2023-03-06 17:15:00,68.0000000000,43.0000000000,119.1825000000,34.7666700000
2023-03-06 17:30:00,40.0000000000,43.0000000000,75.5392200000,32.4500000000
2023-03-06 17:45:00,24.0000000000,43.0000000000,41.5074100000,30.2000000000
2023-03-06 18:00:00,8.0000000000,42.0000000000,17.0159000000,27.9166700000
2023-03-06 18:15:00,4.0000000000,42.0000000000,2.2070830000,25.7666700000
2023-03-06 18:30:00,0.0000000000,42.0000000000,0.0000000000,24.1833300000
2023-03-06 18:45:00,0.0000000000,41.0000000000,0.0000000000,22.8166700000
2023-03-06 19:00:00,0.0000000000,41.0000000000,0.0000000000,21.9666700000
2023-03-06 19:15:00,0.0000000000,40.0000000000,0.0000000000,21.2666700000
2023-03-06 19:30:00,0.0000000000,40.0000000000,0.0000000000,21.0666700000
2023-03-06 19:45:00,0.0000000000,40.0000000000,0.0000000000,20.7666700000
2023-03-06 20:00:00,0.0000000000,40.0000000000,0.0000000000,20.5000000000
2023-03-06 20:15:00,0.0000000000,36.0000000000,0.0000000000,19.9666700000
2023-03-06 20:30:00,0.0000000000,40.0000000000,0.0000000000,19.4833300000
2023-03-06 20:45:00,0.0000000000,39.0000000000,0.0000000000,19.2166700000
2023-03-06 21:00:00,0.0000000000,38.0000000000,0.0000000000,19.9333300000
2023-03-06 21:15:00,0.0000000000,38.0000000000,0.0000000000,21.0000000000
2023-03-06 21:30:00,0.0000000000,38.0000000000,0.0000000000,20.8500000000
2023-03-06 21:45:00,0.0000000000,38.0000000000,0.0000000000,20.6000000000
2023-03-06 22:00:00,0.0000000000,38.0000000000,0.0000000000,20.5500000000
2023-03-06 22:15:00,0.0000000000,38.0000000000,0.0000000000,20.2500000000
2023-03-06 22:30:00,0.0000000000,37.0000000000,0.0000000000,19.5000000000
2023-03-06 22:45:00,0.0000000000,38.0000000000,0.0000000000,19.0500000000
2023-03-06 23:00:00,0.0000000000,37.0000000000,0.0000000000,18.8000000000
2023-03-06 23:15:00,0.0000000000,36.0000000000,0.0000000000,18.7166700000
2023-03-06 23:30:00,0.0000000000,36.0000000000,0.0000000000,19.0000000000
2023-03-06 23:45:00,0.0000000000,36.0000000000,0.0000000000,19.6500000000
2023-03-07 00:00:00,0.0000000000,37.0000000000,0.0000000000,20.0500000000
2023-03-07 00:15:00,0.0000000000,36.0000000000,0.0000000000,20.2833300000
2023-03-07 00:30:00,0.0000000000,36.0000000000,0.0000000000,20.3833300000
2023-03-07 00:45:00,0.0000000000,36.0000000000,0.0000000000,20.3000000000
2023-03-07 01:00:00,0.0000000000,37.0000000000,0.0000000000,20.2666700000
2023-03-07 01:15:00,0.0000000000,36.0000000000,0.0000000000,20.0166700000
2023-03-07 01:30:00,0.0000000000,37.0000000000,0.0000000000,19.7000000000
2023-03-07 01:45:00,0.0000000000,37.0000000000,0.0000000000,19.0000000000
2023-03-07 02:00:00,0.0000000000,36.0000000000,0.0000000000,18.4833300000
2023-03-07 02:15:00,0.0000000000,35.0000000000,0.0000000000,18.5833300000
2023-03-07 02:30:00,0.0000000000,36.0000000000,0.0000000000,18.5500000000
2023-03-07 02:45:00,0.0000000000,34.0000000000,0.0000000000,18.1500000000
2023-03-07 03:00:00,0.0000000000,34.0000000000,0.0000000000,17.5333300000
2023-03-07 03:15:00,0.0000000000,35.0000000000,0.0000000000,16.8666700000
2023-03-07 03:30:00,0.0000000000,34.0000000000,0.0000000000,16.6500000000
2023-03-07 03:45:00,0.0000000000,35.0000000000,0.0000000000,17.2500000000
2023-03-07 04:00:00,0.0000000000,34.0000000000,0.0000000000,17.6333300000
2023-03-07 04:15:00,0.0000000000,34.0000000000,0.0000000000,17.5833300000
2023-03-07 04:30:00,0.0000000000,34.0000000000,0.0000000000,16.9833300000
2023-03-07 04:45:00,0.0000000000,34.0000000000,0.0000000000,16.5833300000
2023-03-07 05:00:00,0.0000000000,34.0000000000,0.0000000000,15.9666700000
2023-03-07 05:15:00,0.0000000000,34.0000000000,0.0000000000,15.4000000000
2023-03-07 05:30:00,0.0000000000,33.0000000000,0.0000000000,15.1000000000
2023-03-07 05:45:00,0.0000000000,34.0000000000,0.0000000000,15.2000000000
2023-03-07 06:00:00,0.0000000000,34.0000000000,0.0000000000,15.4500000000
2023-03-07 06:15:00,0.0000000000,33.0000000000,0.0000000000,15.7000000000
2023-03-07 06:30:00,2.0000000000,33.0000000000,1.9222980000,16.7666700000
2023-03-07 06:45:00,11.6000000000,33.0000000000,14.8800200000,17.1833300000
2023-03-07 07:00:00,27.2000000000,33.0000000000,37.4492300000,17.8333300000
2023-03-07 07:15:00,46.8000000000,33.0000000000,67.0668600000,18.4166700000
2023-03-07 07:30:00,68.0000000000,33.0000000000,101.8106000000,19.7500000000
2023-03-07 07:45:00,94.4000000000,33.0000000000,144.7419000000,22.4333300000
2023-03-07 08:00:00,125.2000000000,33.0000000000,193.1554000000,25.1833300000
2023-03-07 08:15:00,157.6000000000,35.0000000000,242.8504000000,27.9333300000
2023-03-07 08:30:00,192.8000000000,34.0000000000,293.8268000000,30.5500000000
2023-03-07 08:45:00,229.2000000000,34.0000000000,348.9327000000,32.9000000000
2023-03-07 09:00:00,268.0000000000,35.0000000000,404.8930000000,34.9333300000
2023-03-07 09:15:00,300.0000000000,36.0000000000,456.4391000000,37.1500000000
2023-03-07 09:30:00,336.0000000000,37.0000000000,505.0661000000,39.9500000000
2023-03-07 09:45:00,360.0000000000,37.0000000000,550.2045000000,42.6500000000
2023-03-07 10:00:00,388.0000000000,37.0000000000,588.1521000000,44.6000000000
2023-03-07 10:15:00,416.0000000000,37.0000000000,632.0802000000,47.0000000000
2023-03-07 10:30:00,440.0000000000,39.0000000000,669.5294000000,49.2166700000
2023-03-07 10:45:00,460.0000000000,40.0000000000,704.7004000000,51.9333300000
2023-03-07 11:00:00,484.0000000000,40.0000000000,742.5767000000,54.4000000000
2023-03-07 11:15:00,496.0000000000,40.0000000000,765.1459000000,55.8333300000
2023-03-07 11:30:00,516.0000000000,40.0000000000,795.4043000000,56.4333300000
2023-03-07 11:45:00,528.0000000000,42.0000000000,817.4752000000,56.8166700000
2023-03-07 12:00:00,532.0000000000,42.0000000000,828.0834000000,56.8666600000
2023-03-07 12:15:00,540.0000000000,41.0000000000,837.9085000000,56.7833300000
2023-03-07 12:30:00,536.0000000000,43.0000000000,842.0379000000,58.2666700000
2023-03-07 12:45:00,536.0000000000,42.0000000000,836.6270000000,58.6666700000
2023-03-07 13:00:00,532.0000000000,42.0000000000,830.3617000000,58.7500000000
2023-03-07 13:15:00,524.0000000000,44.0000000000,822.1029000000,58.7166700000
2023-03-07 13:30:00,516.0000000000,43.0000000000,805.7990000000,58.7000000000
2023-03-07 13:45:00,496.0000000000,43.0000000000,783.3010000000,58.7333300000
2023-03-07 14:00:00,480.0000000000,43.0000000000,751.5475000000,59.3166700000
2023-03-07 14:15:00,452.0000000000,44.0000000000,725.7032000000,58.3666600000
2023-03-07 14:30:00,432.0000000000,44.0000000000,689.1084000000,57.4000000000
2023-03-07 14:45:00,412.0000000000,43.0000000000,654.0798000000,56.3333300000
2023-03-07 15:00:00,376.0000000000,44.0000000000,604.3849000000,53.9000000000
2023-03-07 15:15:00,348.0000000000,44.0000000000,562.8063000000,52.0000000000
2023-03-07 15:30:00,320.0000000000,44.0000000000,516.6711000000,50.9666700000
2023-03-07 15:45:00,276.0000000000,44.0000000000,462.1348000000,49.0666700000
2023-03-07 16:00:00,240.0000000000,44.0000000000,399.3397000000,46.6000000000
2023-03-07 16:15:00,200.0000000000,44.0000000000,341.5995000000,44.3666600000
2023-03-07 16:30:00,164.0000000000,44.0000000000,285.7817000000,42.2333300000
2023-03-07 16:45:00,128.0000000000,44.0000000000,226.2616000000,39.9166700000
2023-03-07 17:00:00,96.0000000000,45.0000000000,171.1558000000,37.9166700000
2023-03-07 17:15:00,64.0000000000,44.0000000000,121.0336000000,35.6166600000
2023-03-07 17:30:00,44.0000000000,44.0000000000,79.7397900000,33.6000000000
2023-03-07 17:45:00,24.0000000000,43.0000000000,46.2775600000,31.6166700000
2023-03-07 18:00:00,12.0000000000,42.0000000000,20.4333200000,29.8000000000
2023-03-07 18:15:00,4.0000000000,42.0000000000,3.1326350000,28.3500000000
2023-03-07 18:30:00,0.0000000000,42.0000000000,0.0000000000,27.1000000000
2023-03-07 18:45:00,0.0000000000,42.0000000000,0.0000000000,25.9666700000
2023-03-07 19:00:00,0.0000000000,42.0000000000,0.0000000000,24.9666700000
2023-03-07 19:15:00,0.0000000000,42.0000000000,0.0000000000,23.7666700000
2023-03-07 19:30:00,0.0000000000,41.0000000000,0.0000000000,22.7833300000
2023-03-07 19:45:00,0.0000000000,41.0000000000,0.0000000000,22.2833300000
2023-03-07 20:00:00,0.0000000000,40.0000000000,0.0000000000,22.0666700000
2023-03-07 20:15:00,0.0000000000,37.0000000000,0.0000000000,21.8333300000
2023-03-07 20:30:00,0.0000000000,39.0000000000,0.0000000000,21.3833300000
2023-03-07 20:45:00,0.0000000000,38.0000000000,0.0000000000,21.4666700000
2023-03-07 21:00:00,0.0000000000,39.0000000000,0.0000000000,21.2833300000
2023-03-07 21:15:00,0.0000000000,39.0000000000,0.0000000000,21.1166700000
2023-03-07 21:30:00,0.0000000000,38.0000000000,0.0000000000,21.4833300000
2023-03-07 21:45:00,0.0000000000,38.0000000000,0.0000000000,21.2833300000
2023-03-07 22:00:00,0.0000000000,38.0000000000,0.0000000000,20.6000000000
2023-03-07 22:15:00,0.0000000000,38.0000000000,0.0000000000,20.0000000000
2023-03-07 22:30:00,0.0000000000,38.0000000000,0.0000000000,19.6333300000
2023-03-07 22:45:00,0.0000000000,37.0000000000,0.0000000000,19.2833300000
2023-03-07 23:00:00,0.0000000000,37.0000000000,0.0000000000,18.9000000000
2023-03-07 23:15:00,0.0000000000,38.0000000000,0.0000000000,18.5666700000
2023-03-07 23:30:00,0.0000000000,37.0000000000,0.0000000000,18.5666700000
2023-03-07 23:45:00,0.0000000000,37.0000000000,0.0000000000,18.3500000000
2023-03-08 00:00:00,0.0000000000,37.0000000000,0.0000000000,18.2500000000
2023-03-08 00:15:00,0.0000000000,36.0000000000,0.0000000000,18.4833300000
2023-03-08 00:30:00,0.0000000000,36.0000000000,0.0000000000,18.0833300000
2023-03-08 00:45:00,0.0000000000,35.0000000000,0.0000000000,17.7000000000
2023-03-08 01:00:00,0.0000000000,36.0000000000,0.0000000000,17.3666700000
2023-03-08 01:15:00,0.0000000000,36.0000000000,0.0000000000,17.2500000000
2023-03-08 01:30:00,0.0000000000,36.0000000000,0.0000000000,17.7833300000
2023-03-08 01:45:00,0.0000000000,35.0000000000,0.0000000000,18.7000000000
2023-03-08 02:00:00,0.0000000000,36.0000000000,0.0000000000,19.0166700000
2023-03-08 02:15:00,0.0000000000,35.0000000000,0.0000000000,19.3500000000
2023-03-08 02:30:00,0.0000000000,35.0000000000,0.0000000000,19.5166700000
2023-03-08 02:45:00,0.0000000000,35.0000000000,0.0000000000,19.7333300000
2023-03-08 03:00:00,0.0000000000,35.0000000000,0.0000000000,19.7000000000
2023-03-08 03:15:00,0.0000000000,35.0000000000,0.0000000000,19.5666700000
2023-03-08 03:30:00,0.0000000000,35.0000000000,0.0000000000,19.3333300000
2023-03-08 03:45:00,0.0000000000,35.0000000000,0.0000000000,18.8166700000
2023-03-08 04:00:00,0.0000000000,35.0000000000,0.0000000000,18.5666700000
2023-03-08 04:15:00,0.0000000000,35.0000000000,0.0000000000,18.6500000000
2023-03-08 04:30:00,0.0000000000,34.0000000000,0.0000000000,18.2166700000
2023-03-08 04:45:00,0.0000000000,34.0000000000,0.0000000000,17.4166700000
2023-03-08 05:00:00,0.0000000000,34.0000000000,0.0000000000,16.4666700000
2023-03-08 05:15:00,0.0000000000,34.0000000000,0.0000000000,15.9333300000
2023-03-08 05:30:00,0.0000000000,34.0000000000,0.0000000000,15.6000000000
2023-03-08 05:45:00,0.0000000000,34.0000000000,0.0000000000,15.4000000000
2023-03-08 06:00:00,0.0000000000,33.0000000000,0.0000000000,15.2666700000
2023-03-08 06:15:00,0.0000000000,34.0000000000,0.0000000000,15.4000000000
2023-03-08 06:30:00,2.0000000000,33.0000000000,2.1358870000,16.3000000000
2023-03-08 06:45:00,12.0000000000,32.0000000000,15.7343700000,16.5500000000
2023-03-08 07:00:00,27.6000000000,33.0000000000,38.1611800000,17.1333300000
2023-03-08 07:15:00,47.6000000000,34.0000000000,68.2771900000,17.9500000000
2023-03-08 07:30:00,70.0000000000,34.0000000000,103.8753000000,19.2166700000
2023-03-08 07:45:00,93.6000000000,34.0000000000,144.9556000000,21.5166700000
2023-03-08 08:00:00,122.4000000000,35.0000000000,189.0972000000,24.9166700000
2023-03-08 08:15:00,154.4000000000,34.0000000000,237.2970000000,28.0833300000
2023-03-08 08:30:00,187.2000000000,35.0000000000,286.5648000000,30.9333300000
2023-03-08 08:45:00,221.6000000000,35.0000000000,339.6060000000,33.7833300000
2023-03-08 09:00:00,260.0000000000,35.0000000000,391.2233000000,36.1500000000
2023-03-08 09:15:00,292.0000000000,37.0000000000,443.4814000000,38.6333400000
2023-03-08 09:30:00,324.0000000000,37.0000000000,491.4676000000,41.5666700000
2023-03-08 09:45:00,352.0000000000,38.0000000000,538.4571000000,43.7833300000
2023-03-08 10:00:00,388.0000000000,38.0000000000,584.3075000000,46.2833300000
2023-03-08 10:15:00,408.0000000000,38.0000000000,624.1774000000,48.9166700000
2023-03-08 10:30:00,432.0000000000,38.0000000000,658.1380000000,50.7500000000
2023-03-08 10:45:00,452.0000000000,37.0000000000,691.7426000000,52.5166700000
2023-03-08 11:00:00,468.0000000000,39.0000000000,723.4962000000,54.5833300000
2023-03-08 11:15:00,488.0000000000,40.0000000000,753.8258000000,55.8333300000
2023-03-08 11:30:00,504.0000000000,41.0000000000,781.4499000000,57.1000000000
2023-03-08 11:45:00,516.0000000000,41.0000000000,802.6664000000,58.3333300000
2023-03-08 12:00:00,524.0000000000,41.0000000000,818.1160000000,58.8833400000
2023-03-08 12:15:00,520.0000000000,42.0000000000,817.5464000000,60.9166700000
2023-03-08 12:30:00,520.0000000000,42.0000000000,816.9768000000,61.0666700000
2023-03-08 12:45:00,520.0000000000,43.0000000000,813.7018000000,61.7500000000
2023-03-08 13:00:00,508.0000000000,43.0000000000,802.3816000000,60.5166700000
2023-03-08 13:15:00,500.0000000000,43.0000000000,786.8608000000,58.8000000000
2023-03-08 13:30:00,488.0000000000,44.0000000000,772.2656000000,59.1666700000
2023-03-08 13:45:00,468.0000000000,44.0000000000,745.5670000000,60.0666700000
2023-03-08 14:00:00,452.0000000000,44.0000000000,716.3054000000,58.3833400000
2023-03-08 14:15:00,436.0000000000,44.0000000000,688.9659000000,56.8833400000
2023-03-08 14:30:00,408.0000000000,44.0000000000,652.0151000000,56.4500000000
2023-03-08 14:45:00,388.0000000000,45.0000000000,614.7795000000,55.1000000000
2023-03-08 15:00:00,352.0000000000,45.0000000000,568.2883000000,54.3500000000
2023-03-08 15:15:00,324.0000000000,46.0000000000,524.4315000000,52.5000000000
2023-03-08 15:30:00,288.0000000000,45.0000000000,475.6620000000,50.7500000000
2023-03-08 15:45:00,252.0000000000,44.0000000000,418.4203000000,48.7500000000
2023-03-08 16:00:00,220.0000000000,46.0000000000,364.8807000000,46.2333300000
2023-03-08 16:15:00,180.0000000000,47.0000000000,312.1243000000,43.9666700000
2023-03-08 16:30:00,156.0000000000,46.0000000000,266.7011000000,42.2666700000
2023-03-08 16:45:00,124.0000000000,45.0000000000,217.3621000000,40.3666600000
2023-03-08 17:00:00,92.0000000000,45.0000000000,172.7932000000,38.3666600000
2023-03-08 17:15:00,72.0000000000,44.0000000000,128.5804000000,36.4000000000
2023-03-08 17:30:00,44.0000000000,44.0000000000,84.9371200000,34.4000000000
2023-03-08 17:45:00,24.0000000000,44.0000000000,45.9927700000,32.3500000000
2023-03-08 18:00:00,12.0000000000,43.0000000000,17.1582900000,30.3666700000
2023-03-08 18:15:00,0.0000000000,42.0000000000,1.9934950000,28.6333300000
2023-03-08 18:30:00,0.0000000000,43.0000000000,0.0000000000,26.8666700000
2023-03-08 18:45:00,0.0000000000,43.0000000000,0.0000000000,25.2500000000
2023-03-08 19:00:00,0.0000000000,42.0000000000,0.0000000000,24.4000000000
2023-03-08 19:15:00,0.0000000000,42.0000000000,0.0000000000,23.5166700000
2023-03-08 19:30:00,0.0000000000,42.0000000000,0.0000000000,22.4500000000
2023-03-08 19:45:00,0.0000000000,41.0000000000,0.0000000000,21.4833300000
2023-03-08 20:00:00,0.0000000000,41.0000000000,0.0000000000,21.0666700000
2023-03-08 20:15:00,0.0000000000,42.0000000000,0.0000000000,20.9000000000
2023-03-08 20:30:00,0.0000000000,41.0000000000,0.0000000000,20.9666700000
2023-03-08 20:45:00,0.0000000000,44.0000000000,0.0000000000,20.3333300000
2023-03-08 21:00:00,0.0000000000,39.0000000000,0.0000000000,19.6666700000
2023-03-08 21:15:00,0.0000000000,39.0000000000,0.0000000000,19.4000000000
2023-03-08 21:30:00,0.0000000000,38.0000000000,0.0000000000,19.9333300000
2023-03-08 21:45:00,0.0000000000,39.0000000000,0.0000000000,21.6833300000
2023-03-08 22:00:00,0.0000000000,38.0000000000,0.0000000000,22.6833300000
2023-03-08 22:15:00,0.0000000000,39.0000000000,0.0000000000,22.3500000000
2023-03-08 22:30:00,0.0000000000,37.0000000000,0.0000000000,22.2833300000
2023-03-08 22:45:00,0.0000000000,38.0000000000,0.0000000000,22.2166700000
2023-03-08 23:00:00,0.0000000000,38.0000000000,0.0000000000,20.9166700000
2023-03-08 23:15:00,0.0000000000,38.0000000000,0.0000000000,19.7666700000
2023-03-08 23:30:00,0.0000000000,38.0000000000,0.0000000000,19.3000000000
2023-03-08 23:45:00,0.0000000000,37.0000000000,0.0000000000,18.7166700000
2023-03-09 00:00:00,0.0000000000,38.0000000000,0.0000000000,18.3500000000
2023-03-09 00:15:00,0.0000000000,36.0000000000,0.0000000000,18.5833300000
2023-03-09 00:30:00,0.0000000000,36.0000000000,0.0000000000,18.6000000000
2023-03-09 00:45:00,0.0000000000,36.0000000000,0.0000000000,17.9666700000
2023-03-09 01:00:00,0.0000000000,37.0000000000,0.0000000000,17.4166700000
2023-03-09 01:15:00,0.0000000000,35.0000000000,0.0000000000,17.0666700000
2023-03-09 01:30:00,0.0000000000,36.0000000000,0.0000000000,16.9500000000
2023-03-09 01:45:00,0.0000000000,36.0000000000,0.0000000000,16.8166700000
2023-03-09 02:00:00,0.0000000000,36.0000000000,0.0000000000,16.9333300000
2023-03-09 02:15:00,0.0000000000,35.0000000000,0.0000000000,16.6166700000
2023-03-09 02:30:00,0.0000000000,35.0000000000,0.0000000000,16.7333300000
2023-03-09 02:45:00,0.0000000000,36.0000000000,0.0000000000,16.7500000000
2023-03-09 03:00:00,0.0000000000,36.0000000000,0.0000000000,17.2166700000
2023-03-09 03:15:00,0.0000000000,34.0000000000,0.0000000000,17.3500000000
2023-03-09 03:30:00,0.0000000000,35.0000000000,0.0000000000,17.3333300000
2023-03-09 03:45:00,0.0000000000,34.0000000000,0.0000000000,17.0000000000
2023-03-09 04:00:00,0.0000000000,34.0000000000,0.0000000000,16.3666700000
2023-03-09 04:15:00,0.0000000000,34.0000000000,0.0000000000,15.8500000000
2023-03-09 04:30:00,0.0000000000,33.0000000000,0.0000000000,15.4666700000
2023-03-09 04:45:00,0.0000000000,34.0000000000,0.0000000000,15.3833300000
2023-03-09 05:00:00,0.0000000000,34.0000000000,0.0000000000,15.8666700000
2023-03-09 05:15:00,0.0000000000,33.0000000000,0.0000000000,16.0000000000
2023-03-09 05:30:00,0.0000000000,33.0000000000,0.0000000000,16.0333300000
2023-03-09 05:45:00,0.0000000000,34.0000000000,0.0000000000,16.0333300000
2023-03-09 06:00:00,0.0000000000,34.0000000000,0.0000000000,15.5166700000
2023-03-09 06:15:00,0.0000000000,33.0000000000,0.0000000000,15.6500000000
2023-03-09 06:30:00,2.0000000000,34.0000000000,2.3494760000,15.9500000000
2023-03-09 06:45:00,12.0000000000,34.0000000000,16.2327400000,15.7500000000
2023-03-09 07:00:00,27.6000000000,33.0000000000,38.6595500000,16.5333300000
2023-03-09 07:15:00,52.0000000000,33.0000000000,72.6913600000,17.6166700000
2023-03-09 07:30:00,54.8000000000,33.0000000000,91.4871700000,19.0833300000
2023-03-09 07:45:00,69.6000000000,34.0000000000,93.9790400000,19.9833300000
2023-03-09 08:00:00,121.2000000000,34.0000000000,173.5052000000,21.8000000000
2023-03-09 08:15:00,136.8000000000,34.0000000000,212.2360000000,25.1000000000
2023-03-09 08:30:00,168.4000000000,34.0000000000,262.8565000000,28.7000000000
2023-03-09 08:45:00,211.6000000000,34.0000000000,321.3086000000,32.0000000000
2023-03-09 09:00:00,248.0000000000,35.0000000000,375.0618000000,35.5000000000
2023-03-09 09:15:00,280.0000000000,36.0000000000,424.7567000000,38.8500000000
2023-03-09 09:30:00,312.0000000000,36.0000000000,474.0957000000,41.5833300000
2023-03-09 09:45:00,340.0000000000,36.0000000000,520.5157000000,43.3833400000
2023-03-09 10:00:00,372.0000000000,37.0000000000,560.4567000000,45.1500000000
2023-03-09 10:15:00,396.0000000000,38.0000000000,600.4691000000,47.3666600000
2023-03-09 10:30:00,416.0000000000,38.0000000000,637.9895000000,49.8166700000
2023-03-09 10:45:00,440.0000000000,40.0000000000,672.3060000000,52.1333400000
2023-03-09 11:00:00,456.0000000000,38.0000000000,699.1470000000,53.6000000000
2023-03-09 11:15:00,468.0000000000,39.0000000000,724.1369000000,54.2500000000
2023-03-09 11:30:00,484.0000000000,41.0000000000,751.0491000000,55.7666700000
2023-03-09 11:45:00,500.0000000000,41.0000000000,776.8933000000,57.5833300000
2023-03-09 12:00:00,512.0000000000,41.0000000000,795.0483000000,58.2333300000
2023-03-09 12:15:00,516.0000000000,42.0000000000,809.0028000000,59.4500000000
2023-03-09 12:30:00,516.0000000000,43.0000000000,811.2811000000,60.5333300000
2023-03-09 12:45:00,512.0000000000,43.0000000000,811.7083000000,61.4000000000
2023-03-09 13:00:00,512.0000000000,44.0000000000,808.7181000000,60.5333300000
2023-03-09 13:15:00,504.0000000000,44.0000000000,798.6082000000,60.7500000000
2023-03-09 13:30:00,492.0000000000,45.0000000000,777.7477000000,59.0166700000
2023-03-09 13:45:00,480.0000000000,44.0000000000,763.1525000000,57.9333300000
2023-03-09 14:00:00,460.0000000000,45.0000000000,728.8359000000,57.8333300000
2023-03-09 14:15:00,440.0000000000,45.0000000000,698.6487000000,57.5666700000
2023-03-09 14:30:00,412.0000000000,45.0000000000,658.4228000000,57.4666700000
2023-03-09 14:45:00,384.0000000000,45.0000000000,613.4268000000,55.5000000000
2023-03-09 15:00:00,352.0000000000,45.0000000000,571.6346000000,54.3000000000
2023-03-09 15:15:00,328.0000000000,45.0000000000,528.1337000000,53.0666700000
2023-03-09 15:30:00,292.0000000000,45.0000000000,481.2866000000,50.7833300000
2023-03-09 15:45:00,260.0000000000,44.0000000000,425.9670000000,49.3500000000
2023-03-09 16:00:00,220.0000000000,46.0000000000,368.7965000000,47.6666700000
2023-03-09 16:15:00,180.0000000000,45.0000000000,308.7069000000,45.5500000000
2023-03-09 16:30:00,144.0000000000,45.0000000000,251.3939000000,43.5333300000
2023-03-09 16:45:00,112.0000000000,45.0000000000,198.4239000000,41.0333300000
2023-03-09 17:00:00,84.0000000000,45.0000000000,150.4377000000,38.8666600000
2023-03-09 17:15:00,60.0000000000,45.0000000000,104.0889000000,36.6500000000
2023-03-09 17:30:00,32.0000000000,44.0000000000,62.6526900000,34.3666600000
2023-03-09 17:45:00,20.0000000000,44.0000000000,34.8861600000,32.3833400000
2023-03-09 18:00:00,8.0000000000,42.0000000000,15.1648000000,30.5500000000
2023-03-09 18:15:00,4.0000000000,44.0000000000,2.1358870000,29.1166700000
2023-03-09 18:30:00,0.0000000000,44.0000000000,0.0000000000,28.3500000000
2023-03-09 18:45:00,0.0000000000,43.0000000000,0.0000000000,27.1333300000
2023-03-09 19:00:00,0.0000000000,43.0000000000,0.0000000000,26.2166700000
2023-03-09 19:15:00,0.0000000000,43.0000000000,0.0000000000,25.3166700000
2023-03-09 19:30:00,0.0000000000,42.0000000000,0.0000000000,24.2666700000
2023-03-09 19:45:00,0.0000000000,41.0000000000,0.0000000000,23.4833300000
2023-03-09 20:00:00,0.0000000000,41.0000000000,0.0000000000,23.1333300000
2023-03-09 20:15:00,0.0000000000,40.0000000000,0.0000000000,23.6666700000
2023-03-09 20:30:00,0.0000000000,41.0000000000,0.0000000000,23.5500000000
2023-03-09 20:45:00,0.0000000000,38.0000000000,0.0000000000,23.0500000000
2023-03-09 21:00:00,0.0000000000,37.0000000000,0.0000000000,22.8666700000
2023-03-09 21:15:00,0.0000000000,37.0000000000,0.0000000000,22.8333300000
2023-03-09 21:30:00,0.0000000000,40.0000000000,0.0000000000,23.1833300000
2023-03-09 21:45:00,0.0000000000,40.0000000000,0.0000000000,23.0000000000
2023-03-09 22:00:00,0.0000000000,40.0000000000,0.0000000000,22.9833300000
2023-03-09 22:15:00,0.0000000000,41.0000000000,0.0000000000,22.5666700000
2023-03-09 22:30:00,0.0000000000,41.0000000000,0.0000000000,22.2166700000
2023-03-09 22:45:00,0.0000000000,39.0000000000,0.0000000000,21.7833300000
2023-03-09 23:00:00,0.0000000000,38.0000000000,0.0000000000,22.3166700000
2023-03-09 23:15:00,0.0000000000,38.0000000000,0.0000000000,22.3166700000
2023-03-09 23:30:00,0.0000000000,38.0000000000,0.0000000000,21.9666700000
2023-03-09 23:45:00,0.0000000000,39.0000000000,0.0000000000,21.4666700000
2023-03-10 00:00:00,0.0000000000,38.0000000000,0.0000000000,21.3500000000
2023-03-10 00:15:00,0.0000000000,37.0000000000,0.0000000000,21.0500000000
2023-03-10 00:30:00,0.0000000000,38.0000000000,0.0000000000,20.6000000000
2023-03-10 00:45:00,0.0000000000,37.0000000000,0.0000000000,20.0333300000
2023-03-10 01:00:00,0.0000000000,37.0000000000,0.0000000000,20.3500000000
2023-03-10 01:15:00,0.0000000000,37.0000000000,0.0000000000,21.0333300000
2023-03-10 01:30:00,0.0000000000,37.0000000000,0.0000000000,20.8333300000
2023-03-10 01:45:00,0.0000000000,36.0000000000,0.0000000000,20.8666700000
2023-03-10 02:00:00,0.0000000000,37.0000000000,0.0000000000,21.6500000000
2023-03-10 02:15:00,0.0000000000,37.0000000000,0.0000000000,22.0333300000
2023-03-10 02:30:00,0.0000000000,36.0000000000,0.0000000000,22.1500000000
2023-03-10 02:45:00,0.0000000000,36.0000000000,0.0000000000,22.1833300000
2023-03-10 03:00:00,0.0000000000,36.0000000000,0.0000000000,21.6666700000
2023-03-10 03:15:00,0.0000000000,35.0000000000,0.0000000000,21.4166700000
2023-03-10 03:30:00,0.0000000000,36.0000000000,0.0000000000,20.9833300000
2023-03-10 03:45:00,0.0000000000,37.0000000000,0.0000000000,20.8000000000
2023-03-10 04:00:00,0.0000000000,36.0000000000,0.0000000000,20.7166700000
2023-03-10 04:15:00,0.0000000000,36.0000000000,0.0000000000,20.7666700000
2023-03-10 04:30:00,0.0000000000,36.0000000000,0.0000000000,20.8666700000
2023-03-10 04:45:00,0.0000000000,35.0000000000,0.0000000000,20.6833300000
2023-03-10 05:00:00,0.0000000000,36.0000000000,0.0000000000,20.2666700000
2023-03-10 05:15:00,0.0000000000,35.0000000000,0.0000000000,19.6333300000
2023-03-10 05:30:00,0.0000000000,36.0000000000,0.0000000000,19.4500000000
2023-03-10 05:45:00,0.0000000000,36.0000000000,0.0000000000,19.4000000000
2023-03-10 06:00:00,0.0000000000,36.0000000000,0.0000000000,19.0666700000
2023-03-10 06:15:00,0.0000000000,35.0000000000,0.0000000000,18.6500000000
2023-03-10 06:30:00,2.0000000000,35.0000000000,2.5630650000,18.7500000000
2023-03-10 06:45:00,9.6000000000,35.0000000000,13.8832700000,18.7666700000
2023-03-10 07:00:00,23.2000000000,35.0000000000,34.3877800000,19.3500000000
2023-03-10 07:15:00,39.2000000000,35.0000000000,60.7303900000,20.8500000000
2023-03-10 07:30:00,58.0000000000,36.0000000000,89.6360700000,22.4000000000
2023-03-10 07:45:00,80.0000000000,36.0000000000,124.3798000000,24.4000000000
2023-03-10 08:00:00,105.6000000000,35.0000000000,164.6057000000,26.7333300000
2023-03-10 08:15:00,132.4000000000,37.0000000000,204.4756000000,29.2166700000
2023-03-10 08:30:00,160.8000000000,37.0000000000,248.2613000000,31.8666700000
2023-03-10 08:45:00,191.6000000000,37.0000000000,297.3867000000,34.0666700000
2023-03-10 09:00:00,224.0000000000,37.0000000000,344.3762000000,36.2500000000
2023-03-10 09:15:00,256.0000000000,37.0000000000,390.7961000000,37.9500000000
2023-03-10 09:30:00,288.0000000000,38.0000000000,435.5786000000,40.0333300000
2023-03-10 09:45:00,312.0000000000,38.0000000000,481.2865000000,42.1000000000
2023-03-10 10:00:00,344.0000000000,33.0000000000,523.1499000000,44.1166600000
2023-03-10 10:15:00,368.0000000000,40.0000000000,559.9584000000,46.4500000000
2023-03-10 10:30:00,392.0000000000,40.0000000000,600.1131000000,49.5666700000
2023-03-10 10:45:00,420.0000000000,40.0000000000,639.9117000000,51.5333300000
2023-03-10 11:00:00,440.0000000000,41.0000000000,678.4290000000,52.3000000000
2023-03-10 11:15:00,456.0000000000,42.0000000000,699.7878000000,52.9166700000
2023-03-10 11:30:00,468.0000000000,41.0000000000,716.8037000000,54.6833300000
2023-03-10 11:45:00,472.0000000000,42.0000000000,733.6060000000,55.7666700000
2023-03-10 12:00:00,484.0000000000,42.0000000000,747.3469000000,56.2833300000
2023-03-10 12:15:00,492.0000000000,42.0000000000,759.3079000000,55.3166700000
2023-03-10 12:30:00,488.0000000000,42.0000000000,758.8807000000,55.0166700000
2023-03-10 12:45:00,488.0000000000,43.0000000000,756.0328000000,55.1333400000
2023-03-10 13:00:00,476.0000000000,43.0000000000,742.1495000000,55.5166700000
2023-03-10 13:15:00,464.0000000000,45.0000000000,724.1369000000,56.1166600000
2023-03-10 13:30:00,452.0000000000,44.0000000000,710.1825000000,56.2000000000
2023-03-10 13:45:00,448.0000000000,44.0000000000,698.3639000000,56.3000000000
2023-03-10 14:00:00,432.0000000000,45.0000000000,682.7007000000,55.5833300000
2023-03-10 14:15:00,408.0000000000,45.0000000000,640.5525000000,55.3333300000
2023-03-10 14:30:00,376.0000000000,45.0000000000,605.5240000000,55.1333400000
2023-03-10 14:45:00,360.0000000000,44.0000000000,570.2107000000,54.9500000000
2023-03-10 15:00:00,332.0000000000,45.0000000000,537.4604000000,53.8166700000
2023-03-10 15:15:00,308.0000000000,45.0000000000,497.2345000000,52.6833300000
2023-03-10 15:30:00,280.0000000000,46.0000000000,456.2255000000,50.5166700000
2023-03-10 15:45:00,252.0000000000,45.0000000000,411.5142000000,48.7333300000
2023-03-10 16:00:00,224.0000000000,46.0000000000,374.4922000000,46.9333300000
2023-03-10 16:15:00,184.0000000000,46.0000000000,317.2505000000,45.1666700000
2023-03-10 16:30:00,148.0000000000,46.0000000000,253.9570000000,43.1833300000
2023-03-10 16:45:00,104.0000000000,46.0000000000,188.2428000000,40.5166700000
2023-03-10 17:00:00,76.0000000000,45.0000000000,138.1919000000,38.1000000000
2023-03-10 17:15:00,56.0000000000,44.0000000000,98.6779800000,36.0166700000
2023-03-10 17:30:00,32.0000000000,44.0000000000,64.5037900000,34.1666700000
2023-03-10 17:45:00,20.0000000000,45.0000000000,33.0350600000,32.3000000000
2023-03-10 18:00:00,4.0000000000,44.0000000000,10.0386700000,30.5333300000
2023-03-10 18:15:00,0.0000000000,43.0000000000,0.8543550000,28.6666700000
2023-03-10 18:30:00,0.0000000000,44.0000000000,0.0000000000,27.3333300000
2023-03-10 18:45:00,0.0000000000,43.0000000000,0.0000000000,26.2000000000
2023-03-10 19:00:00,0.0000000000,43.0000000000,0.0000000000,24.9833300000
2023-03-10 19:15:00,0.0000000000,42.0000000000,0.0000000000,24.2166700000
2023-03-10 19:30:00,0.0000000000,42.0000000000,0.0000000000,23.7500000000
2023-03-10 19:45:00,0.0000000000,42.0000000000,0.0000000000,23.6833300000
2023-03-10 20:00:00,0.0000000000,41.0000000000,0.0000000000,23.6500000000
2023-03-10 20:15:00,0.0000000000,41.0000000000,0.0000000000,24.4166700000
2023-03-10 20:30:00,0.0000000000,41.0000000000,0.0000000000,24.9666700000
2023-03-10 20:45:00,0.0000000000,41.0000000000,0.0000000000,24.5166700000
2023-03-10 21:00:00,0.0000000000,41.0000000000,0.0000000000,24.1500000000
2023-03-10 21:15:00,0.0000000000,40.0000000000,0.0000000000,24.5000000000
2023-03-10 21:30:00,0.0000000000,40.0000000000,0.0000000000,25.0166700000
2023-03-10 21:45:00,0.0000000000,40.0000000000,0.0000000000,25.2500000000
2023-03-10 22:00:00,0.0000000000,39.0000000000,0.0000000000,24.2166700000
2023-03-10 22:15:00,0.0000000000,44.0000000000,0.0000000000,23.0666700000
2023-03-10 22:30:00,0.0000000000,39.0000000000,0.0000000000,22.9000000000
2023-03-10 22:45:00,0.0000000000,38.0000000000,0.0000000000,22.6000000000
2023-03-10 23:00:00,0.0000000000,38.0000000000,0.0000000000,21.7500000000
2023-03-10 23:15:00,0.0000000000,38.0000000000,0.0000000000,21.2666700000
2023-03-10 23:30:00,0.0000000000,38.0000000000,0.0000000000,21.4000000000
2023-03-10 23:45:00,0.0000000000,38.0000000000,0.0000000000,21.0833300000
2023-03-11 00:00:00,0.0000000000,39.0000000000,0.0000000000,20.4333300000
2023-03-11 00:15:00,0.0000000000,38.0000000000,0.0000000000,20.0666700000
2023-03-11 00:30:00,0.0000000000,38.0000000000,0.0000000000,20.0833300000
2023-03-11 00:45:00,0.0000000000,36.0000000000,0.0000000000,19.9000000000
2023-03-11 01:00:00,0.0000000000,36.0000000000,0.0000000000,19.5166700000
2023-03-11 01:15:00,0.0000000000,37.0000000000,0.0000000000,19.3500000000
2023-03-11 01:30:00,0.0000000000,36.0000000000,0.0000000000,19.2833300000
2023-03-11 01:45:00,0.0000000000,37.0000000000,0.0000000000,19.0833300000
2023-03-11 02:00:00,0.0000000000,37.0000000000,0.0000000000,18.8166700000
2023-03-11 02:15:00,0.0000000000,36.0000000000,0.0000000000,18.7500000000
2023-03-11 02:30:00,0.0000000000,36.0000000000,0.0000000000,18.4666700000
2023-03-11 02:45:00,0.0000000000,36.0000000000,0.0000000000,18.2500000000
2023-03-11 03:00:00,0.0000000000,36.0000000000,0.0000000000,18.1166700000
2023-03-11 03:15:00,0.0000000000,36.0000000000,0.0000000000,18.0333300000
2023-03-11 03:30:00,0.0000000000,35.0000000000,0.0000000000,17.9000000000
2023-03-11 03:45:00,0.0000000000,35.0000000000,0.0000000000,17.8500000000
2023-03-11 04:00:00,0.0000000000,35.0000000000,0.0000000000,18.3000000000
2023-03-11 04:15:00,0.0000000000,35.0000000000,0.0000000000,18.9833300000
2023-03-11 04:30:00,0.0000000000,35.0000000000,0.0000000000,18.8666700000
2023-03-11 04:45:00,0.0000000000,36.0000000000,0.0000000000,18.6000000000
2023-03-11 05:00:00,0.0000000000,36.0000000000,0.0000000000,18.5000000000
2023-03-11 05:15:00,0.0000000000,36.0000000000,0.0000000000,18.5666700000
2023-03-11 05:30:00,0.0000000000,36.0000000000,0.0000000000,18.6333300000
2023-03-11 05:45:00,0.0000000000,35.0000000000,0.0000000000,18.1333300000
2023-03-11 06:00:00,0.0000000000,34.0000000000,0.0000000000,17.5833300000
2023-03-11 06:15:00,0.0000000000,35.0000000000,0.0000000000,17.6333300000
2023-03-11 06:30:00,4.0000000000,34.0000000000,4.2005780000,18.4500000000
2023-03-11 06:45:00,12.0000000000,34.0000000000,16.1615400000,18.9666700000
2023-03-11 07:00:00,12.0000000000,35.0000000000,19.5789600000,18.9833300000
2023-03-11 07:15:00,36.0000000000,34.0000000000,46.4199500000,19.0500000000
2023-03-11 07:30:00,64.0000000000,34.0000000000,90.6328000000,20.3166700000
2023-03-11 07:45:00,76.0000000000,35.0000000000,116.6195000000,21.7500000000
2023-03-11 08:00:00,104.0000000000,35.0000000000,154.4958000000,23.3166700000
2023-03-11 08:15:00,128.0000000000,35.0000000000,197.0000000000,24.7666700000
2023-03-11 08:30:00,156.0000000000,36.0000000000,235.7307000000,28.5833300000
2023-03-11 08:45:00,192.0000000000,36.0000000000,300.6617000000,32.4000000000
2023-03-11 09:00:00,208.0000000000,37.0000000000,341.5995000000,35.6166600000
2023-03-11 09:15:00,200.0000000000,38.0000000000,290.9790000000,36.6333400000
2023-03-11 09:30:00,200.0000000000,36.0000000000,287.5616000000,37.3166700000
2023-03-11 09:45:00,212.0000000000,38.0000000000,299.0242000000,37.6500000000
2023-03-11 10:00:00,280.0000000000,37.0000000000,414.8605000000,39.7833300000
2023-03-11 10:15:00,332.0000000000,37.0000000000,485.4872000000,42.0000000000
2023-03-11 10:30:00,280.0000000000,38.0000000000,433.2291000000,44.5833300000
2023-03-11 10:45:00,312.0000000000,39.0000000000,451.4554000000,44.7000000000
2023-03-11 11:00:00,348.0000000000,39.0000000000,536.4636000000,46.6500000000
2023-03-11 11:15:00,328.0000000000,40.0000000000,528.1337000000,47.5166700000
2023-03-11 11:30:00,332.0000000000,40.0000000000,498.8720000000,48.2500000000
2023-03-11 11:45:00,356.0000000000,40.0000000000,537.3180000000,48.7666700000
2023-03-11 12:00:00,380.0000000000,40.0000000000,576.9743000000,49.6333400000
2023-03-11 12:15:00,404.0000000000,40.0000000000,656.2158000000,51.8833400000
2023-03-11 12:30:00,384.0000000000,41.0000000000,619.3361000000,52.8666600000
2023-03-11 12:45:00,368.0000000000,41.0000000000,568.7867000000,54.1333400000
2023-03-11 13:00:00,372.0000000000,42.0000000000,577.2591000000,53.6000000000
2023-03-11 13:15:00,368.0000000000,43.0000000000,558.6057000000,51.5833300000
2023-03-11 13:30:00,312.0000000000,43.0000000000,543.9392000000,52.3500000000
2023-03-11 13:45:00,380.0000000000,43.0000000000,506.3476000000,51.3333300000
2023-03-11 14:00:00,392.0000000000,43.0000000000,609.6533000000,53.2333300000
2023-03-11 14:15:00,380.0000000000,44.0000000000,598.9739000000,53.5000000000
2023-03-11 14:30:00,352.0000000000,44.0000000000,552.0556000000,51.5833300000
2023-03-11 14:45:00,340.0000000000,44.0000000000,524.8587000000,50.4833300000
2023-03-11 15:00:00,304.0000000000,44.0000000000,491.2541000000,50.3666600000
2023-03-11 15:15:00,260.0000000000,44.0000000000,425.3975000000,50.1500000000
2023-03-11 15:30:00,176.0000000000,44.0000000000,334.9071000000,47.7666700000
2023-03-11 15:45:00,212.0000000000,43.0000000000,307.8525000000,44.2000000000
2023-03-11 16:00:00,168.0000000000,44.0000000000,281.4387000000,44.1000000000
2023-03-11 16:15:00,116.0000000000,43.0000000000,192.4434000000,42.2333300000
2023-03-11 16:30:00,92.0000000000,43.0000000000,141.2533000000,38.4166700000
2023-03-11 16:45:00,104.0000000000,44.0000000000,172.8645000000,37.4333300000
2023-03-11 17:00:00,100.0000000000,43.0000000000,159.4796000000,37.1166600000
2023-03-11 17:15:00,52.0000000000,44.0000000000,95.7589300000,35.9666700000
2023-03-11 17:30:00,20.0000000000,43.0000000000,34.1030000000,33.2166700000
2023-03-11 17:45:00,12.0000000000,44.0000000000,19.4365700000,30.9000000000
2023-03-11 18:00:00,4.0000000000,43.0000000000,7.4756060000,29.0833300000
2023-03-11 18:15:00,4.0000000000,42.0000000000,2.9902420000,27.8500000000
2023-03-11 18:30:00,0.0000000000,42.0000000000,0.0000000000,27.2333300000
2023-03-11 18:45:00,0.0000000000,42.0000000000,0.0000000000,26.5000000000
2023-03-11 19:00:00,0.0000000000,42.0000000000,0.0000000000,25.5500000000
2023-03-11 19:15:00,0.0000000000,42.0000000000,0.0000000000,25.1000000000
2023-03-11 19:30:00,0.0000000000,42.0000000000,0.0000000000,25.0666700000
2023-03-11 19:45:00,0.0000000000,41.0000000000,0.0000000000,24.2333300000
2023-03-11 20:00:00,0.0000000000,41.0000000000,0.0000000000,23.7000000000
2023-03-11 20:15:00,0.0000000000,41.0000000000,0.0000000000,23.7000000000
2023-03-11 20:30:00,0.0000000000,40.0000000000,0.0000000000,23.6833300000
2023-03-11 20:45:00,0.0000000000,40.0000000000,0.0000000000,23.2833300000
2023-03-11 21:00:00,0.0000000000,40.0000000000,0.0000000000,22.6000000000
2023-03-11 21:15:00,0.0000000000,39.0000000000,0.0000000000,22.6833300000
2023-03-11 21:30:00,0.0000000000,42.0000000000,0.0000000000,23.5000000000
2023-03-11 21:45:00,0.0000000000,37.0000000000,0.0000000000,24.1666700000
2023-03-11 22:00:00,0.0000000000,39.0000000000,0.0000000000,24.3333300000
2023-03-11 22:15:00,0.0000000000,39.0000000000,0.0000000000,24.0666700000
2023-03-11 22:30:00,0.0000000000,37.0000000000,0.0000000000,23.2166700000
2023-03-11 22:45:00,0.0000000000,38.0000000000,0.0000000000,22.6500000000
2023-03-11 23:00:00,0.0000000000,38.0000000000,0.0000000000,21.7833300000
2023-03-11 23:15:00,0.0000000000,38.0000000000,0.0000000000,21.2166700000
2023-03-11 23:30:00,0.0000000000,38.0000000000,0.0000000000,21.0500000000
2023-03-11 23:45:00,0.0000000000,38.0000000000,0.0000000000,21.2166700000
2023-03-12 00:00:00,0.0000000000,37.0000000000,0.0000000000,20.9833300000
2023-03-12 00:15:00,0.0000000000,37.0000000000,0.0000000000,20.6500000000
2023-03-12 00:30:00,0.0000000000,36.0000000000,0.0000000000,20.0833300000
2023-03-12 00:45:00,0.0000000000,37.0000000000,0.0000000000,19.7000000000
2023-03-12 01:00:00,0.0000000000,37.0000000000,0.0000000000,19.4000000000
2023-03-12 01:15:00,0.0000000000,37.0000000000,0.0000000000,19.2000000000
2023-03-12 01:30:00,0.0000000000,37.0000000000,0.0000000000,19.7166700000
2023-03-12 01:45:00,0.0000000000,36.0000000000,0.0000000000,20.2000000000
2023-03-12 02:00:00,0.0000000000,37.0000000000,0.0000000000,20.2333300000
2023-03-12 02:15:00,0.0000000000,36.0000000000,0.0000000000,19.7333300000
2023-03-12 02:30:00,0.0000000000,36.0000000000,0.0000000000,19.3833300000
2023-03-12 02:45:00,0.0000000000,36.0000000000,0.0000000000,19.0500000000
2023-03-12 03:00:00,0.0000000000,36.0000000000,0.0000000000,18.6500000000
2023-03-12 03:15:00,0.0000000000,36.0000000000,0.0000000000,18.4166700000
2023-03-12 03:30:00,0.0000000000,35.0000000000,0.0000000000,18.5666700000
2023-03-12 03:45:00,0.0000000000,35.0000000000,0.0000000000,18.7500000000
2023-03-12 04:00:00,0.0000000000,36.0000000000,0.0000000000,18.8166700000
2023-03-12 04:15:00,0.0000000000,35.0000000000,0.0000000000,18.7500000000
2023-03-12 04:30:00,0.0000000000,36.0000000000,0.0000000000,18.3833300000
2023-03-12 04:45:00,0.0000000000,35.0000000000,0.0000000000,18.2666700000
2023-03-12 05:00:00,0.0000000000,35.0000000000,0.0000000000,18.3500000000
2023-03-12 05:15:00,0.0000000000,34.0000000000,0.0000000000,18.4833300000
2023-03-12 05:30:00,0.0000000000,35.0000000000,0.0000000000,18.7833300000
2023-03-12 05:45:00,0.0000000000,35.0000000000,0.0000000000,18.8000000000
2023-03-12 06:00:00,0.0000000000,35.0000000000,0.0000000000,19.0500000000
2023-03-12 06:15:00,0.0000000000,35.0000000000,0.0000000000,19.3333300000
2023-03-12 06:30:00,0.0000000000,35.0000000000,1.7799060000,19.4500000000
2023-03-12 06:45:00,12.0000000000,34.0000000000,12.9577200000,19.4000000000
2023-03-12 07:00:00,16.0000000000,34.0000000000,23.3523700000,19.5333300000
2023-03-12 07:15:00,48.0000000000,34.0000000000,62.4391000000,20.2333300000
2023-03-12 07:30:00,72.0000000000,34.0000000000,99.7459300000,21.4666700000
2023-03-12 07:45:00,104.0000000000,35.0000000000,148.8001000000,23.1333300000
2023-03-12 08:00:00,96.0000000000,35.0000000000,154.3534000000,25.4500000000
2023-03-12 08:15:00,100.0000000000,35.0000000000,159.1948000000,27.3666700000
2023-03-12 08:30:00,156.0000000000,36.0000000000,237.6530000000,29.9666700000
2023-03-12 08:45:00,156.0000000000,36.0000000000,241.7824000000,32.0833300000
2023-03-12 09:00:00,196.0000000000,37.0000000000,299.5938000000,34.2666700000
2023-03-12 09:15:00,200.0000000000,37.0000000000,348.5056000000,36.5833300000
2023-03-12 09:30:00,256.0000000000,37.0000000000,389.0163000000,38.3666600000
2023-03-12 09:45:00,224.0000000000,37.0000000000,393.5016000000,40.2000000000
2023-03-12 10:00:00,264.0000000000,38.0000000000,368.5117000000,41.3166700000
2023-03-12 10:15:00,344.0000000000,38.0000000000,514.1792000000,43.8333300000
2023-03-12 10:30:00,264.0000000000,40.0000000000,419.2035000000,46.7000000000
2023-03-12 10:45:00,316.0000000000,39.0000000000,462.3484000000,46.4833300000
2023-03-12 11:00:00,368.0000000000,39.0000000000,555.4730000000,47.8166700000
2023-03-12 11:15:00,404.0000000000,40.0000000000,609.7246000000,50.2666700000
2023-03-12 11:30:00,364.0000000000,41.0000000000,638.2743000000,52.3500000000
2023-03-12 11:45:00,344.0000000000,42.0000000000,536.8909000000,50.5000000000
2023-03-12 12:00:00,372.0000000000,42.0000000000,564.2302000000,51.5666700000
2023-03-12 12:15:00,372.0000000000,42.0000000000,569.6411000000,52.8000000000
2023-03-12 12:30:00,288.0000000000,42.0000000000,447.1836000000,51.6833300000
2023-03-12 12:45:00,328.0000000000,42.0000000000,479.5067000000,49.1333400000
2023-03-12 13:00:00,380.0000000000,42.0000000000,551.6284000000,50.1833300000
2023-03-12 13:15:00,392.0000000000,43.0000000000,611.4333000000,53.3333300000
2023-03-12 13:30:00,392.0000000000,44.0000000000,635.0704000000,54.9000000000
2023-03-12 13:45:00,268.0000000000,44.0000000000,483.1377000000,53.9333300000
2023-03-12 14:00:00,280.0000000000,43.0000000000,486.2703000000,49.3333300000
2023-03-12 14:15:00,332.0000000000,43.0000000000,478.8659000000,48.8000000000
2023-03-12 14:30:00,344.0000000000,44.0000000000,536.1788000000,50.8166700000
2023-03-12 14:45:00,256.0000000000,43.0000000000,426.8214000000,50.6666700000
2023-03-12 15:00:00,200.0000000000,44.0000000000,317.6776000000,47.8500000000
2023-03-12 15:15:00,260.0000000000,44.0000000000,396.9902000000,45.9000000000
2023-03-12 15:30:00,196.0000000000,44.0000000000,309.7748000000,46.2166700000
2023-03-12 15:45:00,140.0000000000,44.0000000000,215.1550000000,43.3000000000
2023-03-12 16:00:00,140.0000000000,43.0000000000,243.5623000000,42.0166700000
2023-03-12 16:15:00,160.0000000000,43.0000000000,246.5526000000,41.3333300000
2023-03-12 16:30:00,88.0000000000,44.0000000000,137.6935000000,40.5166700000
2023-03-12 16:45:00,44.0000000000,44.0000000000,71.8370000000,36.9666700000
2023-03-12 17:00:00,44.0000000000,43.0000000000,68.8467600000,34.9833300000
2023-03-12 17:15:00,28.0000000000,44.0000000000,43.8568800000,33.7500000000
2023-03-12 17:30:00,24.0000000000,44.0000000000,31.2551500000,32.5500000000
2023-03-12 17:45:00,12.0000000000,44.0000000000,20.2197300000,31.6000000000
2023-03-12 18:00:00,4.0000000000,42.0000000000,6.1940730000,30.7333300000
2023-03-12 18:15:00,0.0000000000,42.0000000000,0.5695699000,29.5833300000
2023-03-12 18:30:00,0.0000000000,42.0000000000,0.0000000000,28.8000000000
2023-03-12 18:45:00,0.0000000000,43.0000000000,0.0000000000,28.5166700000
2023-03-12 19:00:00,0.0000000000,42.0000000000,0.0000000000,28.5500000000
2023-03-12 19:15:00,0.0000000000,43.0000000000,0.0000000000,28.2500000000
2023-03-12 19:30:00,0.0000000000,41.0000000000,0.0000000000,27.9500000000
2023-03-12 19:45:00,0.0000000000,41.0000000000,0.0000000000,27.6333300000
2023-03-12 20:00:00,0.0000000000,41.0000000000,0.0000000000,27.4833300000
2023-03-12 20:15:00,0.0000000000,40.0000000000,0.0000000000,27.2500000000
2023-03-12 20:30:00,0.0000000000,40.0000000000,0.0000000000,27.1833300000
2023-03-12 20:45:00,0.0000000000,40.0000000000,0.0000000000,27.3500000000
2023-03-12 21:00:00,0.0000000000,41.0000000000,0.0000000000,27.2166700000
2023-03-12 21:15:00,0.0000000000,40.0000000000,0.0000000000,26.7166700000
2023-03-12 21:30:00,0.0000000000,40.0000000000,0.0000000000,26.4333300000
2023-03-12 21:45:00,0.0000000000,39.0000000000,0.0000000000,26.1666700000
2023-03-12 22:00:00,0.0000000000,41.0000000000,0.0000000000,26.5833300000
2023-03-12 22:15:00,0.0000000000,40.0000000000,0.0000000000,26.7166700000
2023-03-12 22:30:00,0.0000000000,40.0000000000,0.0000000000,26.8500000000
2023-03-12 22:45:00,0.0000000000,41.0000000000,0.0000000000,26.6166700000
2023-03-12 23:00:00,0.0000000000,40.0000000000,0.0000000000,26.6000000000
2023-03-12 23:15:00,0.0000000000,40.0000000000,0.0000000000,26.5666700000
2023-03-12 23:30:00,0.0000000000,40.0000000000,0.0000000000,26.2500000000
2023-03-12 23:45:00,0.0000000000,39.0000000000,0.0000000000,26.0666700000
2023-03-13 00:00:00,0.0000000000,39.0000000000,0.0000000000,26.7666700000
2023-03-13 00:15:00,0.0000000000,40.0000000000,0.0000000000,26.7500000000
2023-03-13 00:30:00,0.0000000000,39.0000000000,0.0000000000,26.1166700000
2023-03-13 00:45:00,0.0000000000,40.0000000000,0.0000000000,25.9500000000
2023-03-13 01:00:00,0.0000000000,39.0000000000,0.0000000000,25.6000000000
2023-03-13 01:15:00,0.0000000000,40.0000000000,0.0000000000,25.2000000000
2023-03-13 01:30:00,0.0000000000,38.0000000000,0.0000000000,23.8000000000
2023-03-13 01:45:00,0.0000000000,38.0000000000,0.0000000000,22.4000000000
2023-03-13 02:00:00,0.0000000000,38.0000000000,0.0000000000,21.7333300000
2023-03-13 02:15:00,0.0000000000,36.0000000000,0.0000000000,21.5000000000
2023-03-13 02:30:00,0.0000000000,36.0000000000,0.0000000000,21.2666700000
2023-03-13 02:45:00,0.0000000000,36.0000000000,0.0000000000,21.1166700000
2023-03-13 03:00:00,0.0000000000,35.0000000000,0.0000000000,21.1833300000
2023-03-13 03:15:00,0.0000000000,34.0000000000,0.0000000000,21.1500000000
2023-03-13 03:30:00,0.0000000000,34.0000000000,0.0000000000,20.3000000000
2023-03-13 03:45:00,0.0000000000,34.0000000000,0.0000000000,20.0500000000
2023-03-13 04:00:00,0.0000000000,34.0000000000,0.0000000000,19.9166700000
2023-03-13 04:15:00,0.0000000000,34.0000000000,0.0000000000,19.8166700000
2023-03-13 04:30:00,0.0000000000,35.0000000000,0.0000000000,19.6166700000
2023-03-13 04:45:00,0.0000000000,35.0000000000,0.0000000000,19.5000000000
2023-03-13 05:00:00,0.0000000000,35.0000000000,0.0000000000,19.6333300000
2023-03-13 05:15:00,0.0000000000,34.0000000000,0.0000000000,19.7000000000
2023-03-13 05:30:00,0.0000000000,35.0000000000,0.0000000000,19.7000000000
2023-03-13 05:45:00,0.0000000000,34.0000000000,0.0000000000,19.9666700000
2023-03-13 06:00:00,0.0000000000,35.0000000000,0.0000000000,20.4000000000
2023-03-13 06:15:00,0.0000000000,35.0000000000,0.0000000000,20.5666700000
2023-03-13 06:30:00,0.0000000000,35.0000000000,0.0000000000,20.6166700000
2023-03-13 06:45:00,0.8000000000,34.0000000000,0.4983737000,20.6000000000
2023-03-13 07:00:00,3.6000000000,34.0000000000,3.4886160000,20.6000000000
2023-03-13 07:15:00,9.2000000000,34.0000000000,10.8930200000,20.5666700000
2023-03-13 07:30:00,24.4000000000,33.0000000000,29.2616600000,20.8000000000
2023-03-13 07:45:00,30.4000000000,34.0000000000,40.2258800000,20.9833300000
2023-03-13 08:00:00,29.6000000000,35.0000000000,39.1579300000,20.9666700000
2023-03-13 08:15:00,35.2000000000,34.0000000000,46.2775600000,21.2166700000
2023-03-13 08:30:00,37.2000000000,34.0000000000,50.6917200000,21.4833300000
2023-03-13 08:45:00,49.6000000000,34.0000000000,60.3032200000,21.5333300000
2023-03-13 09:00:00,48.0000000000,34.0000000000,63.0086700000,21.4166700000
2023-03-13 09:15:00,52.0000000000,33.0000000000,68.9179600000,21.4333300000
2023-03-13 09:30:00,44.0000000000,34.0000000000,56.7434000000,21.3333300000
2023-03-13 09:45:00,36.0000000000,34.0000000000,47.9150700000,21.3000000000
2023-03-13 10:00:00,44.0000000000,34.0000000000,56.7434000000,21.5000000000
2023-03-13 10:15:00,48.0000000000,34.0000000000,60.0896200000,21.5333300000
2023-03-13 10:30:00,124.0000000000,34.0000000000,145.3827000000,22.5000000000
2023-03-13 10:45:00,140.0000000000,34.0000000000,189.8091000000,24.6500000000
2023-03-13 11:00:00,148.0000000000,34.0000000000,195.5760000000,25.3833300000
2023-03-13 11:15:00,80.0000000000,34.0000000000,120.0369000000,26.1000000000
2023-03-13 11:30:00,56.0000000000,34.0000000000,78.6718400000,25.6000000000
2023-03-13 11:45:00,68.0000000000,34.0000000000,94.7621800000,25.1000000000
2023-03-13 12:00:00,52.0000000000,35.0000000000,75.8952000000,25.0833300000
2023-03-13 12:15:00,52.0000000000,34.0000000000,73.4745200000,24.5666700000
2023-03-13 12:30:00,36.0000000000,34.0000000000,56.1738300000,24.0500000000
2023-03-13 12:45:00,44.0000000000,34.0000000000,58.0961300000,23.7333300000
2023-03-13 13:00:00,100.0000000000,35.0000000000,134.4185000000,24.8500000000
2023-03-13 13:15:00,104.0000000000,35.0000000000,157.9845000000,27.4333300000
2023-03-13 13:30:00,64.0000000000,34.0000000000,92.3415200000,27.3500000000
2023-03-13 13:45:00,96.0000000000,34.0000000000,129.2924000000,27.1333300000
2023-03-13 14:00:00,112.0000000000,35.0000000000,161.4731000000,28.5000000000
2023-03-13 14:15:00,108.0000000000,35.0000000000,146.8778000000,29.3000000000
2023-03-13 14:30:00,152.0000000000,36.0000000000,219.7116000000,30.7833300000
2023-03-13 14:45:00,180.0000000000,35.0000000000,263.6397000000,33.1833300000
2023-03-13 15:00:00,120.0000000000,35.0000000000,195.6472000000,32.9500000000
2023-03-13 15:15:00,68.0000000000,35.0000000000,103.0209000000,28.0833300000
2023-03-13 15:30:00,92.0000000000,36.0000000000,126.1598000000,25.8500000000
2023-03-13 15:45:00,84.0000000000,35.0000000000,122.3864000000,25.8500000000
2023-03-13 16:00:00,80.0000000000,35.0000000000,111.9917000000,25.6666700000
2023-03-13 16:15:00,64.0000000000,35.0000000000,98.5355900000,25.5000000000
2023-03-13 16:30:00,60.0000000000,35.0000000000,87.5713700000,25.0500000000
2023-03-13 16:45:00,40.0000000000,35.0000000000,67.1380500000,24.6500000000
2023-03-13 17:00:00,20.0000000000,35.0000000000,31.6823300000,23.9833300000
2023-03-13 17:15:00,20.0000000000,35.0000000000,32.3230900000,23.6166700000
2023-03-13 17:30:00,20.0000000000,36.0000000000,29.2616600000,23.6166700000
2023-03-13 17:45:00,8.0000000000,35.0000000000,19.5789700000,23.2500000000
2023-03-13 18:00:00,8.0000000000,35.0000000000,10.1098700000,22.5833300000
2023-03-13 18:15:00,0.0000000000,35.0000000000,0.3559811000,22.1166700000
2023-03-13 18:30:00,0.0000000000,35.0000000000,0.0000000000,21.9333300000
2023-03-13 18:45:00,0.0000000000,35.0000000000,0.0000000000,22.1833300000
2023-03-13 19:00:00,0.0000000000,35.0000000000,0.0000000000,22.2166700000
2023-03-13 19:15:00,0.0000000000,36.0000000000,0.0000000000,22.2666700000
2023-03-13 19:30:00,0.0000000000,35.0000000000,0.0000000000,22.1666700000
2023-03-13 19:45:00,0.0000000000,35.0000000000,0.0000000000,22.1000000000
2023-03-13 20:00:00,0.0000000000,35.0000000000,0.0000000000,22.1000000000
2023-03-13 20:15:00,0.0000000000,35.0000000000,0.0000000000,22.0833300000
2023-03-13 20:30:00,0.0000000000,34.0000000000,0.0000000000,21.9833300000
2023-03-13 20:45:00,0.0000000000,35.0000000000,0.0000000000,21.8500000000
2023-03-13 21:00:00,0.0000000000,36.0000000000,0.0000000000,21.7166700000
2023-03-13 21:15:00,0.0000000000,34.0000000000,0.0000000000,21.7000000000
2023-03-13 21:30:00,0.0000000000,34.0000000000,0.0000000000,21.4833300000
2023-03-13 21:45:00,0.0000000000,34.0000000000,0.0000000000,21.0166700000
2023-03-13 22:00:00,0.0000000000,35.0000000000,0.0000000000,20.9333300000
2023-03-13 22:15:00,0.0000000000,35.0000000000,0.0000000000,21.2000000000
2023-03-13 22:30:00,0.0000000000,35.0000000000,0.0000000000,21.2666700000
2023-03-13 22:45:00,0.0000000000,35.0000000000,0.0000000000,20.9166700000
2023-03-13 23:00:00,0.0000000000,34.0000000000,0.0000000000,20.4166700000
2023-03-13 23:15:00,0.0000000000,34.0000000000,0.0000000000,20.1166700000
2023-03-13 23:30:00,0.0000000000,34.0000000000,0.0000000000,20.3500000000
2023-03-13 23:45:00,0.0000000000,34.0000000000,0.0000000000,20.1166700000
2023-03-14 00:00:00,0.0000000000,34.0000000000,0.0000000000,19.9000000000
2023-03-14 00:15:00,0.0000000000,34.0000000000,0.0000000000,19.3500000000
2023-03-14 00:30:00,0.0000000000,34.0000000000,0.0000000000,19.1833300000
2023-03-14 00:45:00,0.0000000000,33.0000000000,0.0000000000,19.6333300000
2023-03-14 01:00:00,0.0000000000,34.0000000000,0.0000000000,19.7000000000
2023-03-14 01:15:00,0.0000000000,33.0000000000,0.0000000000,19.6000000000
2023-03-14 01:30:00,0.0000000000,34.0000000000,0.0000000000,18.8666700000
2023-03-14 01:45:00,0.0000000000,34.0000000000,0.0000000000,17.8333300000
2023-03-14 02:00:00,0.0000000000,33.0000000000,0.0000000000,17.3833300000
2023-03-14 02:15:00,0.0000000000,34.0000000000,0.0000000000,17.7500000000
2023-03-14 02:30:00,0.0000000000,34.0000000000,0.0000000000,19.0666700000
2023-03-14 02:45:00,0.0000000000,33.0000000000,0.0000000000,19.4500000000
2023-03-14 03:00:00,0.0000000000,33.0000000000,0.0000000000,19.4833300000
2023-03-14 03:15:00,0.0000000000,34.0000000000,0.0000000000,19.3833300000
2023-03-14 03:30:00,0.0000000000,34.0000000000,0.0000000000,19.1000000000
2023-03-14 03:45:00,0.0000000000,33.0000000000,0.0000000000,18.8000000000
2023-03-14 04:00:00,0.0000000000,33.0000000000,0.0000000000,18.7000000000
2023-03-14 04:15:00,0.0000000000,33.0000000000,0.0000000000,18.7000000000
2023-03-14 04:30:00,0.0000000000,33.0000000000,0.0000000000,18.6833300000
2023-03-14 04:45:00,0.0000000000,33.0000000000,0.0000000000,18.5333300000
2023-03-14 05:00:00,0.0000000000,32.0000000000,0.0000000000,18.0000000000
2023-03-14 05:15:00,0.0000000000,31.0000000000,0.0000000000,17.8166700000
2023-03-14 05:30:00,0.0000000000,33.0000000000,0.0000000000,17.6500000000
2023-03-14 05:45:00,0.0000000000,31.0000000000,0.0000000000,17.3166700000
2023-03-14 06:00:00,0.0000000000,33.0000000000,0.0000000000,18.1166700000
2023-03-14 06:15:00,0.0000000000,33.0000000000,0.0000000000,18.8833300000
2023-03-14 06:30:00,3.2000000000,34.0000000000,3.0614380000,18.7000000000
2023-03-14 06:45:00,14.8000000000,33.0000000000,19.5077700000,18.4666700000
2023-03-14 07:00:00,30.0000000000,32.0000000000,42.7889400000,18.6666700000
2023-03-14 07:15:00,50.8000000000,32.0000000000,74.4000700000,19.4000000000
2023-03-14 07:30:00,78.4000000000,32.0000000000,114.8395000000,20.3166700000
2023-03-14 07:45:00,108.8000000000,33.0000000000,160.3339000000,21.4833300000
2023-03-14 08:00:00,114.4000000000,33.0000000000,179.0585000000,22.2833300000
2023-03-14 08:15:00,150.4000000000,33.0000000000,223.9834000000,23.5000000000
2023-03-14 08:30:00,170.8000000000,33.0000000000,264.6364000000,26.5166700000
2023-03-14 08:45:00,187.6000000000,34.0000000000,298.3834000000,31.0166700000
2023-03-14 09:00:00,216.0000000000,34.0000000000,333.0560000000,34.2500000000
2023-03-14 09:15:00,268.0000000000,35.0000000000,418.0643000000,36.9833300000
2023-03-14 09:30:00,308.0000000000,35.0000000000,499.0856000000,40.8833400000
2023-03-14 09:45:00,316.0000000000,35.0000000000,506.3476000000,43.3666600000
2023-03-14 10:00:00,336.0000000000,35.0000000000,567.2916000000,44.9833300000
2023-03-14 10:15:00,400.0000000000,36.0000000000,622.6823000000,47.2000000000
2023-03-14 10:30:00,384.0000000000,36.0000000000,656.1445000000,49.5833300000
2023-03-14 10:45:00,368.0000000000,38.0000000000,538.3859000000,49.9166700000
2023-03-14 11:00:00,372.0000000000,37.0000000000,580.1781000000,48.8166700000
2023-03-14 11:15:00,456.0000000000,37.0000000000,721.7162000000,49.0666700000
2023-03-14 11:30:00,480.0000000000,38.0000000000,784.2977000000,53.0833300000
2023-03-14 11:45:00,476.0000000000,38.0000000000,790.9902000000,54.5666700000
2023-03-14 12:00:00,496.0000000000,39.0000000000,778.5308000000,53.1833300000
2023-03-14 12:15:00,520.0000000000,38.0000000000,876.6393000000,54.8000000000
2023-03-14 12:30:00,476.0000000000,38.0000000000,858.6978000000,56.1000000000
2023-03-14 12:45:00,492.0000000000,39.0000000000,795.9027000000,53.2500000000
2023-03-14 13:00:00,532.0000000000,40.0000000000,901.9139000000,55.5833300000
2023-03-14 13:15:00,516.0000000000,41.0000000000,882.1213000000,58.1166600000
2023-03-14 13:30:00,508.0000000000,41.0000000000,858.7690000000,57.0166700000
2023-03-14 13:45:00,492.0000000000,40.0000000000,814.4850000000,57.4500000000
2023-03-14 14:00:00,468.0000000000,41.0000000000,778.1036000000,55.8166700000
2023-03-14 14:15:00,440.0000000000,41.0000000000,728.8359000000,55.7000000000
2023-03-14 14:30:00,420.0000000000,41.0000000000,698.4351000000,53.9833300000
2023-03-14 14:45:00,392.0000000000,41.0000000000,653.2255000000,52.4333300000
2023-03-14 15:00:00,336.0000000000,41.0000000000,580.8901000000,50.9666700000
2023-03-14 15:15:00,328.0000000000,42.0000000000,531.9070000000,49.6833300000
2023-03-14 15:30:00,276.0000000000,41.0000000000,506.9172000000,48.6166600000
2023-03-14 15:45:00,260.0000000000,42.0000000000,453.1641000000,46.7833300000
2023-03-14 16:00:00,220.0000000000,41.0000000000,395.5663000000,44.3333300000
2023-03-14 16:15:00,200.0000000000,41.0000000000,345.6577000000,42.6166600000
2023-03-14 16:30:00,160.0000000000,41.0000000000,288.2736000000,40.6000000000
2023-03-14 16:45:00,128.0000000000,42.0000000000,230.2486000000,38.0333300000
2023-03-14 17:00:00,100.0000000000,41.0000000000,182.2624000000,36.0333300000
2023-03-14 17:15:00,72.0000000000,40.0000000000,136.4120000000,34.0000000000
2023-03-14 17:30:00,48.0000000000,40.0000000000,92.2703300000,31.6666700000
2023-03-14 17:45:00,28.0000000000,40.0000000000,53.3971800000,29.6333300000
2023-03-14 18:00:00,16.0000000000,39.0000000000,24.7051000000,27.6500000000
2023-03-14 18:15:00,0.0000000000,40.0000000000,5.1973250000,25.6500000000
2023-03-14 18:30:00,0.0000000000,39.0000000000,0.0711962400,23.8333300000
2023-03-14 18:45:00,0.0000000000,40.0000000000,0.0000000000,22.5000000000
2023-03-14 19:00:00,0.0000000000,39.0000000000,0.0000000000,21.4833300000
2023-03-14 19:15:00,0.0000000000,38.0000000000,0.0000000000,20.9500000000
2023-03-14 19:30:00,0.0000000000,38.0000000000,0.0000000000,20.7666700000
2023-03-14 19:45:00,0.0000000000,39.0000000000,0.0000000000,20.9833300000
2023-03-14 20:00:00,0.0000000000,38.0000000000,0.0000000000,21.1000000000
2023-03-14 20:15:00,0.0000000000,37.0000000000,0.0000000000,20.9166700000
2023-03-14 20:30:00,0.0000000000,38.0000000000,0.0000000000,20.7000000000
2023-03-14 20:45:00,0.0000000000,38.0000000000,0.0000000000,20.2166700000
2023-03-14 21:00:00,0.0000000000,37.0000000000,0.0000000000,19.6333300000
2023-03-14 21:15:00,0.0000000000,38.0000000000,0.0000000000,19.5166700000
2023-03-14 21:30:00,0.0000000000,37.0000000000,0.0000000000,20.2333300000
2023-03-14 21:45:00,0.0000000000,37.0000000000,0.0000000000,21.1500000000
2023-03-14 22:00:00,0.0000000000,38.0000000000,0.0000000000,21.5000000000
2023-03-14 22:15:00,0.0000000000,37.0000000000,0.0000000000,21.4500000000
2023-03-14 22:30:00,0.0000000000,36.0000000000,0.0000000000,21.6833300000
2023-03-14 22:45:00,0.0000000000,36.0000000000,0.0000000000,21.4833300000
2023-03-14 23:00:00,0.0000000000,36.0000000000,0.0000000000,21.0500000000
2023-03-14 23:15:00,0.0000000000,36.0000000000,0.0000000000,20.9166700000
2023-03-14 23:30:00,0.0000000000,35.0000000000,0.0000000000,20.7000000000
2023-03-14 23:45:00,0.0000000000,36.0000000000,0.0000000000,20.4833300000
2023-03-15 00:00:00,0.0000000000,36.0000000000,0.0000000000,19.3833300000
2023-03-15 00:15:00,0.0000000000,36.0000000000,0.0000000000,18.6666700000
2023-03-15 00:30:00,0.0000000000,36.0000000000,0.0000000000,18.1000000000
2023-03-15 00:45:00,0.0000000000,36.0000000000,0.0000000000,17.9333300000
2023-03-15 01:00:00,0.0000000000,35.0000000000,0.0000000000,18.7000000000
2023-03-15 01:15:00,0.0000000000,35.0000000000,0.0000000000,18.8666700000
2023-03-15 01:30:00,0.0000000000,35.0000000000,0.0000000000,19.0000000000
2023-03-15 01:45:00,0.0000000000,35.0000000000,0.0000000000,18.6500000000
2023-03-15 02:00:00,0.0000000000,34.0000000000,0.0000000000,18.1500000000
2023-03-15 02:15:00,0.0000000000,34.0000000000,0.0000000000,17.8666700000
2023-03-15 02:30:00,0.0000000000,35.0000000000,0.0000000000,17.9000000000
2023-03-15 02:45:00,0.0000000000,34.0000000000,0.0000000000,17.4000000000
2023-03-15 03:00:00,0.0000000000,33.0000000000,0.0000000000,17.0166700000
2023-03-15 03:15:00,0.0000000000,34.0000000000,0.0000000000,17.3500000000
2023-03-15 03:30:00,0.0000000000,34.0000000000,0.0000000000,17.2500000000
2023-03-15 03:45:00,0.0000000000,33.0000000000,0.0000000000,17.4000000000
2023-03-15 04:00:00,0.0000000000,33.0000000000,0.0000000000,17.6000000000
2023-03-15 04:15:00,0.0000000000,33.0000000000,0.0000000000,17.8000000000
2023-03-15 04:30:00,0.0000000000,33.0000000000,0.0000000000,17.8500000000
2023-03-15 04:45:00,0.0000000000,33.0000000000,0.0000000000,17.8000000000
2023-03-15 05:00:00,0.0000000000,33.0000000000,0.0000000000,17.8333300000
2023-03-15 05:15:00,0.0000000000,33.0000000000,0.0000000000,17.5500000000
2023-03-15 05:30:00,0.0000000000,33.0000000000,0.0000000000,16.4666700000
2023-03-15 05:45:00,0.0000000000,33.0000000000,0.0000000000,16.0166700000
2023-03-15 06:00:00,0.0000000000,32.0000000000,0.0000000000,17.0666700000
2023-03-15 06:15:00,0.4000000000,33.0000000000,0.2135887000,17.3166700000
2023-03-15 06:30:00,5.2000000000,32.0000000000,6.3364660000,17.2833300000
2023-03-15 06:45:00,17.2000000000,32.0000000000,24.7762900000,17.5000000000
2023-03-15 07:00:00,35.2000000000,33.0000000000,51.9020600000,18.0000000000
2023-03-15 07:15:00,58.8000000000,33.0000000000,87.9985600000,18.7666700000
2023-03-15 07:30:00,86.0000000000,32.0000000000,129.5771000000,20.3000000000
2023-03-15 07:45:00,116.8000000000,33.0000000000,175.7123000000,22.1000000000
2023-03-15 08:00:00,146.8000000000,34.0000000000,226.5464000000,23.6833300000
2023-03-15 08:15:00,176.8000000000,34.0000000000,279.6588000000,25.3166700000
2023-03-15 08:30:00,208.8000000000,33.0000000000,336.0462000000,29.6166700000
2023-03-15 08:45:00,246.4000000000,34.0000000000,392.2913000000,34.4166700000
2023-03-15 09:00:00,276.0000000000,35.0000000000,444.9765000000,38.6166600000
2023-03-15 09:15:00,308.0000000000,36.0000000000,496.5938000000,41.5166700000
2023-03-15 09:30:00,340.0000000000,36.0000000000,551.1301000000,44.0333300000
2023-03-15 09:45:00,372.0000000000,36.0000000000,601.1810000000,45.9333300000
2023-03-15 10:00:00,400.0000000000,38.0000000000,644.7531000000,48.0333300000
2023-03-15 10:15:00,428.0000000000,38.0000000000,692.9530000000,50.0166700000
2023-03-15 10:30:00,448.0000000000,38.0000000000,725.9168000000,52.7500000000
2023-03-15 10:45:00,468.0000000000,38.0000000000,761.4437000000,54.6833300000
2023-03-15 11:00:00,484.0000000000,40.0000000000,790.1358000000,55.5333300000
2023-03-15 11:15:00,500.0000000000,40.0000000000,815.3393000000,56.9833300000
2023-03-15 11:30:00,512.0000000000,40.0000000000,842.6786000000,58.3666600000
2023-03-15 11:45:00,516.0000000000,40.0000000000,848.0895000000,59.2333300000
2023-03-15 12:00:00,520.0000000000,41.0000000000,858.7690000000,60.8333300000
2023-03-15 12:15:00,520.0000000000,41.0000000000,859.2674000000,60.8000000000
2023-03-15 12:30:00,524.0000000000,41.0000000000,864.1087000000,61.7833300000
2023-03-15 12:45:00,516.0000000000,42.0000000000,858.6266000000,60.4333300000
2023-03-15 13:00:00,508.0000000000,42.0000000000,847.0216000000,60.9666700000
2023-03-15 13:15:00,500.0000000000,43.0000000000,831.2161000000,60.1666700000
2023-03-15 13:30:00,488.0000000000,43.0000000000,814.9121000000,59.8500000000
2023-03-15 13:45:00,464.0000000000,44.0000000000,783.3010000000,59.5833300000
2023-03-15 14:00:00,456.0000000000,43.0000000000,761.4437000000,59.1666700000
2023-03-15 14:15:00,436.0000000000,44.0000000000,727.6255000000,57.9500000000
2023-03-15 14:30:00,272.0000000000,44.0000000000,470.8207000000,55.1833300000
2023-03-15 14:45:00,308.0000000000,43.0000000000,560.7416000000,50.2166700000
2023-03-15 15:00:00,348.0000000000,43.0000000000,539.8099000000,48.8333300000
2023-03-15 15:15:00,332.0000000000,44.0000000000,566.4373000000,51.5833300000
2023-03-15 15:30:00,300.0000000000,44.0000000000,515.6031000000,50.6833300000
2023-03-15 15:45:00,264.0000000000,44.0000000000,456.7950000000,48.2833300000
2023-03-15 16:00:00,228.0000000000,44.0000000000,399.9093000000,45.9833300000
2023-03-15 16:15:00,196.0000000000,44.0000000000,343.3795000000,44.7000000000
2023-03-15 16:30:00,160.0000000000,44.0000000000,287.5616000000,42.5333300000
2023-03-15 16:45:00,128.0000000000,44.0000000000,236.3003000000,40.6333400000
2023-03-15 17:00:00,96.0000000000,44.0000000000,180.6248000000,38.3166700000
2023-03-15 17:15:00,72.0000000000,43.0000000000,134.9169000000,36.4833300000
2023-03-15 17:30:00,48.0000000000,43.0000000000,91.4159600000,34.5666700000
2023-03-15 17:45:00,20.0000000000,42.0000000000,42.3617600000,32.4500000000
2023-03-15 18:00:00,8.0000000000,43.0000000000,15.1648000000,30.1666700000
2023-03-15 18:15:00,4.0000000000,42.0000000000,5.0549330000,28.0666700000
2023-03-15 18:30:00,0.0000000000,42.0000000000,0.2847850000,26.4333300000
2023-03-15 18:45:00,0.0000000000,42.0000000000,0.0000000000,25.4500000000
2023-03-15 19:00:00,0.0000000000,42.0000000000,0.0000000000,25.0166700000
2023-03-15 19:15:00,0.0000000000,42.0000000000,0.0000000000,24.7666700000
2023-03-15 19:30:00,0.0000000000,40.0000000000,0.0000000000,24.6333300000
2023-03-15 19:45:00,0.0000000000,40.0000000000,0.0000000000,24.7000000000
2023-03-15 20:00:00,0.0000000000,40.0000000000,0.0000000000,24.6333300000
2023-03-15 20:15:00,0.0000000000,40.0000000000,0.0000000000,24.8666700000
2023-03-15 20:30:00,0.0000000000,40.0000000000,0.0000000000,25.0333300000
2023-03-15 20:45:00,0.0000000000,40.0000000000,0.0000000000,25.1333300000
2023-03-15 21:00:00,0.0000000000,40.0000000000,0.0000000000,25.1500000000
2023-03-15 21:15:00,0.0000000000,40.0000000000,0.0000000000,24.6000000000
2023-03-15 21:30:00,0.0000000000,40.0000000000,0.0000000000,23.7166700000
2023-03-15 21:45:00,0.0000000000,39.0000000000,0.0000000000,23.1500000000
2023-03-15 22:00:00,0.0000000000,38.0000000000,0.0000000000,22.6166700000
2023-03-15 22:15:00,0.0000000000,38.0000000000,0.0000000000,22.2000000000
2023-03-15 22:30:00,0.0000000000,38.0000000000,0.0000000000,22.3166700000
2023-03-15 22:45:00,0.0000000000,38.0000000000,0.0000000000,21.4500000000
2023-03-15 23:00:00,0.0000000000,38.0000000000,0.0000000000,20.6500000000
2023-03-15 23:15:00,0.0000000000,37.0000000000,0.0000000000,20.3833300000
2023-03-15 23:30:00,0.0000000000,37.0000000000,0.0000000000,19.7000000000
2023-03-15 23:45:00,0.0000000000,37.0000000000,0.0000000000,19.4666700000
2023-03-16 00:00:00,0.0000000000,37.0000000000,0.0000000000,19.6666700000
2023-03-16 00:15:00,0.0000000000,37.0000000000,0.0000000000,19.8500000000
2023-03-16 00:30:00,0.0000000000,36.0000000000,0.0000000000,19.4166700000
2023-03-16 00:45:00,0.0000000000,35.0000000000,0.0000000000,18.7166700000
2023-03-16 01:00:00,0.0000000000,36.0000000000,0.0000000000,18.0833300000
2023-03-16 01:15:00,0.0000000000,35.0000000000,0.0000000000,17.7666700000
2023-03-16 01:30:00,0.0000000000,36.0000000000,0.0000000000,17.9166700000
2023-03-16 01:45:00,0.0000000000,36.0000000000,0.0000000000,18.5166700000
2023-03-16 02:00:00,0.0000000000,35.0000000000,0.0000000000,18.1833300000
2023-03-16 02:15:00,0.0000000000,36.0000000000,0.0000000000,17.6166700000
2023-03-16 02:30:00,0.0000000000,35.0000000000,0.0000000000,18.3500000000
2023-03-16 02:45:00,0.0000000000,35.0000000000,0.0000000000,18.8000000000
2023-03-16 03:00:00,0.0000000000,35.0000000000,0.0000000000,17.9833300000
2023-03-16 03:15:00,0.0000000000,35.0000000000,0.0000000000,17.5000000000
2023-03-16 03:30:00,0.0000000000,35.0000000000,0.0000000000,17.8666700000
2023-03-16 03:45:00,0.0000000000,34.0000000000,0.0000000000,17.3166700000
2023-03-16 04:00:00,0.0000000000,35.0000000000,0.0000000000,16.7500000000
2023-03-16 04:15:00,0.0000000000,34.0000000000,0.0000000000,17.6000000000
2023-03-16 04:30:00,0.0000000000,34.0000000000,0.0000000000,18.2500000000
2023-03-16 04:45:00,0.0000000000,34.0000000000,0.0000000000,18.0666700000
2023-03-16 05:00:00,0.0000000000,34.0000000000,0.0000000000,17.1333300000
2023-03-16 05:15:00,0.0000000000,34.0000000000,0.0000000000,17.0833300000
2023-03-16 05:30:00,0.0000000000,34.0000000000,0.0000000000,18.1333300000
2023-03-16 05:45:00,0.0000000000,34.0000000000,0.0000000000,18.2500000000
2023-03-16 06:00:00,0.0000000000,34.0000000000,0.0000000000,18.6333300000
2023-03-16 06:15:00,0.4000000000,34.0000000000,0.2847850000,18.6833300000
2023-03-16 06:30:00,6.8000000000,34.0000000000,8.6859410000,18.4666700000
2023-03-16 06:45:00,19.6000000000,34.0000000000,29.4040500000,18.6000000000
2023-03-16 07:00:00,33.2000000000,34.0000000000,48.4134400000,18.9000000000
2023-03-16 07:15:00,53.2000000000,34.0000000000,74.3288700000,19.4833300000
2023-03-16 07:30:00,79.2000000000,34.0000000000,118.3993000000,20.5500000000
2023-03-16 07:45:00,111.6000000000,33.0000000000,160.1915000000,22.3000000000
2023-03-16 08:00:00,145.6000000000,33.0000000000,223.4138000000,23.8333300000
2023-03-16 08:15:00,178.0000000000,34.0000000000,281.4387000000,26.1000000000
2023-03-16 08:30:00,203.6000000000,34.0000000000,331.2761000000,31.6833300000
2023-03-16 08:45:00,242.0000000000,36.0000000000,389.9418000000,35.4333300000
2023-03-16 09:00:00,272.0000000000,35.0000000000,439.7792000000,38.2500000000
2023-03-16 09:15:00,304.0000000000,36.0000000000,491.7524000000,41.1166600000
2023-03-16 09:30:00,332.0000000000,37.0000000000,538.6708000000,43.0500000000
2023-03-16 09:45:00,364.0000000000,38.0000000000,589.6472000000,44.4666700000
2023-03-16 10:00:00,400.0000000000,39.0000000000,643.7563000000,44.9000000000
2023-03-16 10:15:00,428.0000000000,37.0000000000,688.8236000000,44.2833300000
2023-03-16 10:30:00,456.0000000000,38.0000000000,730.1174000000,44.4666700000
2023-03-16 10:45:00,476.0000000000,40.0000000000,762.9388000000,46.1000000000
2023-03-16 11:00:00,488.0000000000,42.0000000000,788.4271000000,48.3333300000
2023-03-16 11:15:00,504.0000000000,41.0000000000,812.4915000000,49.8500000000
2023-03-16 11:30:00,516.0000000000,41.0000000000,837.5526000000,50.9166700000
2023-03-16 11:45:00,520.0000000000,42.0000000000,855.2092000000,52.9166700000
2023-03-16 12:00:00,528.0000000000,42.0000000000,864.6783000000,53.2500000000
2023-03-16 12:15:00,528.0000000000,43.0000000000,871.1572000000,54.5166700000
2023-03-16 12:30:00,528.0000000000,43.0000000000,865.7462000000,55.6333400000
2023-03-16 12:45:00,524.0000000000,44.0000000000,867.1702000000,55.9333300000
2023-03-16 13:00:00,520.0000000000,44.0000000000,858.5554000000,55.8833400000
2023-03-16 13:15:00,508.0000000000,43.0000000000,845.2417000000,56.1000000000
2023-03-16 13:30:00,496.0000000000,44.0000000000,829.5786000000,57.3333300000
2023-03-16 13:45:00,488.0000000000,46.0000000000,811.1387000000,56.8166700000
2023-03-16 14:00:00,472.0000000000,44.0000000000,793.3397000000,57.7166700000
2023-03-16 14:15:00,448.0000000000,45.0000000000,750.0524000000,57.1333400000
2023-03-16 14:30:00,424.0000000000,45.0000000000,717.7292000000,56.2000000000
2023-03-16 14:45:00,396.0000000000,45.0000000000,676.4355000000,55.0333300000
2023-03-16 15:00:00,364.0000000000,45.0000000000,622.0416000000,53.7333300000
2023-03-16 15:15:00,308.0000000000,46.0000000000,554.4051000000,52.5500000000
2023-03-16 15:30:00,268.0000000000,45.0000000000,381.6830000000,48.1333400000
2023-03-16 15:45:00,212.0000000000,45.0000000000,366.6606000000,46.8000000000
2023-03-16 16:00:00,152.0000000000,45.0000000000,339.8908000000,43.5833300000
2023-03-16 16:15:00,168.0000000000,45.0000000000,259.2255000000,39.9833300000
2023-03-16 16:30:00,72.0000000000,44.0000000000,141.4669000000,38.8333300000
2023-03-16 16:45:00,56.0000000000,44.0000000000,92.9110900000,35.7333300000
2023-03-16 17:00:00,52.0000000000,45.0000000000,82.8012200000,34.2500000000
2023-03-16 17:15:00,40.0000000000,44.0000000000,67.7788200000,32.9833300000
2023-03-16 17:30:00,36.0000000000,44.0000000000,58.7369000000,30.7333300000
2023-03-16 17:45:00,20.0000000000,43.0000000000,32.2519000000,29.4000000000
2023-03-16 18:00:00,12.0000000000,42.0000000000,18.9382000000,28.8500000000
2023-03-16 18:15:00,4.0000000000,42.0000000000,5.9092880000,28.3166700000
2023-03-16 18:30:00,0.0000000000,42.0000000000,0.1423925000,27.5333300000
2023-03-16 18:45:00,0.0000000000,41.0000000000,0.0000000000,27.5000000000
2023-03-16 19:00:00,0.0000000000,41.0000000000,0.0000000000,27.6000000000
2023-03-16 19:15:00,0.0000000000,40.0000000000,0.0000000000,27.5333300000
2023-03-16 19:30:00,0.0000000000,40.0000000000,0.0000000000,27.3000000000
2023-03-16 19:45:00,0.0000000000,39.0000000000,0.0000000000,27.2166700000
2023-03-16 20:00:00,0.0000000000,38.0000000000,0.0000000000,26.0666700000
2023-03-16 20:15:00,0.0000000000,41.0000000000,0.8543550000,22.5833300000
2023-03-16 20:30:00,0.0000000000,38.0000000000,0.0000000000,21.2000000000
2023-03-16 20:45:00,0.0000000000,38.0000000000,0.0000000000,20.7333300000
2023-03-16 21:00:00,0.0000000000,36.0000000000,0.0000000000,20.6000000000
2023-03-16 21:15:00,0.0000000000,34.0000000000,0.2847849000,20.6000000000
2023-03-16 21:30:00,0.0000000000,35.0000000000,0.0000000000,20.6000000000
2023-03-16 21:45:00,0.0000000000,35.0000000000,0.0000000000,20.6833300000
2023-03-16 22:00:00,0.0000000000,35.0000000000,0.0000000000,20.8000000000
2023-03-16 22:15:00,0.0000000000,34.0000000000,0.0000000000,20.7833300000
2023-03-16 22:30:00,0.0000000000,34.0000000000,0.0000000000,20.8000000000
2023-03-16 22:45:00,0.0000000000,34.0000000000,0.0000000000,20.7166700000
2023-03-16 23:00:00,0.0000000000,34.0000000000,0.0000000000,20.6500000000
2023-03-16 23:15:00,0.0000000000,34.0000000000,0.0000000000,20.5833300000
2023-03-16 23:30:00,0.0000000000,34.0000000000,0.0000000000,20.4000000000
2023-03-16 23:45:00,0.0000000000,34.0000000000,0.0000000000,20.0500000000
2023-03-17 00:00:00,0.0000000000,34.0000000000,0.0000000000,19.8000000000
2023-03-17 00:15:00,0.0000000000,34.0000000000,0.0000000000,19.7166700000
2023-03-17 00:30:00,0.0000000000,34.0000000000,0.0000000000,19.5500000000
2023-03-17 00:45:00,0.0000000000,34.0000000000,0.0000000000,19.3666700000
2023-03-17 01:00:00,0.0000000000,33.0000000000,0.0000000000,19.2000000000
2023-03-17 01:15:00,0.0000000000,33.0000000000,0.0000000000,18.9833300000
2023-03-17 01:30:00,0.0000000000,33.0000000000,0.0000000000,18.7833300000
2023-03-17 01:45:00,0.0000000000,33.0000000000,0.0000000000,19.1166700000
2023-03-17 02:00:00,0.0000000000,34.0000000000,0.0000000000,19.1166700000
2023-03-17 02:15:00,0.0000000000,33.0000000000,0.0000000000,19.4000000000
2023-03-17 02:30:00,0.0000000000,34.0000000000,0.0000000000,19.5500000000
2023-03-17 02:45:00,0.0000000000,34.0000000000,0.0000000000,19.3500000000
2023-03-17 03:00:00,0.0000000000,33.0000000000,0.0000000000,19.0333300000
2023-03-17 03:15:00,0.0000000000,34.0000000000,0.0000000000,19.1333300000
2023-03-17 03:30:00,0.0000000000,33.0000000000,0.0000000000,19.1166700000
2023-03-17 03:45:00,0.0000000000,33.0000000000,0.0000000000,19.2333300000
2023-03-17 04:00:00,0.0000000000,34.0000000000,0.0000000000,19.3166700000
2023-03-17 04:15:00,0.0000000000,33.0000000000,0.0000000000,19.3833300000
2023-03-17 04:30:00,0.0000000000,33.0000000000,0.0000000000,19.3000000000
2023-03-17 04:45:00,0.0000000000,34.0000000000,0.0000000000,19.0000000000
2023-03-17 05:00:00,0.0000000000,33.0000000000,0.0000000000,18.3833300000
2023-03-17 05:15:00,0.0000000000,33.0000000000,0.0000000000,17.8666700000
2023-03-17 05:30:00,0.0000000000,33.0000000000,0.0000000000,17.6166700000
2023-03-17 05:45:00,0.0000000000,33.0000000000,0.0000000000,17.2166700000
2023-03-17 06:00:00,0.0000000000,32.0000000000,0.0000000000,17.1666700000
2023-03-17 06:15:00,0.4000000000,33.0000000000,0.7831585000,16.7500000000
2023-03-17 06:30:00,7.2000000000,32.0000000000,8.7571380000,16.2000000000
2023-03-17 06:45:00,24.0000000000,32.0000000000,32.0383100000,16.0666700000
2023-03-17 07:00:00,49.2000000000,32.0000000000,67.4228400000,17.2000000000
2023-03-17 07:15:00,80.4000000000,32.0000000000,115.1955000000,19.0333300000
2023-03-17 07:30:00,118.0000000000,32.0000000000,157.2013000000,20.7166700000
2023-03-17 07:45:00,157.6000000000,31.0000000000,204.1908000000,22.5333300000
2023-03-17 08:00:00,200.4000000000,33.0000000000,267.5555000000,23.9166700000
2023-03-17 08:15:00,246.0000000000,33.0000000000,328.9266000000,26.1333300000
2023-03-17 08:30:00,290.0000000000,34.0000000000,391.2233000000,29.1333300000
2023-03-17 08:45:00,326.0000000000,34.0000000000,454.1608000000,33.2500000000
2023-03-17 09:00:00,384.0000000000,34.0000000000,525.7130000000,38.0000000000
2023-03-17 09:15:00,416.0000000000,34.0000000000,587.0842000000,41.7500000000
2023-03-17 09:30:00,372.0000000000,36.0000000000,525.0010000000,44.6000000000
2023-03-17 09:45:00,476.0000000000,35.0000000000,552.6964000000,43.3500000000
2023-03-17 10:00:00,524.0000000000,36.0000000000,737.5930000000,47.5000000000
2023-03-17 10:15:00,544.0000000000,36.0000000000,772.6927000000,51.1833300000
2023-03-17 10:30:00,564.0000000000,36.0000000000,809.0028000000,53.6000000000
2023-03-17 10:45:00,584.0000000000,36.0000000000,842.1091000000,55.0666700000
2023-03-17 11:00:00,596.0000000000,38.0000000000,871.9403000000,58.0500000000
2023-03-17 11:15:00,616.0000000000,38.0000000000,905.0466000000,58.4833300000
2023-03-17 11:30:00,632.0000000000,39.0000000000,929.6805000000,59.1500000000
2023-03-17 11:45:00,632.0000000000,42.0000000000,941.1430000000,61.4500000000
2023-03-17 12:00:00,632.0000000000,40.0000000000,947.4083000000,62.9666700000
2023-03-17 12:15:00,636.0000000000,40.0000000000,949.6154000000,63.7000000000
2023-03-17 12:30:00,636.0000000000,40.0000000000,953.4600000000,63.2500000000
2023-03-17 12:45:00,632.0000000000,41.0000000000,952.8193000000,63.5666700000
2023-03-17 13:00:00,624.0000000000,42.0000000000,940.8583000000,64.1833300000
2023-03-17 13:15:00,620.0000000000,42.0000000000,930.9620000000,64.0500000000
2023-03-17 13:30:00,608.0000000000,43.0000000000,912.8069000000,62.9000000000
2023-03-17 13:45:00,592.0000000000,44.0000000000,887.7458000000,62.6333400000
2023-03-17 14:00:00,568.0000000000,43.0000000000,854.4972000000,61.7000000000
2023-03-17 14:15:00,548.0000000000,42.0000000000,818.7567000000,61.0166700000
2023-03-17 14:30:00,520.0000000000,41.0000000000,771.3400000000,60.5833300000
2023-03-17 14:45:00,492.0000000000,43.0000000000,733.1788000000,58.7500000000
2023-03-17 15:00:00,464.0000000000,43.0000000000,683.2703000000,57.2833300000
2023-03-17 15:15:00,424.0000000000,43.0000000000,630.7275000000,54.5000000000
2023-03-17 15:30:00,384.0000000000,44.0000000000,572.4890000000,53.2000000000
2023-03-17 15:45:00,352.0000000000,44.0000000000,523.1500000000,51.9166700000
2023-03-17 16:00:00,304.0000000000,44.0000000000,458.5038000000,50.2333300000
2023-03-17 16:15:00,248.0000000000,44.0000000000,324.8684000000,47.4166700000
2023-03-17 16:30:00,224.0000000000,45.0000000000,349.0752000000,45.3833400000
2023-03-17 16:45:00,180.0000000000,44.0000000000,277.2382000000,42.9166700000
2023-03-17 17:00:00,136.0000000000,44.0000000000,215.7958000000,40.1833300000
2023-03-17 17:15:00,76.0000000000,43.0000000000,129.2924000000,37.6000000000
2023-03-17 17:30:00,28.0000000000,43.0000000000,42.4329600000,33.8833400000
2023-03-17 17:45:00,20.0000000000,42.0000000000,32.4654800000,31.0166700000
2023-03-17 18:00:00,16.0000000000,42.0000000000,18.0838400000,29.3500000000
2023-03-17 18:15:00,4.0000000000,42.0000000000,6.3364650000,27.9000000000
2023-03-17 18:30:00,0.0000000000,41.0000000000,0.0000000000,26.3500000000
2023-03-17 18:45:00,0.0000000000,41.0000000000,0.0000000000,24.9500000000
2023-03-17 19:00:00,0.0000000000,42.0000000000,0.0000000000,24.1166700000
2023-03-17 19:15:00,0.0000000000,40.0000000000,0.0000000000,23.5666700000
2023-03-17 19:30:00,0.0000000000,40.0000000000,0.0000000000,22.7166700000
2023-03-17 19:45:00,0.0000000000,39.0000000000,0.0000000000,21.9833300000
2023-03-17 20:00:00,0.0000000000,39.0000000000,0.0000000000,21.6500000000
2023-03-17 20:15:00,0.0000000000,38.0000000000,0.0000000000,21.5833300000
2023-03-17 20:30:00,0.0000000000,39.0000000000,0.0000000000,22.2333300000
2023-03-17 20:45:00,0.0000000000,39.0000000000,0.0000000000,22.5833300000
2023-03-17 21:00:00,0.0000000000,38.0000000000,0.0000000000,22.2500000000
2023-03-17 21:15:00,0.0000000000,38.0000000000,0.0000000000,22.0333300000
2023-03-17 21:30:00,0.0000000000,38.0000000000,0.0000000000,21.6500000000
2023-03-17 21:45:00,0.0000000000,38.0000000000,0.0000000000,21.2000000000
2023-03-17 22:00:00,0.0000000000,37.0000000000,0.0000000000,20.8166700000
2023-03-17 22:15:00,0.0000000000,38.0000000000,0.0000000000,20.5000000000
2023-03-17 22:30:00,0.0000000000,36.0000000000,0.0000000000,20.6000000000
2023-03-17 22:45:00,0.0000000000,37.0000000000,0.0000000000,20.5000000000
2023-03-17 23:00:00,0.0000000000,37.0000000000,0.0000000000,20.5833300000
2023-03-17 23:15:00,0.0000000000,38.0000000000,0.0000000000,21.1000000000
2023-03-17 23:30:00,0.0000000000,36.0000000000,0.0000000000,21.3666700000
2023-03-17 23:45:00,0.0000000000,37.0000000000,0.0000000000,21.3166700000
2023-03-18 00:00:00,0.0000000000,36.0000000000,0.0000000000,21.1000000000
2023-03-18 00:15:00,0.0000000000,37.0000000000,0.0000000000,20.6000000000
2023-03-18 00:30:00,0.0000000000,36.0000000000,0.0000000000,19.9500000000
2023-03-18 00:45:00,0.0000000000,37.0000000000,0.0000000000,19.5000000000
2023-03-18 01:00:00,0.0000000000,37.0000000000,0.0000000000,19.4333300000
2023-03-18 01:15:00,0.0000000000,36.0000000000,0.0000000000,19.0333300000
2023-03-18 01:30:00,0.0000000000,36.0000000000,0.0000000000,18.6500000000
2023-03-18 01:45:00,0.0000000000,35.0000000000,0.0000000000,18.6333300000
2023-03-18 02:00:00,0.0000000000,35.0000000000,0.0000000000,18.3500000000
2023-03-18 02:15:00,0.0000000000,36.0000000000,0.0000000000,18.8833300000
2023-03-18 02:30:00,0.0000000000,35.0000000000,0.0000000000,19.3000000000
2023-03-18 02:45:00,0.0000000000,36.0000000000,0.0000000000,19.1000000000
2023-03-18 03:00:00,0.0000000000,34.0000000000,0.0000000000,18.5500000000
2023-03-18 03:15:00,0.0000000000,34.0000000000,0.0000000000,18.0333300000
2023-03-18 03:30:00,0.0000000000,34.0000000000,0.0000000000,17.6333300000
2023-03-18 03:45:00,0.0000000000,34.0000000000,0.0000000000,17.7833300000
2023-03-18 04:00:00,0.0000000000,35.0000000000,0.0000000000,17.9666700000
2023-03-18 04:15:00,0.0000000000,34.0000000000,0.0000000000,18.8333300000
2023-03-18 04:30:00,0.0000000000,35.0000000000,0.0000000000,19.7500000000
2023-03-18 04:45:00,0.0000000000,34.0000000000,0.0000000000,20.3166700000
2023-03-18 05:00:00,0.0000000000,35.0000000000,0.0000000000,20.2833300000
2023-03-18 05:15:00,0.0000000000,35.0000000000,0.0000000000,20.0833300000
2023-03-18 05:30:00,0.0000000000,36.0000000000,0.0000000000,19.6000000000
2023-03-18 05:45:00,0.0000000000,35.0000000000,0.0000000000,19.2333300000
2023-03-18 06:00:00,0.0000000000,35.0000000000,0.0000000000,19.0833300000
2023-03-18 06:15:00,0.0000000000,35.0000000000,0.4983737000,18.7000000000
2023-03-18 06:30:00,8.0000000000,34.0000000000,8.6859410000,18.5000000000
2023-03-18 06:45:00,20.0000000000,34.0000000000,28.4785000000,18.5333300000
2023-03-18 07:00:00,44.0000000000,34.0000000000,55.1770900000,19.3666700000
2023-03-18 07:15:00,64.0000000000,34.0000000000,89.1377000000,20.6166700000
2023-03-18 07:30:00,92.0000000000,35.0000000000,132.4962000000,22.5833300000
2023-03-18 07:45:00,136.0000000000,34.0000000000,182.2623000000,25.8333300000
2023-03-18 08:00:00,176.0000000000,35.0000000000,242.6368000000,29.1833300000
2023-03-18 08:15:00,200.0000000000,34.0000000000,294.1828000000,32.1500000000
2023-03-18 08:30:00,248.0000000000,36.0000000000,342.0267000000,34.1166600000
2023-03-18 08:45:00,288.0000000000,37.0000000000,418.6339000000,37.3666600000
2023-03-18 09:00:00,340.0000000000,37.0000000000,462.1348000000,40.3500000000
2023-03-18 09:15:00,372.0000000000,37.0000000000,517.4542000000,43.5833300000
2023-03-18 09:30:00,404.0000000000,38.0000000000,568.5731000000,46.1000000000
2023-03-18 09:45:00,440.0000000000,38.0000000000,617.9121000000,47.8333300000
2023-03-18 10:00:00,468.0000000000,37.0000000000,666.5392000000,51.1833300000
2023-03-18 10:15:00,496.0000000000,38.0000000000,710.8944000000,52.6500000000
2023-03-18 10:30:00,524.0000000000,38.0000000000,754.8937000000,53.4333300000
2023-03-18 10:45:00,548.0000000000,40.0000000000,794.6212000000,56.0166700000
2023-03-18 11:00:00,564.0000000000,40.0000000000,825.9475000000,58.3833400000
2023-03-18 11:15:00,576.0000000000,41.0000000000,851.5070000000,60.5666700000
2023-03-18 11:30:00,588.0000000000,42.0000000000,875.4290000000,61.7333300000
2023-03-18 11:45:00,600.0000000000,42.0000000000,899.5645000000,62.4166700000
2023-03-18 12:00:00,604.0000000000,42.0000000000,910.8846000000,61.6833300000
2023-03-18 12:15:00,600.0000000000,44.0000000000,908.9623000000,62.8833400000
2023-03-18 12:30:00,604.0000000000,43.0000000000,913.0917000000,64.6500000000
2023-03-18 12:45:00,540.0000000000,43.0000000000,799.3201000000,65.0166700000
2023-03-18 13:00:00,592.0000000000,44.0000000000,867.5974000000,62.2666700000
2023-03-18 13:15:00,580.0000000000,44.0000000000,830.8601000000,63.2333300000
2023-03-18 13:30:00,576.0000000000,46.0000000000,875.6425000000,63.8166700000
2023-03-18 13:45:00,516.0000000000,45.0000000000,692.9530000000,63.0333300000
2023-03-18 14:00:00,564.0000000000,46.0000000000,815.3393000000,62.4000000000
2023-03-18 14:15:00,536.0000000000,45.0000000000,805.9414000000,60.4833300000
2023-03-18 14:30:00,512.0000000000,46.0000000000,766.8547000000,60.7333300000
2023-03-18 14:45:00,476.0000000000,46.0000000000,713.8134000000,59.3166700000
2023-03-18 15:00:00,212.0000000000,46.0000000000,299.0242000000,54.0500000000
2023-03-18 15:15:00,84.0000000000,46.0000000000,133.4930000000,39.9666700000
2023-03-18 15:30:00,236.0000000000,44.0000000000,205.2587000000,33.9666700000
2023-03-18 15:45:00,56.0000000000,43.0000000000,91.9855300000,31.1666700000
2023-03-18 16:00:00,28.0000000000,38.0000000000,43.0737300000,27.3500000000
2023-03-18 16:15:00,20.0000000000,40.0000000000,30.0448200000,23.4000000000
2023-03-18 16:30:00,164.0000000000,39.0000000000,150.7225000000,22.2166700000
2023-03-18 16:45:00,172.0000000000,37.0000000000,255.8081000000,25.1333300000
2023-03-18 17:00:00,84.0000000000,37.0000000000,124.6646000000,23.9500000000
2023-03-18 17:15:00,40.0000000000,36.0000000000,61.4423500000,25.4666700000
2023-03-18 17:30:00,28.0000000000,36.0000000000,47.7726800000,25.6833300000
2023-03-18 17:45:00,48.0000000000,36.0000000000,68.4195900000,26.2333300000
2023-03-18 18:00:00,24.0000000000,37.0000000000,40.2970700000,26.8500000000
2023-03-18 18:15:00,4.0000000000,38.0000000000,6.4788590000,25.0500000000
2023-03-18 18:30:00,0.0000000000,37.0000000000,0.1423925000,23.4333300000
2023-03-18 18:45:00,0.0000000000,37.0000000000,0.0000000000,22.6500000000
2023-03-18 19:00:00,0.0000000000,36.0000000000,0.0000000000,21.9500000000
2023-03-18 19:15:00,0.0000000000,37.0000000000,0.0000000000,21.9000000000
2023-03-18 19:30:00,0.0000000000,36.0000000000,0.0000000000,21.8333300000
2023-03-18 19:45:00,0.0000000000,36.0000000000,0.0000000000,21.1500000000
2023-03-18 20:00:00,0.0000000000,36.0000000000,0.0000000000,20.6666700000
2023-03-18 20:15:00,0.0000000000,36.0000000000,0.0000000000,20.6666700000
2023-03-18 20:30:00,0.0000000000,36.0000000000,0.0000000000,20.6833300000
2023-03-18 20:45:00,0.0000000000,35.0000000000,0.0000000000,21.2333300000
2023-03-18 21:00:00,0.0000000000,36.0000000000,0.0000000000,22.0166700000
2023-03-18 21:15:00,0.0000000000,36.0000000000,0.0000000000,21.9500000000
2023-03-18 21:30:00,0.0000000000,36.0000000000,0.0000000000,21.8333300000
2023-03-18 21:45:00,0.0000000000,36.0000000000,0.0000000000,21.8000000000
2023-03-18 22:00:00,0.0000000000,36.0000000000,0.0000000000,21.5166700000
2023-03-18 22:15:00,0.0000000000,37.0000000000,0.0000000000,20.9333300000
2023-03-18 22:30:00,0.0000000000,36.0000000000,0.0000000000,20.9666700000
2023-03-18 22:45:00,0.0000000000,36.0000000000,0.0000000000,21.3333300000
2023-03-18 23:00:00,0.0000000000,36.0000000000,0.0000000000,21.8833300000
2023-03-18 23:15:00,0.0000000000,35.0000000000,0.0000000000,22.5333300000
2023-03-18 23:30:00,0.0000000000,36.0000000000,0.0000000000,22.7833300000
2023-03-18 23:45:00,0.0000000000,36.0000000000,0.0000000000,22.8166700000
2023-03-19 00:00:00,0.0000000000,36.0000000000,0.0000000000,23.0500000000
2023-03-19 00:15:00,0.0000000000,35.0000000000,0.0000000000,23.2833300000
2023-03-19 00:30:00,0.0000000000,36.0000000000,0.0000000000,23.1166700000
2023-03-19 00:45:00,0.0000000000,36.0000000000,0.0000000000,22.6333300000
2023-03-19 01:00:00,0.0000000000,36.0000000000,0.0000000000,22.5000000000
2023-03-19 01:15:00,0.0000000000,36.0000000000,0.0000000000,21.8666700000
2023-03-19 01:30:00,0.0000000000,36.0000000000,0.0000000000,21.2500000000
2023-03-19 01:45:00,0.0000000000,36.0000000000,0.0000000000,20.7000000000
2023-03-19 02:00:00,0.0000000000,35.0000000000,0.0000000000,20.3833300000
2023-03-19 02:15:00,0.0000000000,35.0000000000,0.0000000000,20.1000000000
2023-03-19 02:30:00,0.0000000000,35.0000000000,0.0000000000,19.7500000000
2023-03-19 02:45:00,0.0000000000,34.0000000000,0.0000000000,19.4333300000
2023-03-19 03:00:00,0.0000000000,34.0000000000,0.0000000000,19.5000000000
2023-03-19 03:15:00,0.0000000000,34.0000000000,0.0000000000,19.2833300000
2023-03-19 03:30:00,0.0000000000,34.0000000000,0.0000000000,18.4166700000
2023-03-19 03:45:00,0.0000000000,34.0000000000,0.0000000000,17.6500000000
2023-03-19 04:00:00,0.0000000000,35.0000000000,0.0000000000,17.1666700000
2023-03-19 04:15:00,0.0000000000,34.0000000000,0.0000000000,16.9333300000
2023-03-19 04:30:00,0.0000000000,34.0000000000,0.0000000000,17.4500000000
2023-03-19 04:45:00,0.0000000000,34.0000000000,0.0000000000,18.0833300000
2023-03-19 05:00:00,0.0000000000,34.0000000000,0.0000000000,18.4833300000
2023-03-19 05:15:00,0.0000000000,34.0000000000,0.0000000000,18.7000000000
2023-03-19 05:30:00,0.0000000000,33.0000000000,0.0000000000,19.1000000000
2023-03-19 05:45:00,0.0000000000,33.0000000000,0.0000000000,18.8833300000
2023-03-19 06:00:00,0.0000000000,34.0000000000,0.0000000000,18.6166700000
2023-03-19 06:15:00,0.0000000000,34.0000000000,0.5695698000,18.8333300000
2023-03-19 06:30:00,8.0000000000,34.0000000000,9.1843140000,18.8166700000
2023-03-19 06:45:00,24.0000000000,33.0000000000,30.8991700000,19.1166700000
2023-03-19 07:00:00,44.0000000000,33.0000000000,63.5782400000,19.8333300000
2023-03-19 07:15:00,80.0000000000,33.0000000000,104.5873000000,20.6333300000
2023-03-19 07:30:00,108.0000000000,33.0000000000,150.2953000000,21.7000000000
2023-03-19 07:45:00,148.0000000000,33.0000000000,197.8543000000,23.0166700000
2023-03-19 08:00:00,184.0000000000,34.0000000000,250.9668000000,24.7500000000
2023-03-19 08:15:00,228.0000000000,33.0000000000,307.2118000000,29.0000000000
2023-03-19 08:30:00,268.0000000000,35.0000000000,363.1720000000,33.7333300000
2023-03-19 08:45:00,304.0000000000,36.0000000000,417.7083000000,37.2333300000
2023-03-19 09:00:00,340.0000000000,36.0000000000,467.6169000000,40.3333300000
2023-03-19 09:15:00,372.0000000000,36.0000000000,518.7358000000,42.1000000000
2023-03-19 09:30:00,412.0000000000,36.0000000000,571.6346000000,44.6500000000
2023-03-19 09:45:00,440.0000000000,38.0000000000,615.9186000000,48.0166700000
2023-03-19 10:00:00,476.0000000000,38.0000000000,670.5262000000,51.1166600000
2023-03-19 10:15:00,504.0000000000,38.0000000000,718.7972000000,53.0166700000
2023-03-19 10:30:00,520.0000000000,38.0000000000,754.3953000000,54.2166700000
2023-03-19 10:45:00,544.0000000000,38.0000000000,781.7347000000,56.6666700000
2023-03-19 11:00:00,556.0000000000,39.0000000000,815.1257000000,58.4333300000
2023-03-19 11:15:00,576.0000000000,40.0000000000,842.8923000000,58.3833400000
2023-03-19 11:30:00,584.0000000000,39.0000000000,856.8467000000,58.6333400000
2023-03-19 11:45:00,600.0000000000,40.0000000000,884.8980000000,59.7833300000
2023-03-19 12:00:00,600.0000000000,42.0000000000,894.6519000000,62.0666700000
2023-03-19 12:15:00,592.0000000000,42.0000000000,892.3024000000,64.4166600000
2023-03-19 12:30:00,588.0000000000,42.0000000000,885.5388000000,65.1333300000
2023-03-19 12:45:00,592.0000000000,42.0000000000,884.7556000000,64.4000000000
2023-03-19 13:00:00,588.0000000000,43.0000000000,888.8850000000,64.4333300000
2023-03-19 13:15:00,572.0000000000,43.0000000000,877.4936000000,64.3500000000
2023-03-19 13:30:00,564.0000000000,46.0000000000,859.7657000000,63.5000000000
2023-03-19 13:45:00,552.0000000000,44.0000000000,841.1835000000,63.5000000000
2023-03-19 14:00:00,540.0000000000,44.0000000000,807.7213000000,60.7500000000
2023-03-19 14:15:00,508.0000000000,44.0000000000,769.2754000000,59.9333300000
2023-03-19 14:30:00,488.0000000000,45.0000000000,729.4055000000,58.9166700000
2023-03-19 14:45:00,464.0000000000,44.0000000000,694.6617000000,58.3333300000
2023-03-19 15:00:00,408.0000000000,45.0000000000,646.5330000000,57.4833300000
2023-03-19 15:15:00,144.0000000000,46.0000000000,302.3704000000,52.9333300000
2023-03-19 15:30:00,68.0000000000,46.0000000000,93.5518600000,42.7000000000
2023-03-19 15:45:00,28.0000000000,44.0000000000,37.5916100000,36.2666700000
2023-03-19 16:00:00,16.0000000000,44.0000000000,22.2844200000,29.2833300000
2023-03-19 16:15:00,24.0000000000,44.0000000000,23.5659500000,26.4333300000
2023-03-19 16:30:00,44.0000000000,42.0000000000,47.9150700000,24.6333300000
2023-03-19 16:45:00,48.0000000000,42.0000000000,65.6429300000,25.5833300000
2023-03-19 17:00:00,60.0000000000,42.0000000000,73.3321200000,27.4500000000
2023-03-19 17:15:00,56.0000000000,41.0000000000,79.5262000000,28.5166700000
2023-03-19 17:30:00,32.0000000000,42.0000000000,45.7791800000,28.4166700000
2023-03-19 17:45:00,20.0000000000,39.0000000000,27.9801200000,27.8000000000
2023-03-19 18:00:00,12.0000000000,38.0000000000,22.7116000000,26.8833300000
2023-03-19 18:15:00,4.0000000000,39.0000000000,7.1196250000,26.1833300000
2023-03-19 18:30:00,0.0000000000,40.0000000000,0.3559812000,25.7166700000
2023-03-19 18:45:00,0.0000000000,40.0000000000,0.0000000000,25.4833300000
2023-03-19 19:00:00,0.0000000000,38.0000000000,0.0000000000,24.9166700000
2023-03-19 19:15:00,0.0000000000,39.0000000000,0.0000000000,24.2666700000
2023-03-19 19:30:00,0.0000000000,39.0000000000,0.0000000000,23.7500000000
2023-03-19 19:45:00,0.0000000000,38.0000000000,0.0000000000,23.1833300000
2023-03-19 20:00:00,0.0000000000,38.0000000000,0.0000000000,22.8833300000
2023-03-19 20:15:00,0.0000000000,38.0000000000,0.0000000000,22.3500000000
2023-03-19 20:30:00,0.0000000000,37.0000000000,0.0000000000,22.1166700000
2023-03-19 20:45:00,0.0000000000,37.0000000000,0.0000000000,22.5166700000
2023-03-19 21:00:00,0.0000000000,36.0000000000,0.0000000000,22.4500000000
2023-03-19 21:15:00,0.0000000000,38.0000000000,0.0000000000,22.1166700000
2023-03-19 21:30:00,0.0000000000,36.0000000000,0.0000000000,21.9000000000
2023-03-19 21:45:00,0.0000000000,37.0000000000,0.0000000000,22.7000000000
2023-03-19 22:00:00,0.0000000000,36.0000000000,0.0000000000,23.5333300000
2023-03-19 22:15:00,0.0000000000,37.0000000000,0.0000000000,23.5500000000
2023-03-19 22:30:00,0.0000000000,37.0000000000,0.0000000000,23.4666700000
2023-03-19 22:45:00,0.0000000000,36.0000000000,0.0000000000,23.4333300000
2023-03-19 23:00:00,0.0000000000,36.0000000000,0.0000000000,23.3833300000
2023-03-19 23:15:00,0.0000000000,37.0000000000,0.0000000000,23.5333300000
2023-03-19 23:30:00,0.0000000000,36.0000000000,0.0000000000,23.2833300000
2023-03-19 23:45:00,0.0000000000,37.0000000000,0.0000000000,22.4333300000
2023-03-20 00:00:00,0.0000000000,37.0000000000,0.0000000000,21.4666700000
2023-03-20 00:15:00,0.0000000000,37.0000000000,0.0000000000,20.8666700000
2023-03-20 00:30:00,0.0000000000,37.0000000000,0.0000000000,20.5666700000
2023-03-20 00:45:00,0.0000000000,36.0000000000,0.0000000000,20.5000000000
2023-03-20 01:00:00,0.0000000000,36.0000000000,0.0000000000,20.5666700000
2023-03-20 01:15:00,0.0000000000,35.0000000000,0.0000000000,20.6000000000
2023-03-20 01:30:00,0.0000000000,36.0000000000,0.0000000000,20.8000000000
2023-03-20 01:45:00,0.0000000000,36.0000000000,0.0000000000,20.9000000000
2023-03-20 02:00:00,0.0000000000,35.0000000000,0.0000000000,21.1666700000
2023-03-20 02:15:00,0.0000000000,36.0000000000,0.0000000000,21.8666700000
2023-03-20 02:30:00,0.0000000000,36.0000000000,0.0000000000,21.6833300000
2023-03-20 02:45:00,0.0000000000,35.0000000000,0.0000000000,21.2166700000
2023-03-20 03:00:00,0.0000000000,35.0000000000,0.0000000000,20.6333300000
2023-03-20 03:15:00,0.0000000000,35.0000000000,0.0000000000,20.1666700000
2023-03-20 03:30:00,0.0000000000,36.0000000000,0.0000000000,20.0833300000
2023-03-20 03:45:00,0.0000000000,35.0000000000,0.0000000000,19.8000000000
2023-03-20 04:00:00,0.0000000000,36.0000000000,0.0000000000,19.1333300000
2023-03-20 04:15:00,0.0000000000,35.0000000000,0.0000000000,18.8833300000
2023-03-20 04:30:00,0.0000000000,34.0000000000,0.0000000000,18.1500000000
2023-03-20 04:45:00,0.0000000000,35.0000000000,0.0000000000,17.9166700000
2023-03-20 05:00:00,0.0000000000,34.0000000000,0.0000000000,18.1833300000
2023-03-20 05:15:00,0.0000000000,34.0000000000,0.0000000000,18.2000000000
2023-03-20 05:30:00,0.0000000000,33.0000000000,0.0000000000,18.1833300000
2023-03-20 05:45:00,0.0000000000,34.0000000000,0.0000000000,18.3833300000
2023-03-20 06:00:00,0.0000000000,34.0000000000,0.0000000000,18.6500000000
2023-03-20 06:15:00,1.2000000000,34.0000000000,1.4239250000,18.6166700000
2023-03-20 06:30:00,10.4000000000,34.0000000000,13.1713100000,18.9666700000
2023-03-20 06:45:00,30.0000000000,34.0000000000,40.5818500000,19.0000000000
2023-03-20 07:00:00,56.8000000000,34.0000000000,79.8821700000,19.9166700000
2023-03-20 07:15:00,98.4000000000,33.0000000000,134.3473000000,21.4000000000
2023-03-20 07:30:00,137.2000000000,33.0000000000,187.2461000000,22.8000000000
2023-03-20 07:45:00,166.0000000000,34.0000000000,226.1904000000,24.2166700000
2023-03-20 08:00:00,200.8000000000,34.0000000000,284.0730000000,27.4166700000
2023-03-20 08:15:00,246.8000000000,34.0000000000,338.3245000000,31.4166700000
2023-03-20 08:30:00,264.4000000000,36.0000000000,368.0133000000,34.5000000000
2023-03-20 08:45:00,350.0000000000,36.0000000000,467.1897000000,36.4000000000
2023-03-20 09:00:00,392.0000000000,36.0000000000,562.1655000000,40.6833300000
2023-03-20 09:15:00,380.0000000000,37.0000000000,470.3935000000,42.0833300000
2023-03-20 09:30:00,436.0000000000,37.0000000000,579.7510000000,44.1166600000
2023-03-20 09:45:00,484.0000000000,38.0000000000,649.3097000000,47.7000000000
2023-03-20 10:00:00,468.0000000000,39.0000000000,668.3191000000,49.4166700000
2023-03-20 10:15:00,464.0000000000,37.0000000000,555.4730000000,50.5000000000
2023-03-20 10:30:00,564.0000000000,40.0000000000,810.6403000000,53.7666700000
2023-03-20 10:45:00,572.0000000000,39.0000000000,826.1611000000,57.5833300000
2023-03-20 11:00:00,584.0000000000,40.0000000000,854.0700000000,59.3500000000
2023-03-20 11:15:00,608.0000000000,40.0000000000,885.9659000000,60.6500000000
2023-03-20 11:30:00,616.0000000000,40.0000000000,913.8037000000,61.0166700000
2023-03-20 11:45:00,624.0000000000,41.0000000000,925.3375000000,61.6166600000
2023-03-20 12:00:00,632.0000000000,42.0000000000,941.0718000000,62.0000000000
2023-03-20 12:15:00,632.0000000000,41.0000000000,953.8160000000,62.7333300000
2023-03-20 12:30:00,628.0000000000,42.0000000000,941.9974000000,62.7000000000
2023-03-20 12:45:00,680.0000000000,43.0000000000,995.4657000000,64.7333300000
2023-03-20 13:00:00,464.0000000000,43.0000000000,766.6411000000,64.9000000000
2023-03-20 13:15:00,420.0000000000,43.0000000000,628.1644000000,58.5833300000
2023-03-20 13:30:00,448.0000000000,43.0000000000,590.0744000000,55.5166700000
2023-03-20 13:45:00,520.0000000000,44.0000000000,763.5084000000,57.9833300000
2023-03-20 14:00:00,444.0000000000,44.0000000000,741.3665000000,57.9166700000
2023-03-20 14:15:00,304.0000000000,43.0000000000,464.7690000000,53.2333300000
2023-03-20 14:30:00,552.0000000000,44.0000000000,749.6964000000,52.3166700000
2023-03-20 14:45:00,512.0000000000,44.0000000000,779.7412000000,57.4000000000
2023-03-20 15:00:00,360.0000000000,44.0000000000,572.8449000000,56.6166600000
2023-03-20 15:15:00,336.0000000000,44.0000000000,546.0039000000,53.4500000000
2023-03-20 15:30:00,348.0000000000,44.0000000000,414.0061000000,51.5000000000
2023-03-20 15:45:00,344.0000000000,44.0000000000,505.6357000000,51.0833300000
2023-03-20 16:00:00,296.0000000000,44.0000000000,447.1836000000,49.6666700000
2023-03-20 16:15:00,252.0000000000,44.0000000000,384.9580000000,48.0500000000
2023-03-20 16:30:00,208.0000000000,44.0000000000,316.8944000000,45.6833300000
2023-03-20 16:45:00,172.0000000000,44.0000000000,264.9924000000,43.7500000000
2023-03-20 17:00:00,120.0000000000,44.0000000000,194.0098000000,41.1833300000
2023-03-20 17:15:00,92.0000000000,44.0000000000,149.1561000000,39.0500000000
2023-03-20 17:30:00,64.0000000000,44.0000000000,95.4741700000,36.6500000000
2023-03-20 17:45:00,40.0000000000,44.0000000000,61.4423500000,34.6333400000
2023-03-20 18:00:00,16.0000000000,44.0000000000,27.6241400000,32.5333300000
2023-03-20 18:15:00,4.0000000000,42.0000000000,4.9837370000,30.1666700000
2023-03-20 18:30:00,0.0000000000,42.0000000000,0.0000000000,28.4333300000
2023-03-20 18:45:00,0.0000000000,42.0000000000,0.0000000000,27.5166700000
2023-03-20 19:00:00,0.0000000000,41.0000000000,0.0000000000,27.1333300000
2023-03-20 19:15:00,0.0000000000,40.0000000000,0.0000000000,26.8666700000
2023-03-20 19:30:00,0.0000000000,41.0000000000,0.0000000000,26.9333300000
2023-03-20 19:45:00,0.0000000000,40.0000000000,0.0000000000,26.7666700000
2023-03-20 20:00:00,0.0000000000,40.0000000000,0.0000000000,26.8833300000
2023-03-20 20:15:00,0.0000000000,41.0000000000,0.0000000000,26.8166700000
2023-03-20 20:30:00,0.0000000000,40.0000000000,0.0000000000,26.2500000000
2023-03-20 20:45:00,0.0000000000,40.0000000000,0.0000000000,25.8333300000
2023-03-20 21:00:00,0.0000000000,40.0000000000,0.0000000000,25.1666700000
2023-03-20 21:15:00,0.0000000000,37.0000000000,0.0000000000,24.7166700000
2023-03-20 21:30:00,0.0000000000,37.0000000000,0.0000000000,25.0000000000
2023-03-20 21:45:00,0.0000000000,38.0000000000,0.0000000000,25.1166700000
2023-03-20 22:00:00,0.0000000000,38.0000000000,0.0000000000,24.7833300000
2023-03-20 22:15:00,0.0000000000,38.0000000000,0.0000000000,24.2500000000
2023-03-20 22:30:00,0.0000000000,38.0000000000,0.0000000000,23.6833300000
2023-03-20 22:45:00,0.0000000000,38.0000000000,0.0000000000,23.3500000000
2023-03-20 23:00:00,0.0000000000,37.0000000000,0.0000000000,22.4333300000
2023-03-20 23:15:00,0.0000000000,38.0000000000,0.0000000000,21.3666700000
2023-03-20 23:30:00,0.0000000000,38.0000000000,0.0000000000,20.8666700000
2023-03-20 23:45:00,0.0000000000,38.0000000000,0.0000000000,20.6166700000
2023-03-21 00:00:00,0.0000000000,38.0000000000,0.0000000000,20.2500000000
2023-03-21 00:15:00,0.0000000000,37.0000000000,0.0000000000,20.2666700000
2023-03-21 00:30:00,0.0000000000,37.0000000000,0.0000000000,19.9333300000
2023-03-21 00:45:00,0.0000000000,37.0000000000,0.0000000000,19.5500000000
2023-03-21 01:00:00,0.0000000000,36.0000000000,0.0000000000,19.0166700000
2023-03-21 01:15:00,0.0000000000,37.0000000000,0.0000000000,18.7666700000
2023-03-21 01:30:00,0.0000000000,37.0000000000,0.0000000000,18.9000000000
2023-03-21 01:45:00,0.0000000000,37.0000000000,0.0000000000,18.9166700000
2023-03-21 02:00:00,0.0000000000,37.0000000000,0.0000000000,18.8166700000
2023-03-21 02:15:00,0.0000000000,36.0000000000,0.0000000000,18.2833300000
2023-03-21 02:30:00,0.0000000000,35.0000000000,0.0000000000,17.9666700000
2023-03-21 02:45:00,0.0000000000,36.0000000000,0.0000000000,18.4000000000
2023-03-21 03:00:00,0.0000000000,35.0000000000,0.0000000000,18.5166700000
2023-03-21 03:15:00,0.0000000000,36.0000000000,0.0000000000,18.0500000000
2023-03-21 03:30:00,0.0000000000,35.0000000000,0.0000000000,17.6166700000
2023-03-21 03:45:00,0.0000000000,35.0000000000,0.0000000000,17.4666700000
2023-03-21 04:00:00,0.0000000000,35.0000000000,0.0000000000,18.3166700000
2023-03-21 04:15:00,0.0000000000,35.0000000000,0.0000000000,19.0666700000
2023-03-21 04:30:00,0.0000000000,34.0000000000,0.0000000000,19.0333300000
2023-03-21 04:45:00,0.0000000000,35.0000000000,0.0000000000,19.3000000000
2023-03-21 05:00:00,0.0000000000,35.0000000000,0.0000000000,19.3166700000
2023-03-21 05:15:00,0.0000000000,35.0000000000,0.0000000000,18.6000000000
2023-03-21 05:30:00,0.0000000000,34.0000000000,0.0000000000,17.9333300000
2023-03-21 05:45:00,0.0000000000,34.0000000000,0.0000000000,17.3666700000
2023-03-21 06:00:00,0.0000000000,34.0000000000,0.0000000000,16.8666700000
2023-03-21 06:15:00,2.4000000000,34.0000000000,3.7734010000,16.8333300000
2023-03-21 06:30:00,17.6000000000,34.0000000000,22.5692000000,17.4666700000
2023-03-21 06:45:00,30.8000000000,34.0000000000,41.6498000000,18.9000000000
2023-03-21 07:00:00,47.2000000000,34.0000000000,62.2967100000,20.2833300000
2023-03-21 07:15:00,63.6000000000,34.0000000000,78.7430400000,21.0333300000
2023-03-21 07:30:00,105.2000000000,34.0000000000,137.5512000000,22.3500000000
2023-03-21 07:45:00,142.0000000000,34.0000000000,185.8222000000,24.0833300000
2023-03-21 08:00:00,184.4000000000,34.0000000000,234.8052000000,25.6833300000
2023-03-21 08:15:00,218.8000000000,35.0000000000,280.1572000000,29.8000000000
2023-03-21 08:30:00,218.0000000000,36.0000000000,311.7683000000,33.4333300000
2023-03-21 08:45:00,197.6000000000,36.0000000000,252.6754000000,33.7666700000
2023-03-21 09:00:00,356.0000000000,36.0000000000,414.8605000000,35.9833300000
2023-03-21 09:15:00,384.0000000000,38.0000000000,528.7744000000,41.8166700000
2023-03-21 09:30:00,376.0000000000,37.0000000000,500.9367000000,44.1500000000
2023-03-21 09:45:00,356.0000000000,38.0000000000,472.3158000000,44.6666700000
2023-03-21 10:00:00,432.0000000000,42.0000000000,598.0484000000,45.2500000000
2023-03-21 10:15:00,580.0000000000,39.0000000000,838.6917000000,48.5166700000
2023-03-21 10:30:00,588.0000000000,40.0000000000,871.9403000000,54.0333300000
2023-03-21 10:45:00,588.0000000000,40.0000000000,886.8916000000,58.4666700000
2023-03-21 11:00:00,556.0000000000,41.0000000000,817.6176000000,60.3666600000
2023-03-21 11:15:00,520.0000000000,41.0000000000,838.5493000000,60.6333400000
2023-03-21 11:30:00,520.0000000000,43.0000000000,702.3509000000,57.1666700000
2023-03-21 11:45:00,492.0000000000,42.0000000000,736.5250000000,56.7500000000
2023-03-21 12:00:00,500.0000000000,43.0000000000,687.3997000000,54.8666600000
2023-03-21 12:15:00,644.0000000000,43.0000000000,852.0053000000,55.6333400000
2023-03-21 12:30:00,628.0000000000,44.0000000000,972.6119000000,60.3166700000
2023-03-21 12:45:00,544.0000000000,44.0000000000,879.9144000000,62.4666700000
2023-03-21 13:00:00,640.0000000000,45.0000000000,892.6584000000,60.1833300000
2023-03-21 13:15:00,692.0000000000,45.0000000000,1104.2540000000,67.8000000000
2023-03-21 13:30:00,636.0000000000,45.0000000000,971.7574000000,69.0166700000
2023-03-21 13:45:00,596.0000000000,45.0000000000,848.5880000000,67.2666700000
2023-03-21 14:00:00,436.0000000000,46.0000000000,610.1517000000,64.8000000000
2023-03-21 14:15:00,360.0000000000,46.0000000000,478.8659000000,58.8666600000
2023-03-21 14:30:00,308.0000000000,45.0000000000,430.1677000000,54.2000000000
2023-03-21 14:45:00,360.0000000000,45.0000000000,484.7752000000,48.7000000000
2023-03-21 15:00:00,392.0000000000,45.0000000000,627.0253000000,50.5500000000
2023-03-21 15:15:00,284.0000000000,46.0000000000,405.9609000000,49.3833400000
2023-03-21 15:30:00,356.0000000000,46.0000000000,459.0734000000,46.4500000000
2023-03-21 15:45:00,268.0000000000,46.0000000000,395.7087000000,46.7000000000
2023-03-21 16:00:00,208.0000000000,45.0000000000,291.4774000000,44.8000000000
2023-03-21 16:15:00,152.0000000000,46.0000000000,223.9834000000,40.9000000000
2023-03-21 16:30:00,172.0000000000,45.0000000000,242.3520000000,39.5666700000
2023-03-21 16:45:00,212.0000000000,45.0000000000,319.8135000000,40.8000000000
2023-03-21 17:00:00,172.0000000000,44.0000000000,259.1543000000,40.9000000000
2023-03-21 17:15:00,128.0000000000,45.0000000000,205.4012000000,39.5833300000
2023-03-21 17:30:00,88.0000000000,45.0000000000,141.1821000000,37.3166700000
2023-03-21 17:45:00,56.0000000000,45.0000000000,83.1572000000,34.9166700000
2023-03-21 18:00:00,24.0000000000,45.0000000000,38.8731500000,32.8000000000
2023-03-21 18:15:00,4.0000000000,43.0000000000,7.6179980000,30.7000000000
2023-03-21 18:30:00,0.0000000000,43.0000000000,0.1423925000,29.0833300000
2023-03-21 18:45:00,0.0000000000,44.0000000000,0.0000000000,28.0833300000
2023-03-21 19:00:00,0.0000000000,42.0000000000,0.0000000000,27.2666700000
2023-03-21 19:15:00,0.0000000000,43.0000000000,0.0000000000,26.6166700000
2023-03-21 19:30:00,0.0000000000,42.0000000000,0.0000000000,26.2833300000
2023-03-21 19:45:00,0.0000000000,42.0000000000,0.0000000000,25.2500000000
2023-03-21 20:00:00,0.0000000000,42.0000000000,0.0000000000,24.0000000000
2023-03-21 20:15:00,0.0000000000,41.0000000000,0.0000000000,23.0666700000
2023-03-21 20:30:00,0.0000000000,40.0000000000,0.0000000000,22.4000000000
2023-03-21 20:45:00,0.0000000000,39.0000000000,0.0000000000,22.0833300000
2023-03-21 21:00:00,0.0000000000,40.0000000000,0.0000000000,21.9833300000
2023-03-21 21:15:00,0.0000000000,39.0000000000,0.0000000000,22.4000000000
2023-03-21 21:30:00,0.0000000000,40.0000000000,0.0000000000,23.0000000000
2023-03-21 21:45:00,0.0000000000,39.0000000000,0.0000000000,23.1833300000
2023-03-21 22:00:00,0.0000000000,39.0000000000,0.0000000000,23.1833300000
2023-03-21 22:15:00,0.0000000000,39.0000000000,0.0000000000,22.3500000000
2023-03-21 22:30:00,0.0000000000,38.0000000000,0.0000000000,21.6000000000
2023-03-21 22:45:00,0.0000000000,39.0000000000,0.0000000000,21.0500000000
2023-03-21 23:00:00,0.0000000000,38.0000000000,0.0000000000,20.7000000000
2023-03-21 23:15:00,0.0000000000,39.0000000000,0.0000000000,20.8833300000
2023-03-21 23:30:00,0.0000000000,38.0000000000,0.0000000000,20.7166700000
2023-03-21 23:45:00,0.0000000000,38.0000000000,0.0000000000,21.0333300000
2023-03-22 00:00:00,0.0000000000,37.0000000000,0.0000000000,21.0333300000
2023-03-22 00:15:00,0.0000000000,38.0000000000,0.0000000000,21.1000000000
2023-03-22 00:30:00,0.0000000000,37.0000000000,0.0000000000,21.2000000000
2023-03-22 00:45:00,0.0000000000,38.0000000000,0.0000000000,21.1333300000
2023-03-22 01:00:00,0.0000000000,36.0000000000,0.0000000000,20.8000000000
2023-03-22 01:15:00,0.0000000000,37.0000000000,0.0000000000,20.3500000000
2023-03-22 01:30:00,0.0000000000,36.0000000000,0.0000000000,20.1166700000
2023-03-22 01:45:00,0.0000000000,36.0000000000,0.0000000000,20.1000000000
2023-03-22 02:00:00,0.0000000000,35.0000000000,0.0000000000,19.8833300000
2023-03-22 02:15:00,0.0000000000,37.0000000000,0.0000000000,19.5666700000
2023-03-22 02:30:00,0.0000000000,36.0000000000,0.0000000000,19.3000000000
2023-03-22 02:45:00,0.0000000000,34.0000000000,0.0000000000,18.6666700000
2023-03-22 03:00:00,0.0000000000,35.0000000000,0.0000000000,18.1833300000
2023-03-22 03:15:00,0.0000000000,35.0000000000,0.0000000000,18.3666700000
2023-03-22 03:30:00,0.0000000000,35.0000000000,0.0000000000,18.6500000000
2023-03-22 03:45:00,0.0000000000,36.0000000000,0.0000000000,18.2166700000
2023-03-22 04:00:00,0.0000000000,35.0000000000,0.0000000000,17.3666700000
2023-03-22 04:15:00,0.0000000000,36.0000000000,0.0000000000,16.8833300000
2023-03-22 04:30:00,0.0000000000,34.0000000000,0.0000000000,16.5333300000
2023-03-22 04:45:00,0.0000000000,34.0000000000,0.0000000000,16.3666700000
2023-03-22 05:00:00,0.0000000000,35.0000000000,0.0000000000,16.7666700000
2023-03-22 05:15:00,0.0000000000,35.0000000000,0.0000000000,17.2000000000
2023-03-22 05:30:00,0.0000000000,34.0000000000,0.0000000000,17.0166700000
2023-03-22 05:45:00,0.0000000000,35.0000000000,0.0000000000,16.4500000000
2023-03-22 06:00:00,0.0000000000,34.0000000000,0.0000000000,16.3000000000
2023-03-22 06:15:00,1.2000000000,34.0000000000,1.1391400000,16.6833300000
2023-03-22 06:30:00,10.8000000000,34.0000000000,14.3104400000,17.1666700000
2023-03-22 06:45:00,28.0000000000,34.0000000000,40.9378300000,17.5833300000
2023-03-22 07:00:00,53.6000000000,35.0000000000,78.1734700000,19.0833300000
2023-03-22 07:15:00,87.2000000000,34.0000000000,126.0173000000,20.8833300000
2023-03-22 07:30:00,123.6000000000,34.0000000000,173.1492000000,22.7500000000
2023-03-22 07:45:00,164.4000000000,35.0000000000,226.8312000000,24.3833300000
2023-03-22 08:00:00,207.6000000000,34.0000000000,285.6393000000,28.1833300000
2023-03-22 08:15:00,250.4000000000,35.0000000000,344.2338000000,33.0166700000
2023-03-22 08:30:00,290.0000000000,36.0000000000,400.1941000000,37.1000000000
2023-03-22 08:45:00,331.2000000000,36.0000000000,460.9956000000,40.8833400000
2023-03-22 09:00:00,380.0000000000,37.0000000000,523.6484000000,43.9666700000
2023-03-22 09:15:00,416.0000000000,37.0000000000,585.5178000000,46.9666700000
2023-03-22 09:30:00,456.0000000000,38.0000000000,643.5428000000,49.4333300000
2023-03-22 09:45:00,492.0000000000,39.0000000000,701.1406000000,51.9333300000
2023-03-22 10:00:00,524.0000000000,38.0000000000,752.1171000000,54.3000000000
2023-03-22 10:15:00,552.0000000000,38.0000000000,794.6924000000,56.2500000000
2023-03-22 10:30:00,576.0000000000,41.0000000000,832.6400000000,57.8000000000
2023-03-22 10:45:00,600.0000000000,41.0000000000,876.7816000000,58.2500000000
2023-03-22 11:00:00,616.0000000000,41.0000000000,899.2797000000,60.2000000000
2023-03-22 11:15:00,616.0000000000,42.0000000000,919.3571000000,62.2833300000
2023-03-22 11:30:00,636.0000000000,42.0000000000,947.6219000000,62.3000000000
2023-03-22 11:45:00,648.0000000000,44.0000000000,960.9356000000,61.7333300000
2023-03-22 12:00:00,644.0000000000,43.0000000000,970.3335000000,63.6000000000
2023-03-22 12:15:00,640.0000000000,44.0000000000,961.5764000000,62.3666600000
2023-03-22 12:30:00,640.0000000000,44.0000000000,957.0910000000,62.3333300000
2023-03-22 12:45:00,640.0000000000,44.0000000000,952.0361000000,62.1833300000
2023-03-22 13:00:00,632.0000000000,45.0000000000,942.9941000000,63.0000000000
2023-03-22 13:15:00,632.0000000000,46.0000000000,944.0621000000,59.6333400000
2023-03-22 13:30:00,624.0000000000,46.0000000000,933.2402000000,59.5000000000
2023-03-22 13:45:00,596.0000000000,46.0000000000,894.0823000000,60.0500000000
2023-03-22 14:00:00,576.0000000000,46.0000000000,851.2934000000,59.7166700000
2023-03-22 14:15:00,548.0000000000,47.0000000000,701.4965000000,58.2833300000
2023-03-22 14:30:00,492.0000000000,46.0000000000,797.6826000000,55.8000000000
2023-03-22 14:45:00,484.0000000000,46.0000000000,752.9714000000,53.8333300000
2023-03-22 15:00:00,464.0000000000,46.0000000000,676.5067000000,53.9500000000
2023-03-22 15:15:00,416.0000000000,47.0000000000,619.1224000000,53.2166700000
2023-03-22 15:30:00,340.0000000000,46.0000000000,521.0140000000,52.0000000000
2023-03-22 15:45:00,292.0000000000,46.0000000000,455.9407000000,49.9000000000
2023-03-22 16:00:00,204.0000000000,46.0000000000,326.2212000000,47.3833400000
2023-03-22 16:15:00,240.0000000000,46.0000000000,341.8843000000,45.1166600000
2023-03-22 16:30:00,152.0000000000,47.0000000000,256.6624000000,44.5500000000
2023-03-22 16:45:00,120.0000000000,47.0000000000,203.8348000000,42.6833300000
2023-03-22 17:00:00,68.0000000000,47.0000000000,107.5775000000,39.1333400000
2023-03-22 17:15:00,60.0000000000,46.0000000000,101.3835000000,36.7833300000
2023-03-22 17:30:00,48.0000000000,46.0000000000,74.6848500000,35.2333300000
2023-03-22 17:45:00,24.0000000000,45.0000000000,43.8568800000,33.5500000000
2023-03-22 18:00:00,12.0000000000,44.0000000000,19.7925600000,31.9000000000
2023-03-22 18:15:00,4.0000000000,45.0000000000,3.2038310000,30.6666700000
2023-03-22 18:30:00,0.0000000000,45.0000000000,0.0000000000,29.8333300000
2023-03-22 18:45:00,0.0000000000,45.0000000000,0.0000000000,29.2833300000
2023-03-22 19:00:00,0.0000000000,44.0000000000,0.0000000000,28.5333300000
2023-03-22 19:15:00,0.0000000000,43.0000000000,0.0000000000,27.6666700000
2023-03-22 19:30:00,0.0000000000,43.0000000000,0.0000000000,26.9000000000
2023-03-22 19:45:00,0.0000000000,43.0000000000,0.0000000000,26.2500000000
2023-03-22 20:00:00,0.0000000000,43.0000000000,0.0000000000,25.7000000000
2023-03-22 20:15:00,0.0000000000,43.0000000000,0.0000000000,25.1833300000
2023-03-22 20:30:00,0.0000000000,42.0000000000,0.0000000000,24.9666700000
2023-03-22 20:45:00,0.0000000000,41.0000000000,0.0000000000,25.3000000000
2023-03-22 21:00:00,0.0000000000,41.0000000000,0.0000000000,25.3000000000
2023-03-22 21:15:00,0.0000000000,40.0000000000,0.0000000000,24.5166700000
2023-03-22 21:30:00,0.0000000000,41.0000000000,0.0000000000,23.9166700000
2023-03-22 21:45:00,0.0000000000,40.0000000000,0.0000000000,23.8500000000
2023-03-22 22:00:00,0.0000000000,41.0000000000,0.0000000000,24.1500000000
2023-03-22 22:15:00,0.0000000000,39.0000000000,0.0000000000,24.5000000000
2023-03-22 22:30:00,0.0000000000,40.0000000000,0.0000000000,24.6166700000
2023-03-22 22:45:00,0.0000000000,40.0000000000,0.0000000000,24.5833300000
2023-03-22 23:00:00,0.0000000000,40.0000000000,0.0000000000,24.0666700000
2023-03-22 23:15:00,0.0000000000,40.0000000000,0.0000000000,23.5500000000
2023-03-22 23:30:00,0.0000000000,39.0000000000,0.0000000000,22.9500000000
2023-03-22 23:45:00,0.0000000000,40.0000000000,0.0000000000,22.8833300000
2023-03-23 00:00:00,0.0000000000,39.0000000000,0.0000000000,22.6333300000
2023-03-23 00:15:00,0.0000000000,38.0000000000,0.0000000000,22.1166700000
2023-03-23 00:30:00,0.0000000000,38.0000000000,0.0000000000,21.7000000000
2023-03-23 00:45:00,0.0000000000,38.0000000000,0.0000000000,20.7333300000
2023-03-23 01:00:00,0.0000000000,38.0000000000,0.0000000000,20.1500000000
2023-03-23 01:15:00,0.0000000000,37.0000000000,0.0000000000,19.3500000000
2023-03-23 01:30:00,0.0000000000,37.0000000000,0.0000000000,18.7333300000
2023-03-23 01:45:00,0.0000000000,37.0000000000,0.0000000000,18.2333300000
2023-03-23 02:00:00,0.0000000000,36.0000000000,0.0000000000,18.2666700000
2023-03-23 02:15:00,0.0000000000,37.0000000000,0.0000000000,18.4500000000
2023-03-23 02:30:00,0.0000000000,37.0000000000,0.0000000000,19.0333300000
2023-03-23 02:45:00,0.0000000000,37.0000000000,0.0000000000,19.7166700000
2023-03-23 03:00:00,0.0000000000,36.0000000000,0.0000000000,19.7000000000
2023-03-23 03:15:00,0.0000000000,35.0000000000,0.0000000000,19.9333300000
2023-03-23 03:30:00,0.0000000000,35.0000000000,0.0000000000,19.6333300000
2023-03-23 03:45:00,0.0000000000,36.0000000000,0.0000000000,19.7500000000
2023-03-23 04:00:00,0.0000000000,36.0000000000,0.0000000000,20.0000000000
2023-03-23 04:15:00,0.0000000000,36.0000000000,0.0000000000,20.1166700000
2023-03-23 04:30:00,0.0000000000,36.0000000000,0.0000000000,19.9833300000
2023-03-23 04:45:00,0.0000000000,36.0000000000,0.0000000000,19.9000000000
2023-03-23 05:00:00,0.0000000000,35.0000000000,0.0000000000,19.5166700000
2023-03-23 05:15:00,0.0000000000,34.0000000000,0.0000000000,19.2666700000
2023-03-23 05:30:00,0.0000000000,34.0000000000,0.0000000000,18.8333300000
2023-03-23 05:45:00,0.0000000000,34.0000000000,0.0000000000,18.2666700000
2023-03-23 06:00:00,0.0000000000,35.0000000000,0.0000000000,18.3000000000
2023-03-23 06:15:00,2.0000000000,34.0000000000,1.7087100000,17.8666700000
2023-03-23 06:30:00,10.4000000000,34.0000000000,14.1680500000,17.9000000000
2023-03-23 06:45:00,25.6000000000,35.0000000000,37.8764000000,18.0500000000
2023-03-23 07:00:00,49.6000000000,34.0000000000,74.4712700000,19.4166700000
2023-03-23 07:15:00,84.8000000000,34.0000000000,125.3054000000,22.1666700000
2023-03-23 07:30:00,126.4000000000,34.0000000000,182.2624000000,25.2666700000
2023-03-23 07:45:00,174.8000000000,35.0000000000,243.9895000000,28.6166700000
2023-03-23 08:00:00,222.4000000000,35.0000000000,306.9270000000,32.0833300000
2023-03-23 08:15:00,263.2000000000,36.0000000000,365.3791000000,35.1833300000
2023-03-23 08:30:00,304.0000000000,36.0000000000,420.6986000000,38.3500000000
2023-03-23 08:45:00,341.2000000000,37.0000000000,479.7202000000,41.3000000000
2023-03-23 09:00:00,384.0000000000,37.0000000000,537.5316000000,44.9000000000
2023-03-23 09:15:00,424.0000000000,39.0000000000,588.8641000000,48.2333300000
2023-03-23 09:30:00,456.0000000000,38.0000000000,643.1156000000,51.1500000000
2023-03-23 09:45:00,492.0000000000,40.0000000000,692.2410000000,53.6833300000
2023-03-23 10:00:00,512.0000000000,39.0000000000,742.6479000000,54.8500000000
2023-03-23 10:15:00,540.0000000000,40.0000000000,783.5146000000,56.0666700000
2023-03-23 10:30:00,572.0000000000,40.0000000000,824.1677000000,56.6666700000
2023-03-23 10:45:00,584.0000000000,42.0000000000,858.9114000000,59.0166700000
2023-03-23 11:00:00,608.0000000000,42.0000000000,898.7101000000,59.0833300000
2023-03-23 11:15:00,620.0000000000,43.0000000000,921.3505000000,58.6166600000
2023-03-23 11:30:00,616.0000000000,43.0000000000,925.1239000000,59.7000000000
2023-03-23 11:45:00,632.0000000000,44.0000000000,941.9974000000,60.0333300000
2023-03-23 12:00:00,636.0000000000,44.0000000000,948.1915000000,60.9333300000
2023-03-23 12:15:00,628.0000000000,44.0000000000,941.2855000000,62.1166600000
2023-03-23 12:30:00,616.0000000000,45.0000000000,919.1434000000,62.2666700000
2023-03-23 12:45:00,608.0000000000,46.0000000000,918.0755000000,60.5833300000
2023-03-23 13:00:00,584.0000000000,45.0000000000,889.9529000000,60.8166700000
2023-03-23 13:15:00,592.0000000000,46.0000000000,894.7231000000,63.2166700000
2023-03-23 13:30:00,592.0000000000,46.0000000000,889.6682000000,63.1833300000
2023-03-23 13:45:00,584.0000000000,46.0000000000,882.9757000000,63.2333300000
2023-03-23 14:00:00,564.0000000000,46.0000000000,860.0505000000,63.0666700000
2023-03-23 14:15:00,556.0000000000,47.0000000000,833.9215000000,61.7000000000
2023-03-23 14:30:00,536.0000000000,48.0000000000,807.6501000000,60.7333300000
2023-03-23 14:45:00,504.0000000000,47.0000000000,755.3209000000,59.9333300000
2023-03-23 15:00:00,188.0000000000,46.0000000000,288.4872000000,56.8833400000
2023-03-23 15:15:00,168.0000000000,46.0000000000,185.1102000000,45.4333300000
2023-03-23 15:30:00,116.0000000000,45.0000000000,160.9035000000,42.9000000000
2023-03-23 15:45:00,100.0000000000,46.0000000000,136.2696000000,40.0166700000
2023-03-23 16:00:00,80.0000000000,45.0000000000,111.7781000000,38.6166600000
2023-03-23 16:15:00,92.0000000000,46.0000000000,127.7972000000,37.7666700000
2023-03-23 16:30:00,156.0000000000,45.0000000000,246.6238000000,38.7166700000
2023-03-23 16:45:00,136.0000000000,45.0000000000,186.7477000000,39.5500000000
2023-03-23 17:00:00,128.0000000000,46.0000000000,199.7767000000,40.0000000000
2023-03-23 17:15:00,96.0000000000,46.0000000000,151.5768000000,39.7166700000
2023-03-23 17:30:00,72.0000000000,46.0000000000,115.1955000000,38.3833400000
2023-03-23 17:45:00,36.0000000000,46.0000000000,67.5652300000,36.4000000000
2023-03-23 18:00:00,16.0000000000,45.0000000000,26.4850000000,33.7666700000
2023-03-23 18:15:00,4.0000000000,45.0000000000,4.4853630000,31.3333300000
2023-03-23 18:30:00,0.0000000000,45.0000000000,0.0000000000,29.5166700000
2023-03-23 18:45:00,0.0000000000,44.0000000000,0.0000000000,27.7000000000
2023-03-23 19:00:00,0.0000000000,44.0000000000,0.0000000000,26.7500000000
2023-03-23 19:15:00,0.0000000000,43.0000000000,0.0000000000,25.6000000000
2023-03-23 19:30:00,0.0000000000,42.0000000000,0.0000000000,24.9666700000
2023-03-23 19:45:00,0.0000000000,44.0000000000,0.0000000000,24.6500000000
2023-03-23 20:00:00,0.0000000000,42.0000000000,0.0000000000,24.3500000000
2023-03-23 20:15:00,0.0000000000,42.0000000000,0.0000000000,24.2166700000
2023-03-23 20:30:00,0.0000000000,42.0000000000,0.0000000000,25.0666700000
2023-03-23 20:45:00,0.0000000000,42.0000000000,0.0000000000,25.5333300000
2023-03-23 21:00:00,0.0000000000,41.0000000000,0.0000000000,25.0166700000
2023-03-23 21:15:00,0.0000000000,41.0000000000,0.0000000000,25.0500000000
2023-03-23 21:30:00,0.0000000000,41.0000000000,0.0000000000,24.9333300000
2023-03-23 21:45:00,0.0000000000,40.0000000000,0.0000000000,24.3666700000
2023-03-23 22:00:00,0.0000000000,43.0000000000,0.0000000000,23.9333300000
2023-03-23 22:15:00,0.0000000000,42.0000000000,0.0000000000,24.8166700000
2023-03-23 22:30:00,0.0000000000,38.0000000000,0.0000000000,24.7666700000
2023-03-23 22:45:00,0.0000000000,49.0000000000,0.0000000000,24.1833300000
2023-03-23 23:00:00,0.0000000000,38.0000000000,0.0000000000,23.8333300000
2023-03-23 23:15:00,0.0000000000,39.0000000000,0.0000000000,23.2166700000
2023-03-23 23:30:00,0.0000000000,39.0000000000,0.0000000000,22.9166700000
2023-03-23 23:45:00,0.0000000000,40.0000000000,0.0000000000,23.0166700000
2023-03-24 00:00:00,0.0000000000,40.0000000000,0.0000000000,22.8000000000
2023-03-24 00:15:00,0.0000000000,39.0000000000,0.0000000000,21.9500000000
2023-03-24 00:30:00,0.0000000000,38.0000000000,0.0000000000,21.0166700000
2023-03-24 00:45:00,0.0000000000,38.0000000000,0.0000000000,20.4666700000
2023-03-24 01:00:00,0.0000000000,39.0000000000,0.0000000000,20.3833300000
2023-03-24 01:15:00,0.0000000000,38.0000000000,0.0000000000,19.7500000000
2023-03-24 01:30:00,0.0000000000,39.0000000000,0.0000000000,19.1666700000
2023-03-24 01:45:00,0.0000000000,37.0000000000,0.0000000000,18.8000000000
2023-03-24 02:00:00,0.0000000000,37.0000000000,0.0000000000,18.6166700000
2023-03-24 02:15:00,0.0000000000,37.0000000000,0.0000000000,18.6500000000
2023-03-24 02:30:00,0.0000000000,36.0000000000,0.0000000000,18.5333300000
2023-03-24 02:45:00,0.0000000000,36.0000000000,0.0000000000,18.8166700000
2023-03-24 03:00:00,0.0000000000,36.0000000000,0.0000000000,19.3500000000
2023-03-24 03:15:00,0.0000000000,36.0000000000,0.0000000000,19.0833300000
2023-03-24 03:30:00,0.0000000000,36.0000000000,0.0000000000,18.9000000000
2023-03-24 03:45:00,0.0000000000,36.0000000000,0.0000000000,18.1500000000
2023-03-24 04:00:00,0.0000000000,36.0000000000,0.0000000000,17.7666700000
2023-03-24 04:15:00,0.0000000000,36.0000000000,0.0000000000,17.7666700000
2023-03-24 04:30:00,0.0000000000,36.0000000000,0.0000000000,17.7166700000
2023-03-24 04:45:00,0.0000000000,35.0000000000,0.0000000000,17.4333300000
2023-03-24 05:00:00,0.0000000000,36.0000000000,0.0000000000,17.4000000000
2023-03-24 05:15:00,0.0000000000,35.0000000000,0.0000000000,16.8666700000
2023-03-24 05:30:00,0.0000000000,35.0000000000,0.0000000000,16.4166700000
2023-03-24 05:45:00,0.0000000000,34.0000000000,0.0000000000,16.2000000000
2023-03-24 06:00:00,0.0000000000,35.0000000000,0.0000000000,16.0166700000
2023-03-24 06:15:00,2.4000000000,36.0000000000,2.7766530000,16.6333300000
2023-03-24 06:30:00,13.2000000000,35.0000000000,17.3718800000,17.5000000000
2023-03-24 06:45:00,30.4000000000,34.0000000000,42.0769800000,17.9166700000
2023-03-24 07:00:00,52.8000000000,35.0000000000,75.8951900000,18.9500000000
2023-03-24 07:15:00,83.6000000000,35.0000000000,119.8233000000,20.7666700000
2023-03-24 07:30:00,116.4000000000,35.0000000000,164.3209000000,24.0833300000
2023-03-24 07:45:00,157.6000000000,35.0000000000,218.0029000000,27.5000000000
2023-03-24 08:00:00,203.2000000000,35.0000000000,279.6588000000,30.8000000000
2023-03-24 08:15:00,247.6000000000,36.0000000000,339.7484000000,33.8166700000
2023-03-24 08:30:00,292.8000000000,37.0000000000,402.8283000000,36.5000000000
2023-03-24 08:45:00,330.8000000000,36.0000000000,459.0734000000,39.6000000000
2023-03-24 09:00:00,372.0000000000,38.0000000000,512.6129000000,43.0500000000
2023-03-24 09:15:00,400.0000000000,38.0000000000,567.2916000000,46.6000000000
2023-03-24 09:30:00,448.0000000000,38.0000000000,630.3715000000,49.5166700000
2023-03-24 09:45:00,472.0000000000,38.0000000000,678.9273000000,51.5500000000
2023-03-24 10:00:00,512.0000000000,40.0000000000,732.3245000000,53.6833300000
2023-03-24 10:15:00,544.0000000000,40.0000000000,784.4402000000,54.9500000000
2023-03-24 10:30:00,568.0000000000,40.0000000000,823.4557000000,56.1833300000
2023-03-24 10:45:00,580.0000000000,42.0000000000,855.2092000000,59.3500000000
2023-03-24 11:00:00,588.0000000000,41.0000000000,874.8593000000,60.1666700000
2023-03-24 11:15:00,604.0000000000,43.0000000000,898.9237000000,61.5166700000
2023-03-24 11:30:00,616.0000000000,43.0000000000,919.8553000000,62.1000000000
2023-03-24 11:45:00,620.0000000000,44.0000000000,932.6707000000,61.3500000000
2023-03-24 12:00:00,640.0000000000,43.0000000000,952.9616000000,61.3000000000
2023-03-24 12:15:00,628.0000000000,44.0000000000,944.4181000000,62.7000000000
2023-03-24 12:30:00,632.0000000000,45.0000000000,955.9518000000,62.8666600000
2023-03-24 12:45:00,632.0000000000,45.0000000000,957.9454000000,62.7500000000
2023-03-24 13:00:00,624.0000000000,45.0000000000,956.1655000000,62.4166700000
2023-03-24 13:15:00,616.0000000000,45.0000000000,924.6967000000,62.3000000000
2023-03-24 13:30:00,604.0000000000,46.0000000000,911.1694000000,60.9833300000
2023-03-24 13:45:00,584.0000000000,45.0000000000,883.4029000000,62.2166700000
2023-03-24 14:00:00,568.0000000000,45.0000000000,857.4875000000,61.9666700000
2023-03-24 14:15:00,536.0000000000,44.0000000000,810.3555000000,60.8000000000
2023-03-24 14:30:00,512.0000000000,47.0000000000,759.8774000000,58.0833300000
2023-03-24 14:45:00,484.0000000000,46.0000000000,723.5674000000,57.0000000000
2023-03-24 15:00:00,468.0000000000,46.0000000000,698.7198000000,54.7833300000
2023-03-24 15:15:00,444.0000000000,47.0000000000,660.2739000000,53.8166700000
2023-03-24 15:30:00,280.0000000000,47.0000000000,372.2139000000,51.3166700000
2023-03-24 15:45:00,360.0000000000,47.0000000000,533.9006000000,48.1500000000
2023-03-24 16:00:00,312.0000000000,46.0000000000,467.9729000000,48.5833300000
2023-03-24 16:15:00,268.0000000000,46.0000000000,407.6696000000,48.2833300000
2023-03-24 16:30:00,228.0000000000,47.0000000000,355.9812000000,47.5500000000
2023-03-24 16:45:00,136.0000000000,46.0000000000,226.3329000000,44.5166700000
2023-03-24 17:00:00,100.0000000000,46.0000000000,159.1236000000,40.0333300000
2023-03-24 17:15:00,88.0000000000,46.0000000000,149.3697000000,38.1000000000
2023-03-24 17:30:00,64.0000000000,46.0000000000,111.8493000000,36.5666700000
2023-03-24 17:45:00,40.0000000000,45.0000000000,68.9891600000,34.6333400000
2023-03-24 18:00:00,16.0000000000,46.0000000000,32.2519000000,32.5666700000
2023-03-24 18:15:00,8.0000000000,44.0000000000,8.5435500000,30.6666700000
2023-03-24 18:30:00,0.0000000000,42.0000000000,0.4271775000,29.2000000000
2023-03-24 18:45:00,0.0000000000,43.0000000000,0.0000000000,28.8166700000
2023-03-24 19:00:00,0.0000000000,43.0000000000,0.0000000000,27.8000000000
2023-03-24 19:15:00,0.0000000000,43.0000000000,0.0000000000,26.3166700000
2023-03-24 19:30:00,0.0000000000,43.0000000000,0.0000000000,24.8666700000
2023-03-24 19:45:00,0.0000000000,43.0000000000,0.0000000000,23.7000000000
2023-03-24 20:00:00,0.0000000000,42.0000000000,0.0000000000,23.1500000000
2023-03-24 20:15:00,0.0000000000,42.0000000000,0.0000000000,22.7833300000
2023-03-24 20:30:00,0.0000000000,41.0000000000,0.0000000000,22.6500000000
2023-03-24 20:45:00,0.0000000000,41.0000000000,0.0000000000,22.4666700000
2023-03-24 21:00:00,0.0000000000,40.0000000000,0.0000000000,22.5166700000
2023-03-24 21:15:00,0.0000000000,46.0000000000,0.0000000000,22.3666700000
2023-03-24 21:30:00,0.0000000000,34.0000000000,0.0000000000,22.3000000000
2023-03-24 21:45:00,0.0000000000,41.0000000000,0.0000000000,22.3166700000
2023-03-24 22:00:00,0.0000000000,39.0000000000,0.0000000000,22.3000000000
2023-03-24 22:15:00,0.0000000000,39.0000000000,0.0000000000,22.2666700000
2023-03-24 22:30:00,0.0000000000,40.0000000000,0.0000000000,22.6666700000
2023-03-24 22:45:00,0.0000000000,39.0000000000,0.0000000000,22.7333300000
2023-03-24 23:00:00,0.0000000000,40.0000000000,0.0000000000,22.2500000000
2023-03-24 23:15:00,0.0000000000,39.0000000000,0.0000000000,21.9166700000
2023-03-24 23:30:00,0.0000000000,38.0000000000,0.0000000000,22.6833300000
2023-03-24 23:45:00,0.0000000000,38.0000000000,0.0000000000,23.0166700000
2023-03-25 00:00:00,0.0000000000,39.0000000000,0.0000000000,21.7166700000
2023-03-25 00:15:00,0.0000000000,38.0000000000,0.0000000000,20.2666700000
2023-03-25 00:30:00,0.0000000000,38.0000000000,0.0000000000,19.5166700000
2023-03-25 00:45:00,0.0000000000,38.0000000000,0.0000000000,19.2000000000
2023-03-25 01:00:00,0.0000000000,39.0000000000,0.0000000000,19.6000000000
2023-03-25 01:15:00,0.0000000000,38.0000000000,0.0000000000,19.5333300000
2023-03-25 01:30:00,0.0000000000,37.0000000000,0.0000000000,18.8333300000
2023-03-25 01:45:00,0.0000000000,36.0000000000,0.0000000000,18.1000000000
2023-03-25 02:00:00,0.0000000000,36.0000000000,0.0000000000,17.4833300000
2023-03-25 02:15:00,0.0000000000,37.0000000000,0.0000000000,17.2166700000
2023-03-25 02:30:00,0.0000000000,36.0000000000,0.0000000000,17.0833300000
2023-03-25 02:45:00,0.0000000000,36.0000000000,0.0000000000,16.8000000000
2023-03-25 03:00:00,0.0000000000,35.0000000000,0.0000000000,16.8333300000
2023-03-25 03:15:00,0.0000000000,36.0000000000,0.0000000000,17.8333300000
2023-03-25 03:30:00,0.0000000000,36.0000000000,0.0000000000,18.4833300000
2023-03-25 03:45:00,0.0000000000,35.0000000000,0.0000000000,17.9166700000
2023-03-25 04:00:00,0.0000000000,36.0000000000,0.0000000000,17.0666700000
2023-03-25 04:15:00,0.0000000000,35.0000000000,0.0000000000,16.4833300000
2023-03-25 04:30:00,0.0000000000,35.0000000000,0.0000000000,16.1500000000
2023-03-25 04:45:00,0.0000000000,36.0000000000,0.0000000000,15.8833300000
2023-03-25 05:00:00,0.0000000000,34.0000000000,0.0000000000,15.5333300000
2023-03-25 05:15:00,0.0000000000,34.0000000000,0.0000000000,15.3166700000
2023-03-25 05:30:00,0.0000000000,34.0000000000,0.0000000000,15.2500000000
2023-03-25 05:45:00,0.0000000000,34.0000000000,0.0000000000,15.1500000000
2023-03-25 06:00:00,0.0000000000,35.0000000000,0.0000000000,15.0333300000
2023-03-25 06:15:00,4.0000000000,34.0000000000,2.4206720000,15.1833300000
2023-03-25 06:30:00,12.0000000000,34.0000000000,15.8055700000,15.9833300000
2023-03-25 06:45:00,28.0000000000,33.0000000000,39.8699000000,16.5166700000
2023-03-25 07:00:00,36.0000000000,34.0000000000,73.6881100000,17.8833300000
2023-03-25 07:15:00,56.0000000000,34.0000000000,115.8363000000,19.9500000000
2023-03-25 07:30:00,116.0000000000,32.0000000000,160.9747000000,22.9833300000
2023-03-25 07:45:00,148.0000000000,34.0000000000,209.6017000000,26.5333300000
2023-03-25 08:00:00,188.0000000000,34.0000000000,262.4293000000,29.8333300000
2023-03-25 08:15:00,228.0000000000,35.0000000000,318.1760000000,32.9333300000
2023-03-25 08:30:00,272.0000000000,36.0000000000,371.8579000000,36.0833300000
2023-03-25 08:45:00,300.0000000000,37.0000000000,418.3491000000,38.8500000000
2023-03-25 09:00:00,340.0000000000,36.0000000000,468.6848000000,40.6833300000
2023-03-25 09:15:00,368.0000000000,37.0000000000,517.0983000000,43.1500000000
2023-03-25 09:30:00,404.0000000000,37.0000000000,563.8030000000,45.7833300000
2023-03-25 09:45:00,432.0000000000,38.0000000000,612.7860000000,48.3500000000
2023-03-25 10:00:00,456.0000000000,39.0000000000,649.2385000000,50.3666600000
2023-03-25 10:15:00,480.0000000000,38.0000000000,686.5453000000,53.4000000000
2023-03-25 10:30:00,500.0000000000,38.0000000000,721.5739000000,55.7000000000
2023-03-25 10:45:00,516.0000000000,41.0000000000,754.7513000000,57.2000000000
2023-03-25 11:00:00,540.0000000000,41.0000000000,784.0129000000,58.3833400000
2023-03-25 11:15:00,552.0000000000,42.0000000000,814.3426000000,59.0833300000
2023-03-25 11:30:00,560.0000000000,42.0000000000,826.9443000000,60.0000000000
2023-03-25 11:45:00,564.0000000000,42.0000000000,836.3422000000,60.2500000000
2023-03-25 12:00:00,564.0000000000,43.0000000000,840.2580000000,60.6833300000
2023-03-25 12:15:00,556.0000000000,43.0000000000,833.2096000000,61.1333400000
2023-03-25 12:30:00,556.0000000000,45.0000000000,834.4911000000,61.4000000000
2023-03-25 12:45:00,564.0000000000,44.0000000000,844.2450000000,62.5000000000
2023-03-25 13:00:00,528.0000000000,45.0000000000,801.4561000000,61.7666700000
2023-03-25 13:15:00,520.0000000000,45.0000000000,772.8351000000,60.3333300000
2023-03-25 13:30:00,496.0000000000,46.0000000000,747.9877000000,60.0333300000
2023-03-25 13:45:00,484.0000000000,46.0000000000,725.7745000000,60.5500000000
2023-03-25 14:00:00,456.0000000000,46.0000000000,679.8529000000,58.9166700000
2023-03-25 14:15:00,432.0000000000,46.0000000000,643.6140000000,55.2666700000
2023-03-25 14:30:00,420.0000000000,46.0000000000,623.8214000000,54.6333400000
2023-03-25 14:45:00,396.0000000000,46.0000000000,585.1619000000,55.7166700000
2023-03-25 15:00:00,376.0000000000,46.0000000000,559.5312000000,54.1666700000
2023-03-25 15:15:00,348.0000000000,45.0000000000,518.5222000000,52.9000000000
2023-03-25 15:30:00,312.0000000000,46.0000000000,468.7560000000,50.8666600000
2023-03-25 15:45:00,276.0000000000,45.0000000000,416.1420000000,49.0000000000
2023-03-25 16:00:00,240.0000000000,45.0000000000,361.0361000000,47.3666600000
2023-03-25 16:15:00,200.0000000000,45.0000000000,306.1438000000,45.4000000000
2023-03-25 16:30:00,164.0000000000,44.0000000000,253.3162000000,43.7166700000
2023-03-25 16:45:00,132.0000000000,45.0000000000,207.6082000000,41.6500000000
2023-03-25 17:00:00,100.0000000000,45.0000000000,157.6284000000,39.4000000000
2023-03-25 17:15:00,68.0000000000,44.0000000000,116.9754000000,37.2666700000
2023-03-25 17:30:00,48.0000000000,44.0000000000,78.3158600000,35.3166700000
2023-03-25 17:45:00,28.0000000000,43.0000000000,46.4911400000,33.6333400000
2023-03-25 18:00:00,12.0000000000,43.0000000000,22.4980100000,31.9166700000
2023-03-25 18:15:00,4.0000000000,44.0000000000,5.6956990000,30.3666700000
2023-03-25 18:30:00,0.0000000000,43.0000000000,0.0711962400,29.0000000000
2023-03-25 18:45:00,0.0000000000,43.0000000000,0.0000000000,28.0500000000
2023-03-25 19:00:00,0.0000000000,43.0000000000,0.0000000000,26.7500000000
2023-03-25 19:15:00,0.0000000000,42.0000000000,0.0000000000,25.5000000000
2023-03-25 19:30:00,0.0000000000,42.0000000000,0.0000000000,24.8500000000
2023-03-25 19:45:00,0.0000000000,41.0000000000,0.0000000000,24.1500000000
2023-03-25 20:00:00,0.0000000000,41.0000000000,0.0000000000,23.4666700000
2023-03-25 20:15:00,0.0000000000,41.0000000000,0.0000000000,23.1000000000
2023-03-25 20:30:00,0.0000000000,40.0000000000,0.0000000000,22.8166700000
2023-03-25 20:45:00,0.0000000000,40.0000000000,0.0000000000,22.9000000000
2023-03-25 21:00:00,0.0000000000,39.0000000000,0.0000000000,23.6166700000
2023-03-25 21:15:00,0.0000000000,38.0000000000,0.0000000000,24.0833300000
2023-03-25 21:30:00,0.0000000000,40.0000000000,0.0000000000,24.4166700000
2023-03-25 21:45:00,0.0000000000,40.0000000000,0.0000000000,24.6500000000
2023-03-25 22:00:00,0.0000000000,39.0000000000,0.0000000000,24.6666700000
2023-03-25 22:15:00,0.0000000000,39.0000000000,0.0000000000,24.1000000000
2023-03-25 22:30:00,0.0000000000,39.0000000000,0.0000000000,23.5666700000
2023-03-25 22:45:00,0.0000000000,39.0000000000,0.0000000000,23.8000000000
2023-03-25 23:00:00,0.0000000000,39.0000000000,0.0000000000,23.7333300000
2023-03-25 23:15:00,0.0000000000,39.0000000000,0.0000000000,23.1166700000
2023-03-25 23:30:00,0.0000000000,38.0000000000,0.0000000000,22.6333300000
2023-03-25 23:45:00,0.0000000000,38.0000000000,0.0000000000,22.0000000000
2023-03-26 00:00:00,0.0000000000,38.0000000000,0.0000000000,21.5166700000
2023-03-26 00:15:00,0.0000000000,39.0000000000,0.0000000000,21.2166700000
2023-03-26 00:30:00,0.0000000000,38.0000000000,0.0000000000,21.2333300000
2023-03-26 00:45:00,0.0000000000,38.0000000000,0.0000000000,21.9833300000
2023-03-26 01:00:00,0.0000000000,38.0000000000,0.0000000000,22.2666700000
2023-03-26 01:15:00,0.0000000000,37.0000000000,0.0000000000,22.0333300000
2023-03-26 01:30:00,0.0000000000,38.0000000000,0.0000000000,21.4000000000
2023-03-26 01:45:00,0.0000000000,38.0000000000,0.0000000000,20.6833300000
2023-03-26 02:00:00,0.0000000000,38.0000000000,0.0000000000,19.8666700000
2023-03-26 02:15:00,0.0000000000,37.0000000000,0.0000000000,19.4166700000
2023-03-26 02:30:00,0.0000000000,37.0000000000,0.0000000000,19.4500000000
2023-03-26 02:45:00,0.0000000000,36.0000000000,0.0000000000,19.4166700000
2023-03-26 03:00:00,0.0000000000,35.0000000000,0.0000000000,19.7166700000
2023-03-26 03:15:00,0.0000000000,35.0000000000,0.0000000000,19.7333300000
2023-03-26 03:30:00,0.0000000000,36.0000000000,0.0000000000,19.4166700000
2023-03-26 03:45:00,0.0000000000,36.0000000000,0.0000000000,19.3000000000
2023-03-26 04:00:00,0.0000000000,36.0000000000,0.0000000000,18.8500000000
2023-03-26 04:15:00,0.0000000000,36.0000000000,0.0000000000,18.5000000000
2023-03-26 04:30:00,0.0000000000,35.0000000000,0.0000000000,18.3666700000
2023-03-26 04:45:00,0.0000000000,35.0000000000,0.0000000000,18.4666700000
2023-03-26 05:00:00,0.0000000000,35.0000000000,0.0000000000,18.6666700000
2023-03-26 05:15:00,0.0000000000,36.0000000000,0.0000000000,18.5000000000
2023-03-26 05:30:00,0.0000000000,36.0000000000,0.0000000000,18.1333300000
2023-03-26 05:45:00,0.0000000000,35.0000000000,0.0000000000,17.9166700000
2023-03-26 06:00:00,0.0000000000,35.0000000000,0.0000000000,17.6000000000
2023-03-26 06:15:00,4.0000000000,34.0000000000,2.3494760000,17.7333300000
2023-03-26 06:30:00,12.0000000000,35.0000000000,14.3104400000,17.7000000000
2023-03-26 06:45:00,28.0000000000,35.0000000000,37.0932400000,18.2833300000
2023-03-26 07:00:00,48.0000000000,34.0000000000,68.4195900000,19.4500000000
2023-03-26 07:15:00,72.0000000000,35.0000000000,106.2248000000,21.3333300000
2023-03-26 07:30:00,104.0000000000,34.0000000000,147.3762000000,24.1666700000
2023-03-26 07:45:00,140.0000000000,35.0000000000,194.0097000000,27.2166700000
2023-03-26 08:00:00,176.0000000000,35.0000000000,217.2909000000,30.4166700000
2023-03-26 08:15:00,216.0000000000,36.0000000000,296.3188000000,34.0666700000
2023-03-26 08:30:00,248.0000000000,37.0000000000,346.9393000000,37.4833300000
2023-03-26 08:45:00,292.0000000000,36.0000000000,406.6017000000,40.3000000000
2023-03-26 09:00:00,332.0000000000,38.0000000000,462.7043000000,42.8000000000
2023-03-26 09:15:00,368.0000000000,38.0000000000,516.8846000000,44.9666700000
2023-03-26 09:30:00,400.0000000000,39.0000000000,560.6703000000,47.7166700000
2023-03-26 09:45:00,424.0000000000,38.0000000000,603.6017000000,49.8833400000
2023-03-26 10:00:00,452.0000000000,43.0000000000,649.1672000000,51.3666600000
2023-03-26 10:15:00,484.0000000000,41.0000000000,690.1051000000,53.4833300000
2023-03-26 10:30:00,500.0000000000,40.0000000000,721.5027000000,54.7833300000
2023-03-26 10:45:00,512.0000000000,41.0000000000,747.4893000000,55.5000000000
2023-03-26 11:00:00,524.0000000000,41.0000000000,766.8547000000,57.9666700000
2023-03-26 11:15:00,548.0000000000,43.0000000000,807.2941000000,60.0666700000
2023-03-26 11:30:00,552.0000000000,43.0000000000,824.5948000000,62.0833300000
2023-03-26 11:45:00,560.0000000000,43.0000000000,831.7144000000,62.1666700000
2023-03-26 12:00:00,568.0000000000,44.0000000000,846.0248000000,62.9166700000
2023-03-26 12:15:00,556.0000000000,46.0000000000,835.3454000000,63.7166700000
2023-03-26 12:30:00,564.0000000000,44.0000000000,838.9053000000,62.4666700000
2023-03-26 12:45:00,576.0000000000,44.0000000000,859.0538000000,62.1500000000
2023-03-26 13:00:00,556.0000000000,45.0000000000,840.0444000000,62.0666700000
2023-03-26 13:15:00,532.0000000000,45.0000000000,796.6859000000,60.6666700000
2023-03-26 13:30:00,496.0000000000,45.0000000000,748.5572000000,60.8666600000
2023-03-26 13:45:00,516.0000000000,45.0000000000,761.5150000000,59.7833300000
2023-03-26 14:00:00,508.0000000000,46.0000000000,764.7188000000,59.3333300000
2023-03-26 14:15:00,484.0000000000,46.0000000000,732.4669000000,58.4833300000
2023-03-26 14:30:00,444.0000000000,46.0000000000,661.4842000000,57.6500000000
2023-03-26 14:45:00,412.0000000000,46.0000000000,622.8959000000,56.4500000000
2023-03-26 15:00:00,352.0000000000,47.0000000000,546.7871000000,54.0166700000
2023-03-26 15:15:00,332.0000000000,46.0000000000,501.3639000000,52.1666700000
2023-03-26 15:30:00,308.0000000000,46.0000000000,463.2739000000,50.5000000000
2023-03-26 15:45:00,228.0000000000,45.0000000000,340.1756000000,46.9666700000
2023-03-26 16:00:00,228.0000000000,45.0000000000,344.7322000000,45.5666700000
2023-03-26 16:15:00,208.0000000000,46.0000000000,320.9526000000,44.9833300000
2023-03-26 16:30:00,188.0000000000,46.0000000000,280.5132000000,43.9500000000
2023-03-26 16:45:00,156.0000000000,45.0000000000,245.1286000000,42.6666700000
2023-03-26 17:00:00,112.0000000000,44.0000000000,184.4695000000,40.8666600000
2023-03-26 17:15:00,76.0000000000,42.0000000000,129.2212000000,38.6666700000
2023-03-26 17:30:00,56.0000000000,44.0000000000,91.0599900000,36.6166600000
2023-03-26 17:45:00,36.0000000000,45.0000000000,58.0249300000,34.7000000000
2023-03-26 18:00:00,16.0000000000,45.0000000000,25.8442300000,32.8166700000
2023-03-26 18:15:00,4.0000000000,45.0000000000,4.4853630000,30.8666700000
2023-03-26 18:30:00,0.0000000000,45.0000000000,0.0000000000,29.5166700000
2023-03-26 18:45:00,0.0000000000,44.0000000000,0.0000000000,28.3000000000
2023-03-26 19:00:00,0.0000000000,43.0000000000,0.0000000000,26.9500000000
2023-03-26 19:15:00,0.0000000000,43.0000000000,0.0000000000,25.7333300000
2023-03-26 19:30:00,0.0000000000,42.0000000000,0.0000000000,24.7500000000
2023-03-26 19:45:00,0.0000000000,41.0000000000,0.0000000000,23.8666700000
2023-03-26 20:00:00,0.0000000000,41.0000000000,0.0000000000,23.4000000000
2023-03-26 20:15:00,0.0000000000,41.0000000000,0.0000000000,23.3000000000
2023-03-26 20:30:00,0.0000000000,41.0000000000,0.0000000000,23.3833300000
2023-03-26 20:45:00,0.0000000000,41.0000000000,0.0000000000,23.4833300000
2023-03-26 21:00:00,0.0000000000,40.0000000000,0.0000000000,23.8500000000
2023-03-26 21:15:00,0.0000000000,40.0000000000,0.0000000000,24.4500000000
2023-03-26 21:30:00,0.0000000000,40.0000000000,0.0000000000,24.8500000000
2023-03-26 21:45:00,0.0000000000,38.0000000000,0.0000000000,24.6833300000
2023-03-26 22:00:00,0.0000000000,41.0000000000,0.0000000000,23.8833300000
2023-03-26 22:15:00,0.0000000000,42.0000000000,0.0000000000,23.0333300000
2023-03-26 22:30:00,0.0000000000,37.0000000000,0.0000000000,23.1000000000
2023-03-26 22:45:00,0.0000000000,38.0000000000,0.0000000000,24.2333300000
2023-03-26 23:00:00,0.0000000000,44.0000000000,0.0000000000,24.2333300000
2023-03-26 23:15:00,0.0000000000,41.0000000000,0.0000000000,23.2666700000
2023-03-26 23:30:00,0.0000000000,40.0000000000,0.0000000000,22.3666700000
2023-03-26 23:45:00,0.0000000000,39.0000000000,0.0000000000,21.9833300000
2023-03-27 00:00:00,0.0000000000,39.0000000000,0.0000000000,21.8333300000
2023-03-27 00:15:00,0.0000000000,38.0000000000,0.0000000000,22.4166700000
2023-03-27 00:30:00,0.0000000000,37.0000000000,0.0000000000,23.1333300000
2023-03-27 00:45:00,0.0000000000,37.0000000000,0.0000000000,23.5000000000
2023-03-27 01:00:00,0.0000000000,37.0000000000,0.0000000000,23.0166700000
2023-03-27 01:15:00,0.0000000000,38.0000000000,0.0000000000,22.2666700000
2023-03-27 01:30:00,0.0000000000,38.0000000000,0.0000000000,21.5666700000
2023-03-27 01:45:00,0.0000000000,38.0000000000,0.0000000000,20.5166700000
2023-03-27 02:00:00,0.0000000000,36.0000000000,0.0000000000,19.7666700000
2023-03-27 02:15:00,0.0000000000,37.0000000000,0.0000000000,19.2333300000
2023-03-27 02:30:00,0.0000000000,37.0000000000,0.0000000000,18.7333300000
2023-03-27 02:45:00,0.0000000000,36.0000000000,0.0000000000,18.6500000000
2023-03-27 03:00:00,0.0000000000,36.0000000000,0.0000000000,18.5666700000
2023-03-27 03:15:00,0.0000000000,36.0000000000,0.0000000000,18.4833300000
2023-03-27 03:30:00,0.0000000000,37.0000000000,0.0000000000,18.3833300000
2023-03-27 03:45:00,0.0000000000,36.0000000000,0.0000000000,18.1833300000
2023-03-27 04:00:00,0.0000000000,36.0000000000,0.0000000000,18.7666700000
2023-03-27 04:15:00,0.0000000000,35.0000000000,0.0000000000,18.7666700000
2023-03-27 04:30:00,0.0000000000,35.0000000000,0.0000000000,18.5333300000
2023-03-27 04:45:00,0.0000000000,35.0000000000,0.0000000000,18.0500000000
2023-03-27 05:00:00,0.0000000000,36.0000000000,0.0000000000,17.9666700000
2023-03-27 05:15:00,0.0000000000,36.0000000000,0.0000000000,17.9833300000
2023-03-27 05:30:00,0.0000000000,36.0000000000,0.0000000000,18.1500000000
2023-03-27 05:45:00,0.0000000000,35.0000000000,0.0000000000,18.2000000000
2023-03-27 06:00:00,0.0000000000,35.0000000000,0.0000000000,17.8166700000
2023-03-27 06:15:00,2.0000000000,35.0000000000,2.3494760000,17.6166700000
2023-03-27 06:30:00,11.2000000000,35.0000000000,15.0224100000,17.5500000000
2023-03-27 06:45:00,26.8000000000,34.0000000000,37.1644400000,17.9000000000
2023-03-27 07:00:00,47.6000000000,34.0000000000,67.1380500000,19.1166700000
2023-03-27 07:15:00,72.0000000000,35.0000000000,102.2378000000,20.7333300000
2023-03-27 07:30:00,101.6000000000,35.0000000000,143.4604000000,22.7666700000
2023-03-27 07:45:00,135.6000000000,34.0000000000,190.5923000000,26.0666700000
2023-03-27 08:00:00,168.8000000000,35.0000000000,235.8019000000,29.7166700000
2023-03-27 08:15:00,204.8000000000,36.0000000000,284.6425000000,32.9166700000
2023-03-27 08:30:00,246.4000000000,36.0000000000,338.7517000000,35.3333300000
2023-03-27 08:45:00,281.6000000000,37.0000000000,394.1424000000,37.7333300000
2023-03-27 09:00:00,320.0000000000,37.0000000000,444.2645000000,40.2000000000
2023-03-27 09:15:00,352.0000000000,37.0000000000,492.3220000000,42.9833300000
2023-03-27 09:30:00,384.0000000000,38.0000000000,541.8033000000,45.9666700000
2023-03-27 09:45:00,416.0000000000,39.0000000000,584.7347000000,48.3666600000
2023-03-27 10:00:00,444.0000000000,41.0000000000,628.5204000000,50.5500000000
2023-03-27 10:15:00,464.0000000000,40.0000000000,668.6750000000,52.6333400000
2023-03-27 10:30:00,496.0000000000,41.0000000000,710.9656000000,54.0500000000
2023-03-27 10:45:00,508.0000000000,40.0000000000,735.5995000000,56.4333300000
2023-03-27 11:00:00,524.0000000000,42.0000000000,770.7704000000,57.9166700000
2023-03-27 11:15:00,536.0000000000,43.0000000000,790.4918000000,58.7666700000
2023-03-27 11:30:00,544.0000000000,42.0000000000,804.5175000000,59.6833300000
2023-03-27 11:45:00,556.0000000000,43.0000000000,828.6530000000,60.5333300000
2023-03-27 12:00:00,564.0000000000,43.0000000000,841.8243000000,60.9166700000
2023-03-27 12:15:00,576.0000000000,43.0000000000,866.8854000000,61.9333300000
2023-03-27 12:30:00,588.0000000000,43.0000000000,887.8882000000,62.3333300000
2023-03-27 12:45:00,608.0000000000,45.0000000000,919.1434000000,64.3666700000
2023-03-27 13:00:00,608.0000000000,45.0000000000,935.8033000000,67.5500000000
2023-03-27 13:15:00,588.0000000000,46.0000000000,899.5645000000,68.7833300000
2023-03-27 13:30:00,604.0000000000,46.0000000000,914.0885000000,68.5333300000
2023-03-27 13:45:00,596.0000000000,47.0000000000,910.7422000000,66.8833300000
2023-03-27 14:00:00,576.0000000000,47.0000000000,882.2637000000,63.8000000000
2023-03-27 14:15:00,540.0000000000,47.0000000000,834.9183000000,63.9500000000
2023-03-27 14:30:00,516.0000000000,48.0000000000,791.3461000000,61.5666700000
2023-03-27 14:45:00,476.0000000000,47.0000000000,730.1174000000,61.4000000000
2023-03-27 15:00:00,440.0000000000,47.0000000000,663.1218000000,59.9833300000
2023-03-27 15:15:00,404.0000000000,46.0000000000,612.0741000000,57.7666700000
2023-03-27 15:30:00,360.0000000000,47.0000000000,546.1464000000,55.1000000000
2023-03-27 15:45:00,304.0000000000,46.0000000000,469.0408000000,53.8833400000
2023-03-27 16:00:00,276.0000000000,46.0000000000,422.2649000000,51.5666700000
2023-03-27 16:15:00,248.0000000000,46.0000000000,376.3433000000,49.0500000000
2023-03-27 16:30:00,188.0000000000,46.0000000000,299.8074000000,47.2500000000
2023-03-27 16:45:00,148.0000000000,46.0000000000,235.8731000000,44.3666600000
2023-03-27 17:00:00,108.0000000000,46.0000000000,178.3466000000,42.0833300000
2023-03-27 17:15:00,56.0000000000,46.0000000000,77.0343300000,38.8666600000
2023-03-27 17:30:00,36.0000000000,46.0000000000,54.9634900000,35.7833300000
2023-03-27 17:45:00,24.0000000000,44.0000000000,39.5851100000,33.5500000000
2023-03-27 18:00:00,12.0000000000,45.0000000000,21.7860500000,31.8333300000
2023-03-27 18:15:00,4.0000000000,44.0000000000,5.6245030000,30.5833300000
2023-03-27 18:30:00,0.0000000000,44.0000000000,0.1423925000,28.9166700000
2023-03-27 18:45:00,0.0000000000,44.0000000000,0.0000000000,27.3166700000
2023-03-27 19:00:00,0.0000000000,43.0000000000,0.0000000000,25.8000000000
2023-03-27 19:15:00,0.0000000000,44.0000000000,0.0000000000,24.4500000000
2023-03-27 19:30:00,0.0000000000,42.0000000000,0.0000000000,24.3833300000
2023-03-27 19:45:00,0.0000000000,42.0000000000,0.0000000000,25.0500000000
2023-03-27 20:00:00,0.0000000000,42.0000000000,0.0000000000,25.2500000000
2023-03-27 20:15:00,0.0000000000,41.0000000000,0.0000000000,24.4666700000
2023-03-27 20:30:00,0.0000000000,41.0000000000,0.0000000000,23.4166700000
2023-03-27 20:45:00,0.0000000000,42.0000000000,0.0000000000,23.0333300000
2023-03-27 21:00:00,0.0000000000,40.0000000000,0.0000000000,22.9333300000
2023-03-27 21:15:00,0.0000000000,40.0000000000,0.0000000000,23.2166700000
2023-03-27 21:30:00,0.0000000000,40.0000000000,0.0000000000,23.6000000000
2023-03-27 21:45:00,0.0000000000,38.0000000000,0.0000000000,23.0833300000
2023-03-27 22:00:00,0.0000000000,39.0000000000,0.0000000000,23.0333300000
2023-03-27 22:15:00,0.0000000000,40.0000000000,0.0000000000,22.5833300000
2023-03-27 22:30:00,0.0000000000,39.0000000000,0.0000000000,21.9333300000
2023-03-27 22:45:00,0.0000000000,39.0000000000,0.0000000000,21.7166700000
2023-03-27 23:00:00,0.0000000000,39.0000000000,0.0000000000,21.8833300000
2023-03-27 23:15:00,0.0000000000,39.0000000000,0.0000000000,21.7500000000
2023-03-27 23:30:00,0.0000000000,39.0000000000,0.0000000000,21.0500000000
2023-03-27 23:45:00,0.0000000000,38.0000000000,0.0000000000,20.1000000000
2023-03-28 00:00:00,0.0000000000,39.0000000000,0.0000000000,19.4166700000
2023-03-28 00:15:00,0.0000000000,38.0000000000,0.0000000000,18.7166700000
2023-03-28 00:30:00,0.0000000000,38.0000000000,0.0000000000,19.4500000000
2023-03-28 00:45:00,0.0000000000,38.0000000000,0.0000000000,20.6833300000
2023-03-28 01:00:00,0.0000000000,37.0000000000,0.0000000000,20.9666700000
2023-03-28 01:15:00,0.0000000000,38.0000000000,0.0000000000,20.6500000000
2023-03-28 01:30:00,0.0000000000,37.0000000000,0.0000000000,19.6000000000
2023-03-28 01:45:00,0.0000000000,36.0000000000,0.0000000000,18.1500000000
2023-03-28 02:00:00,0.0000000000,36.0000000000,0.0000000000,17.2333300000
2023-03-28 02:15:00,0.0000000000,37.0000000000,0.0000000000,16.6166700000
2023-03-28 02:30:00,0.0000000000,36.0000000000,0.0000000000,16.3333300000
2023-03-28 02:45:00,0.0000000000,36.0000000000,0.0000000000,16.2000000000
2023-03-28 03:00:00,0.0000000000,36.0000000000,0.0000000000,16.3833300000
2023-03-28 03:15:00,0.0000000000,35.0000000000,0.0000000000,16.9666700000
2023-03-28 03:30:00,0.0000000000,35.0000000000,0.0000000000,17.7333300000
2023-03-28 03:45:00,0.0000000000,35.0000000000,0.0000000000,17.4166700000
2023-03-28 04:00:00,0.0000000000,35.0000000000,0.0000000000,17.6666700000
2023-03-28 04:15:00,0.0000000000,35.0000000000,0.0000000000,18.1333300000
2023-03-28 04:30:00,0.0000000000,34.0000000000,0.0000000000,17.2166700000
2023-03-28 04:45:00,0.0000000000,35.0000000000,0.0000000000,16.0000000000
2023-03-28 05:00:00,0.0000000000,34.0000000000,0.0000000000,15.1166700000
2023-03-28 05:15:00,0.0000000000,34.0000000000,0.0000000000,14.9000000000
2023-03-28 05:30:00,0.0000000000,34.0000000000,0.0000000000,14.7333300000
2023-03-28 05:45:00,0.0000000000,34.0000000000,0.0000000000,14.3166700000
2023-03-28 06:00:00,0.0000000000,34.0000000000,0.0000000000,14.3000000000
2023-03-28 06:15:00,3.2000000000,34.0000000000,3.0614380000,14.1166700000
2023-03-28 06:30:00,15.6000000000,33.0000000000,20.7893000000,14.0833300000
2023-03-28 06:45:00,36.0000000000,34.0000000000,50.9765100000,14.9666700000
2023-03-28 07:00:00,64.0000000000,33.0000000000,91.4159700000,17.3166700000
2023-03-28 07:15:00,98.8000000000,34.0000000000,141.4669000000,19.3666700000
2023-03-28 07:30:00,135.6000000000,34.0000000000,191.5891000000,21.8500000000
2023-03-28 07:45:00,176.0000000000,32.0000000000,247.1933000000,26.1500000000
2023-03-28 08:00:00,217.6000000000,34.0000000000,303.0112000000,30.0333300000
2023-03-28 08:15:00,264.4000000000,35.0000000000,365.5215000000,33.3166700000
2023-03-28 08:30:00,310.0000000000,36.0000000000,426.3943000000,37.0500000000
2023-03-28 08:45:00,352.4000000000,35.0000000000,488.6910000000,40.9500000000
2023-03-28 09:00:00,388.0000000000,37.0000000000,547.0718000000,44.7000000000
2023-03-28 09:15:00,432.0000000000,38.0000000000,605.7376000000,47.6500000000
2023-03-28 09:30:00,468.0000000000,38.0000000000,667.3223000000,50.4166700000
2023-03-28 09:45:00,504.0000000000,39.0000000000,713.8135000000,52.5333300000
2023-03-28 10:00:00,532.0000000000,40.0000000000,762.4405000000,54.3166700000
2023-03-28 10:15:00,560.0000000000,40.0000000000,807.2941000000,56.2833300000
2023-03-28 10:30:00,584.0000000000,41.0000000000,850.3679000000,57.4833300000
2023-03-28 10:45:00,612.0000000000,41.0000000000,888.8138000000,59.0166700000
2023-03-28 11:00:00,632.0000000000,42.0000000000,935.5897000000,62.2666700000
2023-03-28 11:15:00,648.0000000000,41.0000000000,972.4694000000,63.8333300000
2023-03-28 11:30:00,652.0000000000,43.0000000000,995.5369000000,65.9833300000
2023-03-28 11:45:00,668.0000000000,44.0000000000,1038.5390000000,68.2333300000
2023-03-28 12:00:00,680.0000000000,44.0000000000,1049.3610000000,67.1833300000
2023-03-28 12:15:00,676.0000000000,45.0000000000,1043.5940000000,65.5500000000
2023-03-28 12:30:00,672.0000000000,45.0000000000,1038.8960000000,65.2333300000
2023-03-28 12:45:00,668.0000000000,46.0000000000,1023.4460000000,65.7000000000
2023-03-28 13:00:00,660.0000000000,45.0000000000,1012.2680000000,64.7000000000
2023-03-28 13:15:00,660.0000000000,46.0000000000,1014.6180000000,65.5666700000
2023-03-28 13:30:00,636.0000000000,46.0000000000,978.3787000000,66.2833300000
2023-03-28 13:45:00,612.0000000000,47.0000000000,935.7321000000,63.5500000000
2023-03-28 14:00:00,600.0000000000,46.0000000000,905.7585000000,60.4666700000
2023-03-28 14:15:00,568.0000000000,48.0000000000,868.4517000000,59.6500000000
2023-03-28 14:30:00,548.0000000000,48.0000000000,826.3747000000,58.2333300000
2023-03-28 14:45:00,504.0000000000,47.0000000000,759.5927000000,56.2333300000
2023-03-28 15:00:00,464.0000000000,48.0000000000,700.5710000000,55.4166700000
2023-03-28 15:15:00,436.0000000000,48.0000000000,650.8760000000,53.5333300000
2023-03-28 15:30:00,380.0000000000,48.0000000000,582.3853000000,51.8833400000
2023-03-28 15:45:00,336.0000000000,48.0000000000,510.1210000000,50.2500000000
2023-03-28 16:00:00,292.0000000000,48.0000000000,435.0802000000,48.0333300000
2023-03-28 16:15:00,248.0000000000,46.0000000000,379.9031000000,45.7833300000
2023-03-28 16:30:00,212.0000000000,47.0000000000,330.2794000000,44.0500000000
2023-03-28 16:45:00,172.0000000000,48.0000000000,273.1088000000,42.2833300000
2023-03-28 17:00:00,124.0000000000,47.0000000000,207.4658000000,40.3833400000
2023-03-28 17:15:00,88.0000000000,46.0000000000,150.8648000000,38.3833400000
2023-03-28 17:30:00,52.0000000000,46.0000000000,90.4904100000,36.1500000000
2023-03-28 17:45:00,40.0000000000,45.0000000000,66.5684800000,34.0666700000
2023-03-28 18:00:00,20.0000000000,45.0000000000,35.2421400000,32.1500000000
2023-03-28 18:15:00,4.0000000000,45.0000000000,7.9739790000,30.1833300000
2023-03-28 18:30:00,0.0000000000,44.0000000000,0.2847850000,28.0500000000
2023-03-28 18:45:00,0.0000000000,44.0000000000,0.0000000000,26.8500000000
2023-03-28 19:00:00,0.0000000000,44.0000000000,0.0000000000,26.0666700000
2023-03-28 19:15:00,0.0000000000,44.0000000000,0.0000000000,25.2166700000
2023-03-28 19:30:00,0.0000000000,42.0000000000,0.0000000000,24.6000000000
2023-03-28 19:45:00,0.0000000000,43.0000000000,0.0000000000,24.3000000000
2023-03-28 20:00:00,0.0000000000,43.0000000000,0.0000000000,24.0166700000
2023-03-28 20:15:00,0.0000000000,43.0000000000,0.0000000000,23.8666700000
2023-03-28 20:30:00,0.0000000000,42.0000000000,0.0000000000,24.0166700000
2023-03-28 20:45:00,0.0000000000,42.0000000000,0.0000000000,24.4333300000
2023-03-28 21:00:00,0.0000000000,42.0000000000,0.0000000000,24.7333300000
2023-03-28 21:15:00,0.0000000000,42.0000000000,0.0000000000,24.4000000000
2023-03-28 21:30:00,0.0000000000,41.0000000000,0.0000000000,24.0666700000
2023-03-28 21:45:00,0.0000000000,42.0000000000,0.0000000000,24.3000000000
2023-03-28 22:00:00,0.0000000000,41.0000000000,0.0000000000,24.2833300000
2023-03-28 22:15:00,0.0000000000,41.0000000000,0.0000000000,23.9000000000
2023-03-28 22:30:00,0.0000000000,41.0000000000,0.0000000000,23.3000000000
2023-03-28 22:45:00,0.0000000000,41.0000000000,0.0000000000,23.0000000000
2023-03-28 23:00:00,0.0000000000,40.0000000000,0.0000000000,22.5500000000
2023-03-28 23:15:00,0.0000000000,39.0000000000,0.0000000000,22.2166700000
2023-03-28 23:30:00,0.0000000000,39.0000000000,0.0000000000,22.3000000000
2023-03-28 23:45:00,0.0000000000,39.0000000000,0.0000000000,22.5666700000
2023-03-29 00:00:00,0.0000000000,38.0000000000,0.0000000000,22.3500000000
2023-03-29 00:15:00,0.0000000000,38.0000000000,0.0000000000,21.6333300000
2023-03-29 00:30:00,0.0000000000,39.0000000000,0.0000000000,20.2833300000
2023-03-29 00:45:00,0.0000000000,38.0000000000,0.0000000000,19.4500000000
2023-03-29 01:00:00,0.0000000000,38.0000000000,0.0000000000,19.3000000000
2023-03-29 01:15:00,0.0000000000,37.0000000000,0.0000000000,19.5166700000
2023-03-29 01:30:00,0.0000000000,36.0000000000,0.0000000000,19.2166700000
2023-03-29 01:45:00,0.0000000000,36.0000000000,0.0000000000,18.2500000000
2023-03-29 02:00:00,0.0000000000,36.0000000000,0.0000000000,17.1000000000
2023-03-29 02:15:00,0.0000000000,36.0000000000,0.0000000000,16.5000000000
2023-03-29 02:30:00,0.0000000000,36.0000000000,0.0000000000,16.2333300000
2023-03-29 02:45:00,0.0000000000,36.0000000000,0.0000000000,16.2333300000
2023-03-29 03:00:00,0.0000000000,35.0000000000,0.0000000000,15.9333300000
2023-03-29 03:15:00,0.0000000000,34.0000000000,0.0000000000,15.9333300000
2023-03-29 03:30:00,0.0000000000,35.0000000000,0.0000000000,16.1333300000
2023-03-29 03:45:00,0.0000000000,35.0000000000,0.0000000000,16.4666700000
2023-03-29 04:00:00,0.0000000000,35.0000000000,0.0000000000,16.3833300000
2023-03-29 04:15:00,0.0000000000,35.0000000000,0.0000000000,16.0333300000
2023-03-29 04:30:00,0.0000000000,35.0000000000,0.0000000000,15.8333300000
2023-03-29 04:45:00,0.0000000000,34.0000000000,0.0000000000,15.4666700000
2023-03-29 05:00:00,0.0000000000,36.0000000000,0.0000000000,15.2833300000
2023-03-29 05:15:00,0.0000000000,35.0000000000,0.0000000000,15.6166700000
2023-03-29 05:30:00,0.0000000000,33.0000000000,0.0000000000,15.4666700000
2023-03-29 05:45:00,0.0000000000,35.0000000000,0.0000000000,15.3166700000
2023-03-29 06:00:00,0.0000000000,34.0000000000,0.0000000000,15.6166700000
2023-03-29 06:15:00,3.6000000000,34.0000000000,4.2005780000,16.5833300000
2023-03-29 06:30:00,15.2000000000,34.0000000000,20.3621300000,17.3500000000
2023-03-29 06:45:00,32.8000000000,34.0000000000,47.5590800000,18.2166700000
2023-03-29 07:00:00,54.8000000000,34.0000000000,81.2349100000,19.5666700000
2023-03-29 07:15:00,83.6000000000,31.0000000000,122.3151000000,21.9000000000
2023-03-29 07:30:00,116.0000000000,34.0000000000,165.4601000000,24.6000000000
2023-03-29 07:45:00,152.4000000000,34.0000000000,214.2295000000,27.3333300000
2023-03-29 08:00:00,194.0000000000,35.0000000000,269.1930000000,30.2500000000
2023-03-29 08:15:00,231.2000000000,36.0000000000,317.1792000000,32.9833300000
2023-03-29 08:30:00,276.0000000000,36.0000000000,379.9743000000,36.1833300000
2023-03-29 08:45:00,311.6000000000,37.0000000000,436.6465000000,39.6833300000
2023-03-29 09:00:00,348.0000000000,37.0000000000,482.1409000000,42.4166700000
2023-03-29 09:15:00,380.0000000000,38.0000000000,539.3115000000,44.3166700000
2023-03-29 09:30:00,416.0000000000,38.0000000000,585.7314000000,47.2500000000
2023-03-29 09:45:00,448.0000000000,39.0000000000,635.3552000000,50.4833300000
2023-03-29 10:00:00,464.0000000000,39.0000000000,657.4260000000,53.2500000000
2023-03-29 10:15:00,464.0000000000,40.0000000000,671.9501000000,55.1500000000
2023-03-29 10:30:00,472.0000000000,41.0000000000,685.4062000000,54.5333300000
2023-03-29 10:45:00,508.0000000000,41.0000000000,723.0690000000,55.1500000000
2023-03-29 11:00:00,516.0000000000,41.0000000000,755.1073000000,56.9500000000
2023-03-29 11:15:00,528.0000000000,42.0000000000,777.5341000000,58.8666600000
2023-03-29 11:30:00,532.0000000000,42.0000000000,783.3010000000,58.5666700000
2023-03-29 11:45:00,544.0000000000,43.0000000000,792.3430000000,58.1666700000
2023-03-29 12:00:00,488.0000000000,43.0000000000,723.4250000000,58.3666600000
2023-03-29 12:15:00,496.0000000000,44.0000000000,720.5771000000,57.5333300000
2023-03-29 12:30:00,516.0000000000,44.0000000000,766.4275000000,57.9000000000
2023-03-29 12:45:00,584.0000000000,44.0000000000,844.2450000000,60.6000000000
2023-03-29 13:00:00,564.0000000000,45.0000000000,861.7593000000,63.0166700000
2023-03-29 13:15:00,548.0000000000,45.0000000000,839.9732000000,62.2333300000
2023-03-29 13:30:00,532.0000000000,46.0000000000,792.9837000000,60.2166700000
2023-03-29 13:45:00,384.0000000000,46.0000000000,619.2649000000,59.3000000000
2023-03-29 14:00:00,560.0000000000,45.0000000000,789.2815000000,57.4500000000
2023-03-29 14:15:00,268.0000000000,44.0000000000,495.7394000000,55.0666700000
2023-03-29 14:30:00,388.0000000000,47.0000000000,567.1492000000,49.9166700000
2023-03-29 14:45:00,336.0000000000,47.0000000000,473.0278000000,50.6833300000
2023-03-29 15:00:00,160.0000000000,46.0000000000,221.7763000000,46.1166600000
2023-03-29 15:15:00,240.0000000000,46.0000000000,230.3198000000,43.2333300000
2023-03-29 15:30:00,284.0000000000,47.0000000000,362.6024000000,44.5833300000
2023-03-29 15:45:00,212.0000000000,47.0000000000,325.4380000000,47.3500000000
2023-03-29 16:00:00,184.0000000000,46.0000000000,278.0925000000,45.3500000000
2023-03-29 16:15:00,168.0000000000,46.0000000000,264.9212000000,44.1500000000
2023-03-29 16:30:00,116.0000000000,47.0000000000,195.3625000000,41.9333300000
2023-03-29 16:45:00,76.0000000000,46.0000000000,116.7618000000,39.4500000000
2023-03-29 17:00:00,68.0000000000,46.0000000000,102.5226000000,37.2500000000
2023-03-29 17:15:00,56.0000000000,46.0000000000,83.8691700000,35.9666700000
2023-03-29 17:30:00,40.0000000000,46.0000000000,67.4228400000,34.9000000000
2023-03-29 17:45:00,28.0000000000,47.0000000000,41.7209900000,33.4166700000
2023-03-29 18:00:00,12.0000000000,46.0000000000,22.3556200000,31.8333300000
2023-03-29 18:15:00,4.0000000000,45.0000000000,5.1973260000,30.1166700000
2023-03-29 18:30:00,0.0000000000,44.0000000000,0.0711962400,28.6833300000
2023-03-29 18:45:00,0.0000000000,43.0000000000,0.0000000000,27.4500000000
2023-03-29 19:00:00,0.0000000000,44.0000000000,0.0000000000,26.1666700000
2023-03-29 19:15:00,0.0000000000,44.0000000000,0.0000000000,25.8000000000
2023-03-29 19:30:00,0.0000000000,43.0000000000,0.0000000000,26.0833300000
2023-03-29 19:45:00,0.0000000000,42.0000000000,0.0000000000,25.8833300000
2023-03-29 20:00:00,0.0000000000,42.0000000000,0.0000000000,25.4666700000
2023-03-29 20:15:00,0.0000000000,42.0000000000,0.0000000000,25.5000000000
2023-03-29 20:30:00,0.0000000000,42.0000000000,0.0000000000,25.6500000000
2023-03-29 20:45:00,0.0000000000,42.0000000000,0.0000000000,25.6500000000
2023-03-29 21:00:00,0.0000000000,41.0000000000,0.0000000000,25.6000000000
2023-03-29 21:15:00,0.0000000000,42.0000000000,0.0000000000,25.6500000000
2023-03-29 21:30:00,0.0000000000,41.0000000000,0.0000000000,25.7666700000
2023-03-29 21:45:00,0.0000000000,41.0000000000,0.0000000000,25.6000000000
2023-03-29 22:00:00,0.0000000000,41.0000000000,0.0000000000,25.5333300000
2023-03-29 22:15:00,0.0000000000,40.0000000000,0.0000000000,25.1333300000
2023-03-29 22:30:00,0.0000000000,39.0000000000,0.0000000000,24.6833300000
2023-03-29 22:45:00,0.0000000000,40.0000000000,0.0000000000,24.1666700000
2023-03-29 23:00:00,0.0000000000,41.0000000000,0.0000000000,23.7500000000
2023-03-29 23:15:00,0.0000000000,40.0000000000,0.0000000000,23.6333300000
2023-03-29 23:30:00,0.0000000000,40.0000000000,0.0000000000,23.4500000000
2023-03-29 23:45:00,0.0000000000,40.0000000000,0.0000000000,23.0666700000
2023-03-30 00:00:00,0.0000000000,39.0000000000,0.0000000000,22.7166700000
2023-03-30 00:15:00,0.0000000000,39.0000000000,0.0000000000,22.0333300000
2023-03-30 00:30:00,0.0000000000,38.0000000000,0.0000000000,21.1666700000
2023-03-30 00:45:00,0.0000000000,39.0000000000,0.0000000000,20.5833300000
2023-03-30 01:00:00,0.0000000000,38.0000000000,0.0000000000,20.4333300000
2023-03-30 01:15:00,0.0000000000,37.0000000000,0.0000000000,19.9666700000
2023-03-30 01:30:00,0.0000000000,38.0000000000,0.0000000000,20.3166700000
2023-03-30 01:45:00,0.0000000000,37.0000000000,0.0000000000,20.8333300000
2023-03-30 02:00:00,0.0000000000,37.0000000000,0.0000000000,20.7333300000
2023-03-30 02:15:00,0.0000000000,37.0000000000,0.0000000000,20.6333300000
2023-03-30 02:30:00,0.0000000000,37.0000000000,0.0000000000,20.2666700000
2023-03-30 02:45:00,0.0000000000,37.0000000000,0.0000000000,20.2833300000
2023-03-30 03:00:00,0.0000000000,37.0000000000,0.0000000000,21.1666700000
2023-03-30 03:15:00,0.0000000000,37.0000000000,0.0000000000,20.5000000000
2023-03-30 03:30:00,0.0000000000,35.0000000000,0.0000000000,19.3666700000
2023-03-30 03:45:00,0.0000000000,36.0000000000,0.0000000000,18.5666700000
2023-03-30 04:00:00,0.0000000000,36.0000000000,0.0000000000,18.2166700000
2023-03-30 04:15:00,0.0000000000,36.0000000000,0.0000000000,17.9833300000
2023-03-30 04:30:00,0.0000000000,36.0000000000,0.0000000000,17.7166700000
2023-03-30 04:45:00,0.0000000000,35.0000000000,0.0000000000,17.4333300000
2023-03-30 05:00:00,0.0000000000,35.0000000000,0.0000000000,17.2000000000
2023-03-30 05:15:00,0.0000000000,36.0000000000,0.0000000000,17.5000000000
2023-03-30 05:30:00,0.0000000000,35.0000000000,0.0000000000,18.1833300000
2023-03-30 05:45:00,0.0000000000,35.0000000000,0.0000000000,18.5000000000
2023-03-30 06:00:00,0.0000000000,35.0000000000,0.0000000000,18.0166700000
2023-03-30 06:15:00,4.0000000000,35.0000000000,4.9125400000,17.5500000000
2023-03-30 06:30:00,15.2000000000,34.0000000000,21.1452800000,17.2500000000
2023-03-30 06:45:00,27.2000000000,34.0000000000,39.2291300000,17.7500000000
2023-03-30 07:00:00,46.8000000000,34.0000000000,66.1413000000,19.1166700000
2023-03-30 07:15:00,81.6000000000,34.0000000000,115.6939000000,21.5166700000
2023-03-30 07:30:00,108.8000000000,35.0000000000,154.9230000000,24.2666700000
2023-03-30 07:45:00,136.8000000000,35.0000000000,194.5081000000,26.9833300000
2023-03-30 08:00:00,162.4000000000,35.0000000000,227.4720000000,29.4500000000
2023-03-30 08:15:00,196.8000000000,36.0000000000,274.1767000000,31.8000000000
2023-03-30 08:30:00,222.8000000000,36.0000000000,311.9819000000,34.1166600000
2023-03-30 08:45:00,262.0000000000,36.0000000000,362.6736000000,36.3333300000
2023-03-30 09:00:00,296.0000000000,37.0000000000,413.7213000000,38.4333300000
2023-03-30 09:15:00,336.0000000000,37.0000000000,430.6660000000,40.7333300000
2023-03-30 09:30:00,364.0000000000,37.0000000000,516.3151000000,44.3166700000
2023-03-30 09:45:00,384.0000000000,39.0000000000,542.2305000000,46.9333300000
2023-03-30 10:00:00,416.0000000000,40.0000000000,584.6635000000,49.1333400000
2023-03-30 10:15:00,420.0000000000,40.0000000000,603.1746000000,50.1666700000
2023-03-30 10:30:00,432.0000000000,39.0000000000,613.7828000000,51.2333300000
2023-03-30 10:45:00,452.0000000000,43.0000000000,643.9699000000,53.1166600000
2023-03-30 11:00:00,480.0000000000,42.0000000000,675.7947000000,55.0833300000
2023-03-30 11:15:00,492.0000000000,41.0000000000,703.2053000000,55.9666700000
2023-03-30 11:30:00,496.0000000000,42.0000000000,716.0206000000,56.5666700000
2023-03-30 11:45:00,500.0000000000,42.0000000000,714.2407000000,57.9833300000
2023-03-30 12:00:00,484.0000000000,43.0000000000,705.4123000000,58.1833300000
2023-03-30 12:15:00,468.0000000000,42.0000000000,681.0632000000,57.2833300000
2023-03-30 12:30:00,472.0000000000,43.0000000000,676.7914000000,56.3666600000
2023-03-30 12:45:00,480.0000000000,42.0000000000,694.5905000000,56.1666700000
2023-03-30 13:00:00,472.0000000000,43.0000000000,689.3931000000,57.0833300000
2023-03-30 13:15:00,512.0000000000,44.0000000000,723.7098000000,57.9500000000
2023-03-30 13:30:00,512.0000000000,44.0000000000,732.7516000000,59.4666700000
2023-03-30 13:45:00,500.0000000000,44.0000000000,711.2504000000,59.1833300000
2023-03-30 14:00:00,448.0000000000,45.0000000000,657.7820000000,57.4000000000
2023-03-30 14:15:00,440.0000000000,47.0000000000,640.9086000000,56.1500000000
2023-03-30 14:30:00,400.0000000000,46.0000000000,581.6733000000,53.9166700000
2023-03-30 14:45:00,392.0000000000,46.0000000000,569.4987000000,52.9166700000
2023-03-30 15:00:00,372.0000000000,45.0000000000,538.1011000000,52.7666700000
2023-03-30 15:15:00,344.0000000000,45.0000000000,513.1824000000,52.4500000000
2023-03-30 15:30:00,304.0000000000,44.0000000000,448.5363000000,50.7666700000
2023-03-30 15:45:00,292.0000000000,47.0000000000,426.6790000000,49.7666700000
2023-03-30 16:00:00,252.0000000000,46.0000000000,368.3693000000,48.3666600000
2023-03-30 16:15:00,200.0000000000,46.0000000000,308.3509000000,46.0666700000
2023-03-30 16:30:00,156.0000000000,46.0000000000,241.2129000000,43.7000000000
2023-03-30 16:45:00,124.0000000000,50.0000000000,199.5630000000,41.5333300000
2023-03-30 17:00:00,80.0000000000,46.0000000000,137.7647000000,38.9500000000
2023-03-30 17:15:00,56.0000000000,46.0000000000,80.8077300000,36.4000000000
2023-03-30 17:30:00,40.0000000000,45.0000000000,59.4488600000,34.3666600000
2023-03-30 17:45:00,24.0000000000,45.0000000000,38.5883600000,32.5833300000
2023-03-30 18:00:00,12.0000000000,44.0000000000,17.2294900000,30.8500000000
2023-03-30 18:15:00,4.0000000000,44.0000000000,4.0581860000,29.3833300000
2023-03-30 18:30:00,0.0000000000,44.0000000000,0.0000000000,28.1166700000
2023-03-30 18:45:00,0.0000000000,43.0000000000,0.0000000000,27.0333300000
2023-03-30 19:00:00,0.0000000000,43.0000000000,0.0000000000,26.3500000000
2023-03-30 19:15:00,0.0000000000,42.0000000000,0.0000000000,25.0500000000
2023-03-30 19:30:00,0.0000000000,42.0000000000,0.0000000000,24.1833300000
2023-03-30 19:45:00,0.0000000000,41.0000000000,0.0000000000,24.6333300000
2023-03-30 20:00:00,0.0000000000,41.0000000000,0.0000000000,23.9166700000
2023-03-30 20:15:00,0.0000000000,42.0000000000,0.0000000000,23.5333300000
2023-03-30 20:30:00,0.0000000000,41.0000000000,0.0000000000,24.5166700000
2023-03-30 20:45:00,0.0000000000,42.0000000000,0.0000000000,25.1833300000
2023-03-30 21:00:00,0.0000000000,41.0000000000,0.0000000000,25.3666700000
2023-03-30 21:15:00,0.0000000000,42.0000000000,0.0000000000,25.4500000000
2023-03-30 21:30:00,0.0000000000,42.0000000000,0.0000000000,25.6833300000
2023-03-30 21:45:00,0.0000000000,40.0000000000,0.0000000000,25.7333300000
2023-03-30 22:00:00,0.0000000000,41.0000000000,0.0000000000,25.6833300000
2023-03-30 22:15:00,0.0000000000,42.0000000000,0.0000000000,25.6500000000
2023-03-30 22:30:00,0.0000000000,40.0000000000,0.0000000000,25.4333300000
2023-03-30 22:45:00,0.0000000000,40.0000000000,0.0000000000,25.0000000000
2023-03-30 23:00:00,0.0000000000,40.0000000000,0.0000000000,24.3166700000
2023-03-30 23:15:00,0.0000000000,40.0000000000,0.0000000000,23.9666700000
2023-03-30 23:30:00,0.0000000000,42.0000000000,0.0000000000,23.5166700000
2023-03-30 23:45:00,0.0000000000,45.0000000000,0.0000000000,22.7000000000
2023-03-31 00:00:00,0.0000000000,39.0000000000,0.0000000000,22.0333300000
2023-03-31 00:15:00,0.0000000000,39.0000000000,0.0000000000,21.6666700000
2023-03-31 00:30:00,0.0000000000,38.0000000000,0.0000000000,21.9333300000
2023-03-31 00:45:00,0.0000000000,38.0000000000,0.0000000000,22.0833300000
2023-03-31 01:00:00,0.0000000000,38.0000000000,0.0000000000,22.3000000000
2023-03-31 01:15:00,0.0000000000,39.0000000000,0.0000000000,22.1500000000
2023-03-31 01:30:00,0.0000000000,38.0000000000,0.0000000000,21.5166700000
2023-03-31 01:45:00,0.0000000000,38.0000000000,0.0000000000,20.8166700000
2023-03-31 02:00:00,0.0000000000,38.0000000000,0.0000000000,20.9166700000
2023-03-31 02:15:00,0.0000000000,38.0000000000,0.0000000000,21.2333300000
2023-03-31 02:30:00,0.0000000000,37.0000000000,0.0000000000,21.1500000000
2023-03-31 02:45:00,0.0000000000,36.0000000000,0.0000000000,20.8500000000
2023-03-31 03:00:00,0.0000000000,37.0000000000,0.0000000000,20.5000000000
2023-03-31 03:15:00,0.0000000000,37.0000000000,0.0000000000,20.6166700000
2023-03-31 03:30:00,0.0000000000,37.0000000000,0.0000000000,20.4333300000
2023-03-31 03:45:00,0.0000000000,36.0000000000,0.0000000000,19.9500000000
2023-03-31 04:00:00,0.0000000000,37.0000000000,0.0000000000,18.9833300000
2023-03-31 04:15:00,0.0000000000,36.0000000000,0.0000000000,18.5000000000
2023-03-31 04:30:00,0.0000000000,36.0000000000,0.0000000000,18.4666700000
2023-03-31 04:45:00,0.0000000000,36.0000000000,0.0000000000,18.2500000000
2023-03-31 05:00:00,0.0000000000,35.0000000000,0.0000000000,18.0666700000
2023-03-31 05:15:00,0.0000000000,36.0000000000,0.0000000000,17.8000000000
2023-03-31 05:30:00,0.0000000000,35.0000000000,0.0000000000,17.3833300000
2023-03-31 05:45:00,0.0000000000,37.0000000000,0.0000000000,17.0833300000
2023-03-31 06:00:00,0.0000000000,35.0000000000,0.0000000000,17.8666700000
2023-03-31 06:15:00,3.2000000000,35.0000000000,3.2750270000,18.8000000000
2023-03-31 06:30:00,12.8000000000,36.0000000000,16.3039400000,18.5666700000
2023-03-31 06:45:00,26.8000000000,35.0000000000,36.8084600000,19.0500000000
2023-03-31 07:00:00,45.2000000000,34.0000000000,61.8695300000,20.4500000000
2023-03-31 07:15:00,66.4000000000,36.0000000000,92.2703300000,22.3333300000
2023-03-31 07:30:00,90.8000000000,35.0000000000,124.9494000000,24.4000000000
2023-03-31 07:45:00,117.2000000000,35.0000000000,160.1203000000,26.6333300000
2023-03-31 08:00:00,143.2000000000,36.0000000000,194.7217000000,28.7500000000
2023-03-31 08:15:00,168.8000000000,36.0000000000,228.8959000000,30.9833300000
2023-03-31 08:30:00,199.6000000000,36.0000000000,271.6848000000,33.3666600000
2023-03-31 08:45:00,222.0000000000,36.0000000000,305.0047000000,35.9333300000
2023-03-31 09:00:00,256.0000000000,37.0000000000,348.7904000000,38.2500000000
2023-03-31 09:15:00,300.0000000000,38.0000000000,407.8832000000,40.1166600000
2023-03-31 09:30:00,336.0000000000,38.0000000000,457.3646000000,42.3166700000
2023-03-31 09:45:00,372.0000000000,38.0000000000,500.2247000000,45.5333300000
2023-03-31 10:00:00,392.0000000000,38.0000000000,537.8876000000,48.7833300000
2023-03-31 10:15:00,420.0000000000,36.0000000000,572.6313000000,50.3166700000
2023-03-31 10:30:00,424.0000000000,40.0000000000,585.3043000000,51.2333300000
2023-03-31 10:45:00,440.0000000000,41.0000000000,600.3979000000,51.9333300000
2023-03-31 11:00:00,448.0000000000,41.0000000000,614.0676000000,53.0000000000
2023-03-31 11:15:00,472.0000000000,42.0000000000,645.9635000000,54.2666700000
2023-03-31 11:30:00,456.0000000000,42.0000000000,638.7726000000,55.0666700000
2023-03-31 11:45:00,468.0000000000,42.0000000000,642.1188000000,55.9500000000
2023-03-31 12:00:00,460.0000000000,42.0000000000,641.4781000000,57.2000000000
2023-03-31 12:15:00,452.0000000000,43.0000000000,623.7502000000,56.4333300000
2023-03-31 12:30:00,452.0000000000,44.0000000000,608.3718000000,54.5333300000
2023-03-31 12:45:00,476.0000000000,45.0000000000,669.3158000000,51.2666700000
2023-03-31 13:00:00,472.0000000000,43.0000000000,660.9147000000,42.1333400000
2023-03-31 13:15:00,452.0000000000,44.0000000000,639.2710000000,48.2166700000
2023-03-31 13:30:00,432.0000000000,45.0000000000,603.4593000000,51.6333400000
2023-03-31 13:45:00,416.0000000000,45.0000000000,594.4174000000,53.8500000000
2023-03-31 14:00:00,408.0000000000,45.0000000000,572.7737000000,54.4000000000
2023-03-31 14:15:00,388.0000000000,45.0000000000,552.9100000000,53.5500000000
2023-03-31 14:30:00,372.0000000000,44.0000000000,524.1467000000,52.3166700000
2023-03-31 14:45:00,360.0000000000,45.0000000000,505.4221000000,51.1333400000
2023-03-31 15:00:00,344.0000000000,45.0000000000,487.3383000000,51.0000000000
2023-03-31 15:15:00,284.0000000000,46.0000000000,418.1355000000,50.5333300000
2023-03-31 15:30:00,252.0000000000,46.0000000000,366.7318000000,48.2000000000
2023-03-31 15:45:00,248.0000000000,45.0000000000,352.7773000000,46.5166700000
2023-03-31 16:00:00,224.0000000000,45.0000000000,323.7293000000,45.6500000000
2023-03-31 16:15:00,196.0000000000,46.0000000000,284.9273000000,44.5666700000
2023-03-31 16:30:00,164.0000000000,46.0000000000,242.7079000000,43.3166700000
2023-03-31 16:45:00,136.0000000000,45.0000000000,197.4984000000,41.4666700000
2023-03-31 17:00:00,100.0000000000,45.0000000000,153.5703000000,39.9500000000
2023-03-31 17:15:00,72.0000000000,44.0000000000,108.1471000000,38.0833300000
2023-03-31 17:30:00,48.0000000000,45.0000000000,71.9793900000,35.9666700000
2023-03-31 17:45:00,20.0000000000,45.0000000000,32.2519000000,34.0333300000
2023-03-31 18:00:00,4.0000000000,44.0000000000,3.4174190000,32.0000000000
2023-03-31 18:15:00,0.0000000000,44.0000000000,0.5695698000,30.3666700000
2023-03-31 18:30:00,0.0000000000,44.0000000000,0.0000000000,28.7666700000
2023-03-31 18:45:00,0.0000000000,44.0000000000,0.0000000000,27.1833300000
2023-03-31 19:00:00,0.0000000000,42.0000000000,0.0000000000,26.0333300000
2023-03-31 19:15:00,0.0000000000,43.0000000000,0.0000000000,25.2666700000
2023-03-31 19:30:00,0.0000000000,42.0000000000,0.0000000000,24.8333300000
2023-03-31 19:45:00,0.0000000000,42.0000000000,0.0000000000,24.2666700000
2023-03-31 20:00:00,0.0000000000,42.0000000000,0.0000000000,23.8000000000
2023-03-31 20:15:00,0.0000000000,41.0000000000,0.0000000000,23.8666700000
2023-03-31 20:30:00,0.0000000000,41.0000000000,0.0000000000,24.5666700000
2023-03-31 20:45:00,0.0000000000,40.0000000000,0.0000000000,25.0166700000
2023-03-31 21:00:00,0.0000000000,40.0000000000,0.0000000000,24.2833300000
2023-03-31 21:15:00,0.0000000000,40.0000000000,0.0000000000,23.5000000000
2023-03-31 21:30:00,0.0000000000,42.0000000000,0.0000000000,22.9666700000
2023-03-31 21:45:00,0.0000000000,42.0000000000,0.0000000000,23.4333300000
2023-03-31 22:00:00,0.0000000000,40.0000000000,0.0000000000,23.4833300000
2023-03-31 22:15:00,0.0000000000,40.0000000000,0.0000000000,23.6333300000
2023-03-31 22:30:00,0.0000000000,39.0000000000,0.0000000000,23.9333300000
2023-03-31 22:45:00,0.0000000000,39.0000000000,0.0000000000,23.9833300000
2023-03-31 23:00:00,0.0000000000,39.0000000000,0.0000000000,23.9500000000
2023-03-31 23:15:00,0.0000000000,41.0000000000,0.0000000000,23.6000000000
2023-03-31 23:30:00,0.0000000000,39.0000000000,0.0000000000,23.0500000000
2023-03-31 23:45:00,0.0000000000,39.0000000000,0.0000000000,22.3333300000
2023-04-01 00:00:00,0.0000000000,38.0000000000,0.0000000000,21.9833300000
2023-04-01 00:15:00,0.0000000000,39.0000000000,0.0000000000,21.4833300000
2023-04-01 00:30:00,0.0000000000,38.0000000000,0.0000000000,21.5000000000
2023-04-01 00:45:00,0.0000000000,38.0000000000,0.0000000000,21.4500000000
2023-04-01 01:00:00,0.0000000000,37.0000000000,0.0000000000,21.1500000000
2023-04-01 01:15:00,0.0000000000,38.0000000000,0.0000000000,20.6333300000
2023-04-01 01:30:00,0.0000000000,38.0000000000,0.0000000000,20.8333300000
2023-04-01 01:45:00,0.0000000000,37.0000000000,0.0000000000,20.8333300000
2023-04-01 02:00:00,0.0000000000,36.0000000000,0.0000000000,20.3333300000
2023-04-01 02:15:00,0.0000000000,37.0000000000,0.0000000000,20.2500000000
2023-04-01 02:30:00,0.0000000000,37.0000000000,0.0000000000,20.1833300000
2023-04-01 02:45:00,0.0000000000,37.0000000000,0.0000000000,20.6166700000
2023-04-01 03:00:00,0.0000000000,36.0000000000,0.0000000000,20.9333300000
2023-04-01 03:15:00,0.0000000000,37.0000000000,0.0000000000,20.9333300000
2023-04-01 03:30:00,0.0000000000,37.0000000000,0.0000000000,21.0333300000
2023-04-01 03:45:00,0.0000000000,37.0000000000,0.0000000000,20.6500000000
2023-04-01 04:00:00,0.0000000000,36.0000000000,0.0000000000,19.6666700000
2023-04-01 04:15:00,0.0000000000,36.0000000000,0.0000000000,19.3000000000
2023-04-01 04:30:00,0.0000000000,36.0000000000,0.0000000000,19.6166700000
2023-04-01 04:45:00,0.0000000000,36.0000000000,0.0000000000,19.7333300000
2023-04-01 05:00:00,0.0000000000,36.0000000000,0.0000000000,19.7833300000
2023-04-01 05:15:00,0.0000000000,35.0000000000,0.0000000000,19.9166700000
2023-04-01 05:30:00,0.0000000000,36.0000000000,0.0000000000,20.4833300000
2023-04-01 05:45:00,0.0000000000,36.0000000000,0.0000000000,20.5833300000
2023-04-01 06:00:00,0.0000000000,35.0000000000,0.0000000000,20.0000000000
2023-04-01 06:15:00,0.0000000000,35.0000000000,3.4886160000,19.3333300000
2023-04-01 06:30:00,16.0000000000,35.0000000000,16.6599200000,19.0333300000
2023-04-01 06:45:00,24.0000000000,35.0000000000,34.7437700000,19.3833300000
2023-04-01 07:00:00,44.0000000000,35.0000000000,59.8760400000,20.1500000000
2023-04-01 07:15:00,64.0000000000,35.0000000000,83.6555800000,21.8166700000
2023-04-01 07:30:00,80.0000000000,36.0000000000,110.9949000000,23.9166700000
2023-04-01 07:45:00,108.0000000000,36.0000000000,145.5963000000,25.9000000000
2023-04-01 08:00:00,136.0000000000,36.0000000000,183.6863000000,28.0666700000
2023-04-01 08:15:00,160.0000000000,36.0000000000,219.9252000000,30.4000000000
2023-04-01 08:30:00,192.0000000000,38.0000000000,258.3712000000,32.4833300000
2023-04-01 08:45:00,224.0000000000,36.0000000000,301.3025000000,34.4500000000
2023-04-01 09:00:00,252.0000000000,36.0000000000,341.5284000000,37.1000000000
2023-04-01 09:15:00,288.0000000000,37.0000000000,387.2363000000,39.8166700000
2023-04-01 09:30:00,324.0000000000,38.0000000000,433.5851000000,41.9500000000
2023-04-01 09:45:00,352.0000000000,38.0000000000,479.1507000000,43.7000000000
2023-04-01 10:00:00,376.0000000000,39.0000000000,512.8265000000,45.4166700000
2023-04-01 10:15:00,400.0000000000,39.0000000000,546.7159000000,47.0333300000
2023-04-01 10:30:00,424.0000000000,40.0000000000,580.4629000000,47.1166600000
2023-04-01 10:45:00,436.0000000000,41.0000000000,603.6729000000,47.9833300000
2023-04-01 11:00:00,448.0000000000,41.0000000000,622.3975000000,50.0500000000
2023-04-01 11:15:00,472.0000000000,40.0000000000,646.5330000000,51.2500000000
2023-04-01 11:30:00,472.0000000000,41.0000000000,662.4810000000,52.1333400000
2023-04-01 11:45:00,476.0000000000,42.0000000000,663.5490000000,53.4000000000
2023-04-01 12:00:00,484.0000000000,43.0000000000,681.7751000000,53.8833400000
2023-04-01 12:15:00,504.0000000000,43.0000000000,704.0596000000,54.9166700000
2023-04-01 12:30:00,500.0000000000,44.0000000000,706.0530000000,55.4333300000
2023-04-01 12:45:00,508.0000000000,44.0000000000,717.8004000000,55.7000000000
2023-04-01 13:00:00,504.0000000000,44.0000000000,709.8265000000,56.6166600000
2023-04-01 13:15:00,488.0000000000,45.0000000000,693.8073000000,57.7000000000
2023-04-01 13:30:00,464.0000000000,45.0000000000,663.9049000000,57.0500000000
2023-04-01 13:45:00,424.0000000000,44.0000000000,611.0061000000,55.8666600000
2023-04-01 14:00:00,404.0000000000,44.0000000000,574.5536000000,54.8666600000
2023-04-01 14:15:00,372.0000000000,44.0000000000,533.5446000000,53.1500000000
2023-04-01 14:30:00,348.0000000000,44.0000000000,493.3187000000,52.1500000000
2023-04-01 14:45:00,336.0000000000,45.0000000000,478.8659000000,51.7166700000
2023-04-01 15:00:00,324.0000000000,45.0000000000,458.7174000000,51.1500000000
2023-04-01 15:15:00,312.0000000000,46.0000000000,441.1319000000,50.4833300000
2023-04-01 15:30:00,284.0000000000,45.0000000000,413.4366000000,50.2833300000
2023-04-01 15:45:00,272.0000000000,45.0000000000,384.5309000000,49.5500000000
2023-04-01 16:00:00,228.0000000000,46.0000000000,335.9751000000,47.7333300000
2023-04-01 16:15:00,196.0000000000,46.0000000000,284.9985000000,45.7666700000
2023-04-01 16:30:00,164.0000000000,46.0000000000,243.4911000000,44.1333400000
2023-04-01 16:45:00,132.0000000000,46.0000000000,198.7799000000,42.3500000000
2023-04-01 17:00:00,104.0000000000,47.0000000000,154.3535000000,40.5333300000
2023-04-01 17:15:00,72.0000000000,46.0000000000,112.4901000000,38.6666700000
2023-04-01 17:30:00,56.0000000000,45.0000000000,83.0860100000,36.6833300000
2023-04-01 17:45:00,32.0000000000,46.0000000000,50.7629200000,34.7833300000
2023-04-01 18:00:00,16.0000000000,45.0000000000,24.0643300000,32.7666700000
2023-04-01 18:15:00,4.0000000000,45.0000000000,6.4076610000,31.0166700000
2023-04-01 18:30:00,0.0000000000,44.0000000000,0.2135887000,29.5500000000
2023-04-01 18:45:00,0.0000000000,43.0000000000,0.0000000000,28.1166700000
2023-04-01 19:00:00,0.0000000000,44.0000000000,0.0000000000,27.0166700000
2023-04-01 19:15:00,0.0000000000,43.0000000000,0.0000000000,26.0833300000
2023-04-01 19:30:00,0.0000000000,42.0000000000,0.0000000000,25.6833300000
2023-04-01 19:45:00,0.0000000000,42.0000000000,0.0000000000,25.6666700000
2023-04-01 20:00:00,0.0000000000,42.0000000000,0.0000000000,25.4333300000
2023-04-01 20:15:00,0.0000000000,43.0000000000,0.0000000000,24.7500000000
2023-04-01 20:30:00,0.0000000000,40.0000000000,0.0000000000,24.0833300000
2023-04-01 20:45:00,0.0000000000,41.0000000000,0.0000000000,23.7666700000
2023-04-01 21:00:00,0.0000000000,41.0000000000,0.0000000000,24.2666700000
2023-04-01 21:15:00,0.0000000000,42.0000000000,0.0000000000,25.1166700000
2023-04-01 21:30:00,0.0000000000,40.0000000000,0.0000000000,25.4500000000
2023-04-01 21:45:00,0.0000000000,40.0000000000,0.0000000000,25.4000000000
2023-04-01 22:00:00,0.0000000000,40.0000000000,0.0000000000,24.8000000000
2023-04-01 22:15:00,0.0000000000,39.0000000000,0.0000000000,24.2500000000
2023-04-01 22:30:00,0.0000000000,41.0000000000,0.0000000000,23.8000000000
2023-04-01 22:45:00,0.0000000000,43.0000000000,0.0000000000,23.8000000000
2023-04-01 23:00:00,0.0000000000,38.0000000000,0.0000000000,24.0000000000
2023-04-01 23:15:00,0.0000000000,36.0000000000,0.0000000000,24.1500000000
2023-04-01 23:30:00,0.0000000000,42.0000000000,0.0000000000,24.2166700000
2023-04-01 23:45:00,0.0000000000,35.0000000000,0.0000000000,24.3333300000
2023-04-02 00:00:00,0.0000000000,35.0000000000,0.0000000000,24.1166700000
2023-04-02 00:15:00,0.0000000000,44.0000000000,0.0000000000,23.8000000000
2023-04-02 00:30:00,0.0000000000,39.0000000000,0.0000000000,23.3500000000
2023-04-02 00:45:00,0.0000000000,40.0000000000,0.0000000000,23.1666700000
2023-04-02 01:00:00,0.0000000000,38.0000000000,0.0000000000,23.4833300000
2023-04-02 01:15:00,0.0000000000,39.0000000000,0.0000000000,23.7333300000
2023-04-02 01:30:00,0.0000000000,38.0000000000,0.0000000000,23.7500000000
2023-04-02 01:45:00,0.0000000000,39.0000000000,0.0000000000,23.2000000000
2023-04-02 02:00:00,0.0000000000,38.0000000000,0.0000000000,22.7000000000
2023-04-02 02:15:00,0.0000000000,39.0000000000,0.0000000000,22.4166700000
2023-04-02 02:30:00,0.0000000000,38.0000000000,0.0000000000,21.7000000000
2023-04-02 02:45:00,0.0000000000,38.0000000000,0.0000000000,21.1500000000
2023-04-02 03:00:00,0.0000000000,37.0000000000,0.0000000000,20.8500000000
2023-04-02 03:15:00,0.0000000000,38.0000000000,0.0000000000,21.1500000000
2023-04-02 03:30:00,0.0000000000,36.0000000000,0.0000000000,21.4333300000
2023-04-02 03:45:00,0.0000000000,37.0000000000,0.0000000000,21.6000000000
2023-04-02 04:00:00,0.0000000000,37.0000000000,0.0000000000,21.5833300000
2023-04-02 04:15:00,0.0000000000,37.0000000000,0.0000000000,21.2000000000
2023-04-02 04:30:00,0.0000000000,37.0000000000,0.0000000000,21.0666700000
2023-04-02 04:45:00,0.0000000000,36.0000000000,0.0000000000,20.7500000000
2023-04-02 05:00:00,0.0000000000,36.0000000000,0.0000000000,20.6666700000
2023-04-02 05:15:00,0.0000000000,36.0000000000,0.0000000000,20.3166700000
2023-04-02 05:30:00,0.0000000000,36.0000000000,0.0000000000,20.1500000000
2023-04-02 05:45:00,0.0000000000,36.0000000000,0.0000000000,19.4833300000
2023-04-02 06:00:00,0.0000000000,37.0000000000,0.0711962400,19.2666700000
2023-04-02 06:15:00,4.0000000000,36.0000000000,5.9804840000,19.5500000000
2023-04-02 06:30:00,20.0000000000,36.0000000000,24.1355200000,19.8500000000
2023-04-02 06:45:00,40.0000000000,36.0000000000,51.3324900000,20.4500000000
2023-04-02 07:00:00,60.0000000000,36.0000000000,83.2996000000,22.0500000000
2023-04-02 07:15:00,92.0000000000,36.0000000000,126.8717000000,24.2833300000
2023-04-02 07:30:00,132.0000000000,36.0000000000,174.7156000000,27.0166700000
2023-04-02 07:45:00,172.0000000000,36.0000000000,228.8247000000,30.0166700000
2023-04-02 08:00:00,216.0000000000,36.0000000000,284.9273000000,33.2500000000
2023-04-02 08:15:00,256.0000000000,37.0000000000,338.0397000000,36.3166700000
2023-04-02 08:30:00,296.0000000000,38.0000000000,397.9870000000,39.2833300000
2023-04-02 08:45:00,336.0000000000,38.0000000000,451.6689000000,41.9500000000
2023-04-02 09:00:00,392.0000000000,40.0000000000,523.8619000000,44.2000000000
2023-04-02 09:15:00,428.0000000000,41.0000000000,571.9906000000,46.6833300000
2023-04-02 09:30:00,468.0000000000,39.0000000000,632.5786000000,50.3833400000
2023-04-02 09:45:00,496.0000000000,41.0000000000,683.6974000000,53.5166700000
2023-04-02 10:00:00,532.0000000000,40.0000000000,737.4506000000,55.2166700000
2023-04-02 10:15:00,544.0000000000,42.0000000000,760.9454000000,57.0166700000
2023-04-02 10:30:00,576.0000000000,43.0000000000,811.5659000000,58.0000000000
2023-04-02 10:45:00,600.0000000000,44.0000000000,858.7690000000,60.5500000000
2023-04-02 11:00:00,624.0000000000,44.0000000000,896.0758000000,62.4000000000
2023-04-02 11:15:00,640.0000000000,44.0000000000,934.0234000000,62.9666700000
2023-04-02 11:30:00,652.0000000000,44.0000000000,955.8094000000,62.3166700000
2023-04-02 11:45:00,672.0000000000,44.0000000000,985.4983000000,63.9000000000
2023-04-02 12:00:00,668.0000000000,46.0000000000,986.5663000000,65.7333300000
2023-04-02 12:15:00,652.0000000000,46.0000000000,959.9388000000,64.4000000000
2023-04-02 12:30:00,656.0000000000,44.0000000000,952.1785000000,63.3833400000
2023-04-02 12:45:00,656.0000000000,46.0000000000,964.7802000000,64.1166700000
2023-04-02 13:00:00,656.0000000000,46.0000000000,963.4987000000,64.1666600000
2023-04-02 13:15:00,656.0000000000,45.0000000000,956.7350000000,62.3333300000
2023-04-02 13:30:00,660.0000000000,46.0000000000,951.9648000000,61.8333300000
2023-04-02 13:45:00,640.0000000000,47.0000000000,933.7386000000,62.2000000000
2023-04-02 14:00:00,612.0000000000,47.0000000000,900.1340000000,62.6166600000
2023-04-02 14:15:00,588.0000000000,48.0000000000,858.4130000000,63.1166600000
2023-04-02 14:30:00,560.0000000000,48.0000000000,817.8312000000,60.3666600000
2023-04-02 14:45:00,540.0000000000,48.0000000000,771.4824000000,57.9166700000
2023-04-02 15:00:00,512.0000000000,48.0000000000,731.6125000000,55.7000000000
2023-04-02 15:15:00,492.0000000000,48.0000000000,702.8492000000,54.2500000000
2023-04-02 15:30:00,460.0000000000,48.0000000000,654.1511000000,54.9000000000
2023-04-02 15:45:00,400.0000000000,48.0000000000,589.3625000000,54.2166700000
2023-04-02 16:00:00,388.0000000000,48.0000000000,552.1980000000,52.5833300000
2023-04-02 16:15:00,312.0000000000,49.0000000000,459.5005000000,50.8500000000
2023-04-02 16:30:00,272.0000000000,49.0000000000,400.1229000000,48.3500000000
2023-04-02 16:45:00,196.0000000000,49.0000000000,309.3476000000,45.5000000000
2023-04-02 17:00:00,144.0000000000,49.0000000000,227.8992000000,42.9666700000
2023-04-02 17:15:00,104.0000000000,48.0000000000,165.8872000000,40.4000000000
2023-04-02 17:30:00,76.0000000000,48.0000000000,119.4673000000,38.0166700000
2023-04-02 17:45:00,44.0000000000,47.0000000000,77.0343300000,36.0666700000
2023-04-02 18:00:00,28.0000000000,47.0000000000,43.8568800000,34.1666700000
2023-04-02 18:15:00,8.0000000000,46.0000000000,14.5952300000,32.4000000000
2023-04-02 18:30:00,0.0000000000,45.0000000000,0.8543549000,30.6500000000
2023-04-02 18:45:00,0.0000000000,45.0000000000,0.0000000000,29.0500000000
2023-04-02 19:00:00,0.0000000000,45.0000000000,0.0000000000,27.9833300000
2023-04-02 19:15:00,0.0000000000,44.0000000000,0.0000000000,27.4000000000
2023-04-02 19:30:00,0.0000000000,44.0000000000,0.0000000000,26.6166700000
2023-04-02 19:45:00,0.0000000000,43.0000000000,0.0000000000,25.7666700000
2023-04-02 20:00:00,0.0000000000,43.0000000000,0.0000000000,25.0000000000
2023-04-02 20:15:00,0.0000000000,42.0000000000,0.0000000000,24.5833300000
2023-04-02 20:30:00,0.0000000000,42.0000000000,0.0000000000,24.7000000000
2023-04-02 20:45:00,0.0000000000,42.0000000000,0.0000000000,24.6666700000
2023-04-02 21:00:00,0.0000000000,42.0000000000,0.0000000000,24.1666700000
2023-04-02 21:15:00,0.0000000000,43.0000000000,0.0000000000,23.7333300000
2023-04-02 21:30:00,0.0000000000,42.0000000000,0.0000000000,23.8166700000
2023-04-02 21:45:00,0.0000000000,40.0000000000,0.0000000000,23.9500000000
2023-04-02 22:00:00,0.0000000000,40.0000000000,0.0000000000,23.9333300000
2023-04-02 22:15:00,0.0000000000,40.0000000000,0.0000000000,24.0000000000
2023-04-02 22:30:00,0.0000000000,41.0000000000,0.0000000000,23.9166700000
2023-04-02 22:45:00,0.0000000000,41.0000000000,0.0000000000,23.8000000000
2023-04-02 23:00:00,0.0000000000,40.0000000000,0.0000000000,23.9333300000
2023-04-02 23:15:00,0.0000000000,40.0000000000,0.0000000000,23.4500000000
2023-04-02 23:30:00,0.0000000000,40.0000000000,0.0000000000,22.9833300000
2023-04-02 23:45:00,0.0000000000,40.0000000000,0.0000000000,22.6166700000
2023-04-03 00:00:00,0.0000000000,39.0000000000,0.0000000000,22.6500000000
2023-04-03 00:15:00,0.0000000000,39.0000000000,0.0000000000,22.5500000000
2023-04-03 00:30:00,0.0000000000,40.0000000000,0.0000000000,22.1500000000
2023-04-03 00:45:00,0.0000000000,39.0000000000,0.0000000000,21.6166700000
2023-04-03 01:00:00,0.0000000000,39.0000000000,0.0000000000,20.8666700000
2023-04-03 01:15:00,0.0000000000,38.0000000000,0.0000000000,20.1500000000
2023-04-03 01:30:00,0.0000000000,39.0000000000,0.0000000000,19.9666700000
2023-04-03 01:45:00,0.0000000000,38.0000000000,0.0000000000,19.9666700000
2023-04-03 02:00:00,0.0000000000,38.0000000000,0.0000000000,19.8666700000
2023-04-03 02:15:00,0.0000000000,37.0000000000,0.0000000000,19.4500000000
2023-04-03 02:30:00,0.0000000000,37.0000000000,0.0000000000,18.9833300000
2023-04-03 02:45:00,0.0000000000,38.0000000000,0.0000000000,19.3000000000
2023-04-03 03:00:00,0.0000000000,37.0000000000,0.0000000000,19.3666700000
2023-04-03 03:15:00,0.0000000000,37.0000000000,0.0000000000,19.1166700000
2023-04-03 03:30:00,0.0000000000,37.0000000000,0.0000000000,18.5500000000
2023-04-03 03:45:00,0.0000000000,37.0000000000,0.0000000000,17.8000000000
2023-04-03 04:00:00,0.0000000000,36.0000000000,0.0000000000,17.3500000000
2023-04-03 04:15:00,0.0000000000,36.0000000000,0.0000000000,17.1500000000
2023-04-03 04:30:00,0.0000000000,36.0000000000,0.0000000000,16.8666700000
2023-04-03 04:45:00,0.0000000000,36.0000000000,0.0000000000,16.7000000000
2023-04-03 05:00:00,0.0000000000,36.0000000000,0.0000000000,16.6833300000
2023-04-03 05:15:00,0.0000000000,36.0000000000,0.0000000000,16.4666700000
2023-04-03 05:30:00,0.0000000000,35.0000000000,0.0000000000,16.4000000000
2023-04-03 05:45:00,0.0000000000,35.0000000000,0.0000000000,16.6166700000
2023-04-03 06:00:00,0.4000000000,35.0000000000,0.4983737000,17.6833300000
2023-04-03 06:15:00,8.8000000000,36.0000000000,9.8250820000,18.8500000000
2023-04-03 06:30:00,28.0000000000,36.0000000000,36.8796500000,20.0833300000
2023-04-03 06:45:00,52.4000000000,36.0000000000,73.1185400000,21.3666700000
2023-04-03 07:00:00,84.0000000000,36.0000000000,115.8363000000,22.9833300000
2023-04-03 07:15:00,123.6000000000,35.0000000000,169.3759000000,25.5000000000
2023-04-03 07:30:00,166.4000000000,37.0000000000,225.1225000000,28.8833300000
2023-04-03 07:45:00,217.2000000000,36.0000000000,287.8464000000,32.2666700000
2023-04-03 08:00:00,266.4000000000,37.0000000000,349.0039000000,35.3000000000
2023-04-03 08:15:00,310.8000000000,38.0000000000,407.1000000000,38.1666700000
2023-04-03 08:30:00,354.8000000000,39.0000000000,469.1120000000,40.8000000000
2023-04-03 08:45:00,390.8000000000,39.0000000000,519.1629000000,42.7333300000
2023-04-03 09:00:00,424.0000000000,39.0000000000,564.6573000000,45.8666600000
2023-04-03 09:15:00,456.0000000000,37.0000000000,620.4040000000,49.2833300000
2023-04-03 09:30:00,492.0000000000,41.0000000000,675.1539000000,51.9333300000
2023-04-03 09:45:00,532.0000000000,42.0000000000,732.8229000000,53.8833400000
2023-04-03 10:00:00,560.0000000000,41.0000000000,777.6053000000,55.5166700000
2023-04-03 10:15:00,592.0000000000,42.0000000000,838.4069000000,56.6000000000
2023-04-03 10:30:00,620.0000000000,42.0000000000,872.2251000000,56.5500000000
2023-04-03 10:45:00,628.0000000000,43.0000000000,899.0660000000,58.2166700000
2023-04-03 11:00:00,644.0000000000,43.0000000000,922.1337000000,59.4000000000
2023-04-03 11:15:00,644.0000000000,44.0000000000,935.0914000000,60.8500000000
2023-04-03 11:30:00,652.0000000000,43.0000000000,949.6154000000,61.3500000000
2023-04-03 11:45:00,652.0000000000,44.0000000000,943.9909000000,62.3333300000
2023-04-03 12:00:00,644.0000000000,45.0000000000,942.2110000000,62.3666600000
2023-04-03 12:15:00,660.0000000000,45.0000000000,968.2689000000,62.0333300000
2023-04-03 12:30:00,664.0000000000,44.0000000000,981.2265000000,61.6333400000
2023-04-03 12:45:00,664.0000000000,46.0000000000,961.7188000000,61.4166700000
2023-04-03 13:00:00,508.0000000000,47.0000000000,680.2801000000,59.8666600000
2023-04-03 13:15:00,536.0000000000,46.0000000000,855.2804000000,57.1833300000
2023-04-03 13:30:00,448.0000000000,46.0000000000,758.5959000000,53.4833300000
2023-04-03 13:45:00,400.0000000000,48.0000000000,622.0415000000,51.0666700000
2023-04-03 14:00:00,604.0000000000,47.0000000000,901.3444000000,51.9000000000
2023-04-03 14:15:00,536.0000000000,48.0000000000,857.9147000000,53.7833300000
2023-04-03 14:30:00,516.0000000000,48.0000000000,766.3563000000,56.2833300000
2023-04-03 14:45:00,452.0000000000,48.0000000000,660.2739000000,54.3166700000
2023-04-03 15:00:00,404.0000000000,48.0000000000,541.5186000000,52.2833300000
2023-04-03 15:15:00,200.0000000000,47.0000000000,360.2530000000,48.7000000000
2023-04-03 15:30:00,168.0000000000,48.0000000000,209.3169000000,43.9000000000
2023-04-03 15:45:00,248.0000000000,45.0000000000,281.7947000000,41.4666700000
2023-04-03 16:00:00,300.0000000000,45.0000000000,445.8308000000,45.1000000000
2023-04-03 16:15:00,284.0000000000,45.0000000000,387.3075000000,46.8666600000
2023-04-03 16:30:00,244.0000000000,46.0000000000,356.6932000000,47.3166700000
2023-04-03 16:45:00,180.0000000000,47.0000000000,272.8240000000,45.0333300000
2023-04-03 17:00:00,128.0000000000,47.0000000000,196.7152000000,42.1000000000
2023-04-03 17:15:00,100.0000000000,47.0000000000,151.8616000000,39.4166700000
2023-04-03 17:30:00,76.0000000000,47.0000000000,117.6874000000,37.5833300000
2023-04-03 17:45:00,44.0000000000,46.0000000000,70.5554700000,35.9000000000
2023-04-03 18:00:00,16.0000000000,47.0000000000,30.6143900000,33.9333300000
2023-04-03 18:15:00,4.0000000000,46.0000000000,6.8348410000,31.6166700000
2023-04-03 18:30:00,0.0000000000,45.0000000000,0.2135887000,29.8333300000
2023-04-03 18:45:00,0.0000000000,45.0000000000,0.0000000000,28.4000000000
2023-04-03 19:00:00,0.0000000000,44.0000000000,0.0000000000,27.0166700000
2023-04-03 19:15:00,0.0000000000,44.0000000000,0.0000000000,26.2833300000
2023-04-03 19:30:00,0.0000000000,44.0000000000,0.0000000000,25.8666700000
2023-04-03 19:45:00,0.0000000000,43.0000000000,0.0000000000,25.3666700000
2023-04-03 20:00:00,0.0000000000,44.0000000000,0.0000000000,25.1666700000
2023-04-03 20:15:00,0.0000000000,43.0000000000,0.0000000000,25.4666700000
2023-04-03 20:30:00,0.0000000000,42.0000000000,0.0000000000,25.7000000000
2023-04-03 20:45:00,0.0000000000,42.0000000000,0.0000000000,25.6166700000
2023-04-03 21:00:00,0.0000000000,41.0000000000,0.0000000000,25.6000000000
2023-04-03 21:15:00,0.0000000000,42.0000000000,0.0000000000,25.8000000000
2023-04-03 21:30:00,0.0000000000,42.0000000000,0.0000000000,25.8166700000
2023-04-03 21:45:00,0.0000000000,41.0000000000,0.0000000000,26.0666700000
2023-04-03 22:00:00,0.0000000000,41.0000000000,0.0000000000,25.9166700000
2023-04-03 22:15:00,0.0000000000,41.0000000000,0.0000000000,25.3500000000
2023-04-03 22:30:00,0.0000000000,40.0000000000,0.0000000000,25.0166700000
2023-04-03 22:45:00,0.0000000000,41.0000000000,0.0000000000,25.0000000000
2023-04-03 23:00:00,0.0000000000,43.0000000000,0.0000000000,24.7500000000
2023-04-03 23:15:00,0.0000000000,46.0000000000,0.0000000000,24.2666700000
2023-04-03 23:30:00,0.0000000000,41.0000000000,0.0000000000,23.6333300000
2023-04-03 23:45:00,0.0000000000,41.0000000000,0.0000000000,23.2000000000
2023-04-04 00:00:00,0.0000000000,40.0000000000,0.0000000000,22.8500000000
2023-04-04 00:15:00,0.0000000000,40.0000000000,0.0000000000,22.5333300000
2023-04-04 00:30:00,0.0000000000,39.0000000000,0.0000000000,22.2666700000
2023-04-04 00:45:00,0.0000000000,39.0000000000,0.0000000000,21.9500000000
2023-04-04 01:00:00,0.0000000000,38.0000000000,0.0000000000,21.8000000000
2023-04-04 01:15:00,0.0000000000,40.0000000000,0.0000000000,21.9500000000
2023-04-04 01:30:00,0.0000000000,39.0000000000,0.0000000000,22.1833300000
2023-04-04 01:45:00,0.0000000000,38.0000000000,0.0000000000,22.3333300000
2023-04-04 02:00:00,0.0000000000,39.0000000000,0.0000000000,22.1000000000
2023-04-04 02:15:00,0.0000000000,38.0000000000,0.0000000000,21.3833300000
2023-04-04 02:30:00,0.0000000000,38.0000000000,0.0000000000,20.3333300000
2023-04-04 02:45:00,0.0000000000,38.0000000000,0.0000000000,19.4666700000
2023-04-04 03:00:00,0.0000000000,37.0000000000,0.0000000000,19.0000000000
2023-04-04 03:15:00,0.0000000000,37.0000000000,0.0000000000,18.8000000000
2023-04-04 03:30:00,0.0000000000,37.0000000000,0.0000000000,18.9500000000
2023-04-04 03:45:00,0.0000000000,37.0000000000,0.0000000000,19.0000000000
2023-04-04 04:00:00,0.0000000000,35.0000000000,0.0000000000,18.7833300000
2023-04-04 04:15:00,0.0000000000,36.0000000000,0.0000000000,18.9000000000
2023-04-04 04:30:00,0.0000000000,37.0000000000,0.0000000000,19.3666700000
2023-04-04 04:45:00,0.0000000000,37.0000000000,0.0000000000,20.0000000000
2023-04-04 05:00:00,0.0000000000,36.0000000000,0.0000000000,20.1666700000
2023-04-04 05:15:00,0.0000000000,36.0000000000,0.0000000000,19.8166700000
2023-04-04 05:30:00,0.0000000000,36.0000000000,0.0000000000,19.6666700000
2023-04-04 05:45:00,0.0000000000,36.0000000000,0.0000000000,19.2333300000
2023-04-04 06:00:00,0.4000000000,36.0000000000,0.4271775000,18.8333300000
2023-04-04 06:15:00,6.8000000000,34.0000000000,8.4011560000,18.7000000000
2023-04-04 06:30:00,21.2000000000,35.0000000000,28.5496900000,18.9833300000
2023-04-04 06:45:00,40.8000000000,36.0000000000,57.9537400000,20.0500000000
2023-04-04 07:00:00,69.6000000000,36.0000000000,97.3252500000,21.7500000000
2023-04-04 07:15:00,112.4000000000,36.0000000000,151.7904000000,24.1666700000
2023-04-04 07:30:00,158.0000000000,35.0000000000,212.7344000000,27.6500000000
2023-04-04 07:45:00,197.6000000000,36.0000000000,265.8468000000,30.8000000000
2023-04-04 08:00:00,236.8000000000,36.0000000000,315.0434000000,33.6833300000
2023-04-04 08:15:00,289.6000000000,36.0000000000,384.9581000000,36.4000000000
2023-04-04 08:30:00,333.6000000000,38.0000000000,448.1803000000,39.9000000000
2023-04-04 08:45:00,378.0000000000,39.0000000000,509.4803000000,43.7000000000
2023-04-04 09:00:00,416.0000000000,39.0000000000,561.8095000000,47.0500000000
2023-04-04 09:15:00,440.0000000000,40.0000000000,602.8897000000,48.9833300000
2023-04-04 09:30:00,480.0000000000,39.0000000000,663.5489000000,50.8166700000
2023-04-04 09:45:00,512.0000000000,40.0000000000,709.2569000000,52.6000000000
2023-04-04 10:00:00,548.0000000000,42.0000000000,762.4405000000,54.9333300000
2023-04-04 10:15:00,576.0000000000,42.0000000000,809.9996000000,56.1666700000
2023-04-04 10:30:00,580.0000000000,42.0000000000,824.8796000000,58.0333300000
2023-04-04 10:45:00,592.0000000000,43.0000000000,840.4716000000,59.4333300000
2023-04-04 11:00:00,608.0000000000,44.0000000000,871.3707000000,60.4333300000
2023-04-04 11:15:00,612.0000000000,44.0000000000,881.1246000000,61.2333300000
2023-04-04 11:30:00,624.0000000000,44.0000000000,909.5319000000,62.1166600000
2023-04-04 11:45:00,632.0000000000,44.0000000000,944.4893000000,63.9666700000
2023-04-04 12:00:00,620.0000000000,44.0000000000,917.2923000000,65.1500000000
2023-04-04 12:15:00,632.0000000000,45.0000000000,924.2695000000,63.9666700000
2023-04-04 12:30:00,640.0000000000,45.0000000000,928.8261000000,64.4333300000
2023-04-04 12:45:00,632.0000000000,46.0000000000,920.7809000000,65.2000000000
2023-04-04 13:00:00,624.0000000000,46.0000000000,912.8781000000,65.1500000000
2023-04-04 13:15:00,616.0000000000,46.0000000000,891.7328000000,61.9333300000
2023-04-04 13:30:00,620.0000000000,46.0000000000,890.8785000000,60.0166700000
2023-04-04 13:45:00,608.0000000000,46.0000000000,885.0404000000,61.1000000000
2023-04-04 14:00:00,488.0000000000,47.0000000000,767.0682000000,59.8666600000
2023-04-04 14:15:00,524.0000000000,47.0000000000,782.3754000000,55.8333300000
2023-04-04 14:30:00,532.0000000000,47.0000000000,735.8131000000,57.1166600000
2023-04-04 14:45:00,432.0000000000,47.0000000000,605.0969000000,56.0833300000
2023-04-04 15:00:00,436.0000000000,46.0000000000,669.1735000000,56.3833400000
2023-04-04 15:15:00,416.0000000000,47.0000000000,569.3563000000,55.4166700000
2023-04-04 15:30:00,412.0000000000,46.0000000000,590.6440000000,55.5333300000
2023-04-04 15:45:00,368.0000000000,47.0000000000,529.6288000000,53.4666700000
2023-04-04 16:00:00,336.0000000000,48.0000000000,485.6295000000,51.9666700000
2023-04-04 16:15:00,292.0000000000,47.0000000000,422.2649000000,47.2500000000
2023-04-04 16:30:00,232.0000000000,47.0000000000,341.0300000000,44.0666700000
2023-04-04 16:45:00,180.0000000000,48.0000000000,268.9794000000,42.4500000000
2023-04-04 17:00:00,144.0000000000,48.0000000000,214.5143000000,40.6166600000
2023-04-04 17:15:00,96.0000000000,47.0000000000,151.9327000000,38.4166700000
2023-04-04 17:30:00,60.0000000000,47.0000000000,98.2508200000,36.1833300000
2023-04-04 17:45:00,36.0000000000,47.0000000000,55.6042600000,34.1166600000
2023-04-04 18:00:00,16.0000000000,46.0000000000,25.1322700000,32.2833300000
2023-04-04 18:15:00,4.0000000000,46.0000000000,6.1940740000,30.9333300000
2023-04-04 18:30:00,0.0000000000,45.0000000000,0.1423925000,29.4500000000
2023-04-04 18:45:00,0.0000000000,46.0000000000,0.0000000000,27.4833300000
2023-04-04 19:00:00,0.0000000000,44.0000000000,0.0000000000,26.2166700000
2023-04-04 19:15:00,0.0000000000,43.0000000000,0.0000000000,25.6500000000
2023-04-04 19:30:00,0.0000000000,44.0000000000,0.0000000000,25.1000000000
2023-04-04 19:45:00,0.0000000000,43.0000000000,0.0000000000,24.9000000000
2023-04-04 20:00:00,0.0000000000,43.0000000000,0.0000000000,25.2000000000
2023-04-04 20:15:00,0.0000000000,43.0000000000,0.0000000000,25.6500000000
2023-04-04 20:30:00,0.0000000000,42.0000000000,0.0000000000,25.2833300000
2023-04-04 20:45:00,0.0000000000,42.0000000000,0.0000000000,24.4666700000
2023-04-04 21:00:00,0.0000000000,42.0000000000,0.0000000000,24.3666700000
2023-04-04 21:15:00,0.0000000000,42.0000000000,0.0000000000,24.7000000000
2023-04-04 21:30:00,0.0000000000,42.0000000000,0.0000000000,24.6833300000
2023-04-04 21:45:00,0.0000000000,42.0000000000,0.0000000000,25.2833300000
2023-04-04 22:00:00,0.0000000000,39.0000000000,0.0000000000,25.4000000000
2023-04-04 22:15:00,0.0000000000,34.0000000000,0.0000000000,25.0333300000
2023-04-04 22:30:00,0.0000000000,39.0000000000,0.0000000000,24.6333300000
2023-04-04 22:45:00,0.0000000000,40.0000000000,0.0000000000,24.3500000000
2023-04-04 23:00:00,0.0000000000,41.0000000000,0.0000000000,24.1833300000
2023-04-04 23:15:00,0.0000000000,41.0000000000,0.0000000000,23.8000000000
2023-04-04 23:30:00,0.0000000000,40.0000000000,0.0000000000,23.0833300000
2023-04-04 23:45:00,0.0000000000,40.0000000000,0.0000000000,22.8666700000
2023-04-05 00:00:00,0.0000000000,39.0000000000,0.0000000000,23.0500000000
2023-04-05 00:15:00,0.0000000000,40.0000000000,0.0000000000,22.7833300000
2023-04-05 00:30:00,0.0000000000,39.0000000000,0.0000000000,22.3500000000
2023-04-05 00:45:00,0.0000000000,39.0000000000,0.0000000000,21.7500000000
2023-04-05 01:00:00,0.0000000000,39.0000000000,0.0000000000,21.4833300000
2023-04-05 01:15:00,0.0000000000,38.0000000000,0.0000000000,21.3500000000
2023-04-05 01:30:00,0.0000000000,38.0000000000,0.0000000000,21.1000000000
2023-04-05 01:45:00,0.0000000000,38.0000000000,0.0000000000,20.6166700000
2023-04-05 02:00:00,0.0000000000,38.0000000000,0.0000000000,21.0166700000
2023-04-05 02:15:00,0.0000000000,37.0000000000,0.0000000000,20.9666700000
2023-04-05 02:30:00,0.0000000000,37.0000000000,0.0000000000,20.7833300000
2023-04-05 02:45:00,0.0000000000,37.0000000000,0.0000000000,20.5000000000
2023-04-05 03:00:00,0.0000000000,37.0000000000,0.0000000000,20.9500000000
2023-04-05 03:15:00,0.0000000000,36.0000000000,0.0000000000,20.8000000000
2023-04-05 03:30:00,0.0000000000,37.0000000000,0.0000000000,19.6166700000
2023-04-05 03:45:00,0.0000000000,36.0000000000,0.0000000000,18.5500000000
2023-04-05 04:00:00,0.0000000000,36.0000000000,0.0000000000,18.1333300000
2023-04-05 04:15:00,0.0000000000,37.0000000000,0.0000000000,17.8500000000
2023-04-05 04:30:00,0.0000000000,36.0000000000,0.0000000000,17.3666700000
2023-04-05 04:45:00,0.0000000000,36.0000000000,0.0000000000,16.8500000000
2023-04-05 05:00:00,0.0000000000,36.0000000000,0.0000000000,16.5000000000
2023-04-05 05:15:00,0.0000000000,35.0000000000,0.0000000000,16.7000000000
2023-04-05 05:30:00,0.0000000000,35.0000000000,0.0000000000,17.0666700000
2023-04-05 05:45:00,0.0000000000,36.0000000000,0.0000000000,17.1500000000
2023-04-05 06:00:00,0.4000000000,36.0000000000,0.1423925000,16.8833300000
2023-04-05 06:15:00,6.4000000000,35.0000000000,7.1196240000,17.0333300000
2023-04-05 06:30:00,18.4000000000,34.0000000000,24.2067200000,17.2333300000
2023-04-05 06:45:00,35.2000000000,35.0000000000,47.9150700000,18.4666700000
2023-04-05 07:00:00,56.4000000000,35.0000000000,77.6750900000,20.3000000000
2023-04-05 07:15:00,82.0000000000,35.0000000000,113.2732000000,22.2333300000
2023-04-05 07:30:00,114.0000000000,35.0000000000,154.5670000000,24.5500000000
2023-04-05 07:45:00,149.2000000000,36.0000000000,200.7022000000,27.0500000000
2023-04-05 08:00:00,188.0000000000,36.0000000000,249.4004000000,29.8500000000
2023-04-05 08:15:00,223.2000000000,36.0000000000,296.5323000000,33.0500000000
2023-04-05 08:30:00,258.0000000000,36.0000000000,342.6675000000,35.8166700000
2023-04-05 08:45:00,294.8000000000,37.0000000000,393.7864000000,38.4666700000
2023-04-05 09:00:00,328.0000000000,37.0000000000,438.4264000000,40.0833300000
2023-04-05 09:15:00,356.0000000000,38.0000000000,482.8528000000,41.8500000000
2023-04-05 09:30:00,392.0000000000,38.0000000000,527.6353000000,44.4333300000
2023-04-05 09:45:00,424.0000000000,39.0000000000,575.6216000000,46.3833400000
2023-04-05 10:00:00,452.0000000000,39.0000000000,621.5432000000,49.1166600000
2023-04-05 10:15:00,488.0000000000,38.0000000000,667.1087000000,50.8166700000
2023-04-05 10:30:00,520.0000000000,40.0000000000,718.9396000000,53.3333300000
2023-04-05 10:45:00,548.0000000000,41.0000000000,769.4177000000,55.9500000000
2023-04-05 11:00:00,560.0000000000,42.0000000000,791.2037000000,58.0500000000
2023-04-05 11:15:00,568.0000000000,41.0000000000,809.9996000000,58.8000000000
2023-04-05 11:30:00,572.0000000000,43.0000000000,815.9089000000,60.6166600000
2023-04-05 11:45:00,576.0000000000,43.0000000000,823.5981000000,61.8166700000
2023-04-05 12:00:00,540.0000000000,43.0000000000,791.9869000000,60.6500000000
2023-04-05 12:15:00,536.0000000000,44.0000000000,771.1265000000,60.6500000000
2023-04-05 12:30:00,548.0000000000,45.0000000000,779.5276000000,60.1333400000
2023-04-05 12:45:00,564.0000000000,44.0000000000,806.4398000000,61.0500000000
2023-04-05 13:00:00,552.0000000000,45.0000000000,802.8088000000,62.7000000000
2023-04-05 13:15:00,560.0000000000,45.0000000000,804.2327000000,64.0000000000
2023-04-05 13:30:00,560.0000000000,46.0000000000,801.8120000000,63.7666700000
2023-04-05 13:45:00,556.0000000000,47.0000000000,798.2522000000,63.4833300000
2023-04-05 14:00:00,532.0000000000,45.0000000000,771.9808000000,62.5333300000
2023-04-05 14:15:00,488.0000000000,44.0000000000,702.0661000000,60.4166700000
2023-04-05 14:30:00,460.0000000000,47.0000000000,663.8337000000,57.6666700000
2023-04-05 14:45:00,420.0000000000,46.0000000000,616.9866000000,56.0500000000
2023-04-05 15:00:00,380.0000000000,46.0000000000,550.8453000000,53.5333300000
2023-04-05 15:15:00,340.0000000000,46.0000000000,485.4872000000,51.4333300000
2023-04-05 15:30:00,316.0000000000,46.0000000000,457.3646000000,49.9833300000
2023-04-05 15:45:00,284.0000000000,46.0000000000,414.7181000000,48.5000000000
2023-04-05 16:00:00,248.0000000000,47.0000000000,357.9035000000,46.1333400000
2023-04-05 16:15:00,208.0000000000,46.0000000000,304.9335000000,44.5000000000
2023-04-05 16:30:00,180.0000000000,46.0000000000,262.7853000000,43.3333300000
2023-04-05 16:45:00,152.0000000000,45.0000000000,222.7730000000,41.6000000000
2023-04-05 17:00:00,128.0000000000,46.0000000000,188.3140000000,40.1166600000
2023-04-05 17:15:00,88.0000000000,45.0000000000,136.5544000000,38.6833300000
2023-04-05 17:30:00,56.0000000000,45.0000000000,87.8561600000,36.7500000000
2023-04-05 17:45:00,36.0000000000,46.0000000000,51.8308600000,34.7333300000
2023-04-05 18:00:00,12.0000000000,45.0000000000,24.0643300000,32.6333400000
2023-04-05 18:15:00,8.0000000000,44.0000000000,6.2652690000,30.8333300000
2023-04-05 18:30:00,0.0000000000,45.0000000000,0.2135887000,29.0833300000
2023-04-05 18:45:00,0.0000000000,43.0000000000,0.0000000000,27.5500000000
2023-04-05 19:00:00,0.0000000000,44.0000000000,0.0000000000,26.4000000000
2023-04-05 19:15:00,0.0000000000,43.0000000000,0.0000000000,25.2500000000
2023-04-05 19:30:00,0.0000000000,42.0000000000,0.0000000000,24.2000000000
2023-04-05 19:45:00,0.0000000000,43.0000000000,0.0000000000,23.3833300000
2023-04-05 20:00:00,0.0000000000,42.0000000000,0.0000000000,22.8500000000
2023-04-05 20:15:00,0.0000000000,42.0000000000,0.0000000000,22.4166700000
2023-04-05 20:30:00,0.0000000000,42.0000000000,0.0000000000,23.2166700000
2023-04-05 20:45:00,0.0000000000,42.0000000000,0.0000000000,24.2666700000
2023-04-05 21:00:00,0.0000000000,41.0000000000,0.0000000000,25.3833300000
2023-04-05 21:15:00,0.0000000000,40.0000000000,0.0000000000,25.3333300000
2023-04-05 21:30:00,0.0000000000,40.0000000000,0.0000000000,24.3666700000
2023-04-05 21:45:00,0.0000000000,40.0000000000,0.0000000000,23.6000000000
2023-04-05 22:00:00,0.0000000000,43.0000000000,0.0000000000,23.0333300000
2023-04-05 22:15:00,0.0000000000,39.0000000000,0.0000000000,22.2500000000
2023-04-05 22:30:00,0.0000000000,39.0000000000,0.0000000000,21.6500000000
2023-04-05 22:45:00,0.0000000000,41.0000000000,0.0000000000,22.6500000000
2023-04-05 23:00:00,0.0000000000,39.0000000000,0.0000000000,23.1833300000
2023-04-05 23:15:00,0.0000000000,38.0000000000,0.0000000000,22.5333300000
2023-04-05 23:30:00,0.0000000000,38.0000000000,0.0000000000,21.8500000000
2023-04-05 23:45:00,0.0000000000,39.0000000000,0.0000000000,21.7666700000
2023-04-06 00:00:00,0.0000000000,38.0000000000,0.0000000000,21.8000000000
2023-04-06 00:15:00,0.0000000000,38.0000000000,0.0000000000,21.8333300000
2023-04-06 00:30:00,0.0000000000,38.0000000000,0.0000000000,21.1666700000
2023-04-06 00:45:00,0.0000000000,38.0000000000,0.0000000000,20.2000000000
2023-04-06 01:00:00,0.0000000000,38.0000000000,0.0000000000,19.3000000000
2023-04-06 01:15:00,0.0000000000,38.0000000000,0.0000000000,18.8500000000
2023-04-06 01:30:00,0.0000000000,37.0000000000,0.0000000000,18.5166700000
2023-04-06 01:45:00,0.0000000000,37.0000000000,0.0000000000,18.3166700000
2023-04-06 02:00:00,0.0000000000,37.0000000000,0.0000000000,18.1000000000
2023-04-06 02:15:00,0.0000000000,37.0000000000,0.0000000000,17.8666700000
2023-04-06 02:30:00,0.0000000000,36.0000000000,0.0000000000,18.2666700000
2023-04-06 02:45:00,0.0000000000,36.0000000000,0.0000000000,18.1500000000
2023-04-06 03:00:00,0.0000000000,36.0000000000,0.0000000000,17.9833300000
2023-04-06 03:15:00,0.0000000000,36.0000000000,0.0000000000,17.8500000000
2023-04-06 03:30:00,0.0000000000,36.0000000000,0.0000000000,17.6166700000
2023-04-06 03:45:00,0.0000000000,36.0000000000,0.0000000000,17.5166700000
2023-04-06 04:00:00,0.0000000000,36.0000000000,0.0000000000,17.6000000000
2023-04-06 04:15:00,0.0000000000,36.0000000000,0.0000000000,17.7166700000
2023-04-06 04:30:00,0.0000000000,35.0000000000,0.0000000000,18.2833300000
2023-04-06 04:45:00,0.0000000000,35.0000000000,0.0000000000,18.5333300000
2023-04-06 05:00:00,0.0000000000,34.0000000000,0.0000000000,18.0500000000
2023-04-06 05:15:00,0.0000000000,36.0000000000,0.0000000000,17.5833300000
2023-04-06 05:30:00,0.0000000000,36.0000000000,0.0000000000,17.4833300000
2023-04-06 05:45:00,0.0000000000,35.0000000000,0.0000000000,17.9833300000
2023-04-06 06:00:00,0.0000000000,34.0000000000,0.2135887000,17.9833300000
2023-04-06 06:15:00,4.0000000000,34.0000000000,5.7668950000,17.9500000000
2023-04-06 06:30:00,20.0000000000,34.0000000000,22.2844200000,18.4666700000
2023-04-06 06:45:00,32.0000000000,35.0000000000,44.5688500000,19.5000000000
2023-04-06 07:00:00,52.0000000000,34.0000000000,71.5522200000,20.5500000000
2023-04-06 07:15:00,76.0000000000,35.0000000000,103.3769000000,22.0333300000
2023-04-06 07:30:00,100.0000000000,35.0000000000,137.6223000000,24.1333300000
2023-04-06 07:45:00,132.0000000000,36.0000000000,177.1362000000,26.6000000000
2023-04-06 08:00:00,160.0000000000,35.0000000000,215.7958000000,29.0500000000
2023-04-06 08:15:00,192.0000000000,36.0000000000,260.8630000000,31.6666700000
2023-04-06 08:30:00,228.0000000000,36.0000000000,304.7199000000,34.3666600000
2023-04-06 08:45:00,260.0000000000,37.0000000000,351.3535000000,36.6666700000
2023-04-06 09:00:00,292.0000000000,39.0000000000,394.8543000000,39.0833300000
2023-04-06 09:15:00,324.0000000000,37.0000000000,440.2775000000,41.2333300000
2023-04-06 09:30:00,356.0000000000,38.0000000000,479.2930000000,43.1166600000
2023-04-06 09:45:00,376.0000000000,38.0000000000,513.0401000000,45.2500000000
2023-04-06 10:00:00,392.0000000000,40.0000000000,542.8713000000,47.2333300000
2023-04-06 10:15:00,408.0000000000,39.0000000000,562.0943000000,47.9333300000
2023-04-06 10:30:00,424.0000000000,41.0000000000,588.5081000000,48.4500000000
2023-04-06 10:45:00,440.0000000000,41.0000000000,614.4235000000,49.0833300000
2023-04-06 11:00:00,460.0000000000,42.0000000000,642.5460000000,50.0666700000
2023-04-06 11:15:00,468.0000000000,42.0000000000,658.0668000000,51.3833400000
2023-04-06 11:30:00,480.0000000000,42.0000000000,673.1605000000,52.1500000000
2023-04-06 11:45:00,480.0000000000,43.0000000000,674.7267000000,52.9833300000
2023-04-06 12:00:00,460.0000000000,44.0000000000,657.4261000000,54.2333300000
2023-04-06 12:15:00,468.0000000000,45.0000000000,663.4777000000,54.6500000000
2023-04-06 12:30:00,456.0000000000,44.0000000000,651.6592000000,55.9666700000
2023-04-06 12:45:00,452.0000000000,44.0000000000,646.3195000000,56.3333300000
2023-04-06 13:00:00,452.0000000000,44.0000000000,642.4749000000,55.9333300000
2023-04-06 13:15:00,432.0000000000,45.0000000000,622.2551000000,55.0666700000
2023-04-06 13:30:00,416.0000000000,45.0000000000,599.7571000000,55.0000000000
2023-04-06 13:45:00,388.0000000000,44.0000000000,563.4470000000,54.7833300000
2023-04-06 14:00:00,364.0000000000,45.0000000000,530.8391000000,54.0000000000
2023-04-06 14:15:00,336.0000000000,46.0000000000,493.6747000000,53.4333300000
2023-04-06 14:30:00,296.0000000000,46.0000000000,438.4976000000,51.6166600000
2023-04-06 14:45:00,284.0000000000,46.0000000000,410.5887000000,49.4666700000
2023-04-06 15:00:00,264.0000000000,46.0000000000,387.0227000000,48.2000000000
2023-04-06 15:15:00,252.0000000000,45.0000000000,361.9617000000,47.5666700000
2023-04-06 15:30:00,224.0000000000,43.0000000000,328.7842000000,47.4500000000
2023-04-06 15:45:00,204.0000000000,45.0000000000,297.8850000000,45.8500000000
2023-04-06 16:00:00,196.0000000000,46.0000000000,282.7202000000,44.6500000000
2023-04-06 16:15:00,188.0000000000,46.0000000000,269.9049000000,44.0833300000
2023-04-06 16:30:00,156.0000000000,46.0000000000,232.6693000000,43.2500000000
2023-04-06 16:45:00,124.0000000000,45.0000000000,182.9743000000,41.4500000000
2023-04-06 17:00:00,88.0000000000,46.0000000000,137.9783000000,39.1500000000
2023-04-06 17:15:00,60.0000000000,44.0000000000,94.3350100000,36.9833300000
2023-04-06 17:30:00,36.0000000000,43.0000000000,59.6624500000,35.1000000000
2023-04-06 17:45:00,24.0000000000,45.0000000000,36.9508500000,33.1500000000
2023-04-06 18:00:00,12.0000000000,45.0000000000,17.7278600000,31.1500000000
2023-04-06 18:15:00,4.0000000000,45.0000000000,5.9092870000,29.2500000000
2023-04-06 18:30:00,0.0000000000,45.0000000000,0.2135887000,27.3833300000
2023-04-06 18:45:00,0.0000000000,45.0000000000,0.0000000000,26.6000000000
2023-04-06 19:00:00,0.0000000000,44.0000000000,0.0000000000,26.0833300000
2023-04-06 19:15:00,0.0000000000,44.0000000000,0.0000000000,25.7333300000
2023-04-06 19:30:00,0.0000000000,43.0000000000,0.0000000000,24.7500000000
2023-04-06 19:45:00,0.0000000000,43.0000000000,0.0000000000,23.8833300000
2023-04-06 20:00:00,0.0000000000,43.0000000000,0.0000000000,23.5500000000
2023-04-06 20:15:00,0.0000000000,41.0000000000,0.0000000000,23.4500000000
2023-04-06 20:30:00,0.0000000000,41.0000000000,0.0000000000,23.4833300000
2023-04-06 20:45:00,0.0000000000,40.0000000000,0.0000000000,24.3000000000
2023-04-06 21:00:00,0.0000000000,40.0000000000,0.0000000000,24.6666700000
2023-04-06 21:15:00,0.0000000000,36.0000000000,0.0000000000,24.1833300000
2023-04-06 21:30:00,0.0000000000,47.0000000000,0.0000000000,24.4166700000
2023-04-06 21:45:00,0.0000000000,41.0000000000,0.0000000000,24.9333300000
2023-04-06 22:00:00,0.0000000000,40.0000000000,0.0000000000,24.2666700000
2023-04-06 22:15:00,0.0000000000,39.0000000000,0.0000000000,23.9333300000
2023-04-06 22:30:00,0.0000000000,39.0000000000,0.0000000000,23.3500000000
2023-04-06 22:45:00,0.0000000000,39.0000000000,0.0000000000,23.2000000000
2023-04-06 23:00:00,0.0000000000,39.0000000000,0.0000000000,23.2666700000
2023-04-06 23:15:00,0.0000000000,40.0000000000,0.0000000000,23.3500000000
2023-04-06 23:30:00,0.0000000000,39.0000000000,0.0000000000,22.5666700000
2023-04-06 23:45:00,0.0000000000,38.0000000000,0.0000000000,22.1166700000
2023-04-07 00:00:00,0.0000000000,39.0000000000,0.0000000000,22.2166700000
2023-04-07 00:15:00,0.0000000000,39.0000000000,0.0000000000,22.3666700000
2023-04-07 00:30:00,0.0000000000,39.0000000000,0.0000000000,21.8833300000
2023-04-07 00:45:00,0.0000000000,38.0000000000,0.0000000000,21.2166700000
2023-04-07 01:00:00,0.0000000000,37.0000000000,0.0000000000,20.8666700000
2023-04-07 01:15:00,0.0000000000,37.0000000000,0.0000000000,20.4500000000
2023-04-07 01:30:00,0.0000000000,38.0000000000,0.0000000000,20.1666700000
2023-04-07 01:45:00,0.0000000000,37.0000000000,0.0000000000,20.3500000000
2023-04-07 02:00:00,0.0000000000,37.0000000000,0.0000000000,20.1333300000
2023-04-07 02:15:00,0.0000000000,37.0000000000,0.0000000000,20.0500000000
2023-04-07 02:30:00,0.0000000000,38.0000000000,0.0000000000,20.4000000000
2023-04-07 02:45:00,0.0000000000,37.0000000000,0.0000000000,20.4833300000
2023-04-07 03:00:00,0.0000000000,36.0000000000,0.0000000000,19.9833300000
2023-04-07 03:15:00,0.0000000000,36.0000000000,0.0000000000,20.1500000000
2023-04-07 03:30:00,0.0000000000,36.0000000000,0.0000000000,20.8500000000
2023-04-07 03:45:00,0.0000000000,37.0000000000,0.0000000000,21.4333300000
2023-04-07 04:00:00,0.0000000000,36.0000000000,0.0000000000,21.9000000000
2023-04-07 04:15:00,0.0000000000,36.0000000000,0.0000000000,21.9166700000
2023-04-07 04:30:00,0.0000000000,36.0000000000,0.0000000000,21.8000000000
2023-04-07 04:45:00,0.0000000000,36.0000000000,0.0000000000,21.5500000000
2023-04-07 05:00:00,0.0000000000,36.0000000000,0.0000000000,21.1666700000
2023-04-07 05:15:00,0.0000000000,36.0000000000,0.0000000000,20.3833300000
2023-04-07 05:30:00,0.0000000000,36.0000000000,0.0000000000,19.6000000000
2023-04-07 05:45:00,0.0000000000,36.0000000000,0.0000000000,19.0000000000
2023-04-07 06:00:00,0.4000000000,36.0000000000,0.1423925000,18.8500000000
2023-04-07 06:15:00,5.6000000000,36.0000000000,6.4788580000,19.0500000000
2023-04-07 06:30:00,12.4000000000,35.0000000000,17.3006900000,19.5500000000
2023-04-07 06:45:00,30.0000000000,36.0000000000,39.9410900000,20.2666700000
2023-04-07 07:00:00,47.6000000000,36.0000000000,65.5005400000,21.8500000000
2023-04-07 07:15:00,65.6000000000,35.0000000000,91.5583600000,23.5333300000
2023-04-07 07:30:00,85.2000000000,36.0000000000,119.3249000000,25.3000000000
2023-04-07 07:45:00,112.4000000000,36.0000000000,155.4926000000,27.0666700000
2023-04-07 08:00:00,141.6000000000,36.0000000000,194.2945000000,29.2500000000
2023-04-07 08:15:00,171.6000000000,37.0000000000,235.1611000000,31.7833300000
2023-04-07 08:30:00,203.6000000000,37.0000000000,277.3806000000,34.4000000000
2023-04-07 08:45:00,234.4000000000,36.0000000000,321.8070000000,36.9000000000
2023-04-07 09:00:00,264.0000000000,37.0000000000,359.2562000000,38.8000000000
2023-04-07 09:15:00,288.0000000000,38.0000000000,396.5630000000,40.8166700000
2023-04-07 09:30:00,312.0000000000,38.0000000000,433.7987000000,42.4166700000
2023-04-07 09:45:00,344.0000000000,39.0000000000,473.6686000000,44.6833300000
2023-04-07 10:00:00,360.0000000000,39.0000000000,500.5807000000,46.7000000000
2023-04-07 10:15:00,384.0000000000,41.0000000000,530.1984000000,48.0500000000
2023-04-07 10:30:00,396.0000000000,40.0000000000,558.6769000000,49.4166700000
2023-04-07 10:45:00,412.0000000000,40.0000000000,578.8966000000,50.7166700000
2023-04-07 11:00:00,424.0000000000,42.0000000000,597.5500000000,51.8000000000
2023-04-07 11:15:00,440.0000000000,42.0000000000,619.1937000000,53.2333300000
2023-04-07 11:30:00,452.0000000000,42.0000000000,639.4846000000,54.6500000000
2023-04-07 11:45:00,452.0000000000,43.0000000000,650.3776000000,56.6500000000
2023-04-07 12:00:00,468.0000000000,43.0000000000,665.3288000000,56.5833300000
2023-04-07 12:15:00,464.0000000000,43.0000000000,656.7853000000,56.2666700000
2023-04-07 12:30:00,460.0000000000,44.0000000000,665.2576000000,56.7833300000
2023-04-07 12:45:00,456.0000000000,44.0000000000,647.6722000000,56.7000000000
2023-04-07 13:00:00,436.0000000000,45.0000000000,616.3458000000,56.9833300000
2023-04-07 13:15:00,452.0000000000,46.0000000000,633.2905000000,56.9833300000
2023-04-07 13:30:00,432.0000000000,46.0000000000,630.9410000000,57.2000000000
2023-04-07 13:45:00,460.0000000000,45.0000000000,656.0733000000,57.4333300000
2023-04-07 14:00:00,444.0000000000,45.0000000000,636.7079000000,57.5666700000
2023-04-07 14:15:00,380.0000000000,47.0000000000,552.3404000000,57.3833400000
2023-04-07 14:30:00,400.0000000000,45.0000000000,574.8384000000,56.0000000000
2023-04-07 14:45:00,352.0000000000,47.0000000000,518.1663000000,55.2666700000
2023-04-07 15:00:00,340.0000000000,47.0000000000,478.7235000000,53.7000000000
2023-04-07 15:15:00,324.0000000000,47.0000000000,473.2414000000,53.4333300000
2023-04-07 15:30:00,276.0000000000,47.0000000000,404.6082000000,52.6833300000
2023-04-07 15:45:00,248.0000000000,46.0000000000,366.5182000000,51.1500000000
2023-04-07 16:00:00,216.0000000000,47.0000000000,318.9591000000,49.0666700000
2023-04-07 16:15:00,176.0000000000,46.0000000000,263.0701000000,46.8000000000
2023-04-07 16:30:00,152.0000000000,47.0000000000,231.5302000000,44.9666700000
2023-04-07 16:45:00,120.0000000000,46.0000000000,173.1493000000,43.2333300000
2023-04-07 17:00:00,76.0000000000,46.0000000000,117.2602000000,41.1833300000
2023-04-07 17:15:00,56.0000000000,46.0000000000,85.0795100000,38.8500000000
2023-04-07 17:30:00,44.0000000000,46.0000000000,63.7918300000,37.0000000000
2023-04-07 17:45:00,28.0000000000,45.0000000000,41.6498000000,35.3500000000
2023-04-07 18:00:00,16.0000000000,45.0000000000,23.5659600000,33.7166700000
2023-04-07 18:15:00,4.0000000000,44.0000000000,9.2555110000,32.1833300000
2023-04-07 18:30:00,0.0000000000,46.0000000000,0.4271775000,30.6500000000
2023-04-07 18:45:00,0.0000000000,45.0000000000,0.0000000000,29.5333300000
2023-04-07 19:00:00,0.0000000000,45.0000000000,0.0000000000,28.6833300000
2023-04-07 19:15:00,0.0000000000,45.0000000000,0.0000000000,28.5500000000
2023-04-07 19:30:00,0.0000000000,45.0000000000,0.0000000000,28.6000000000
2023-04-07 19:45:00,0.0000000000,44.0000000000,0.0000000000,28.4500000000
2023-04-07 20:00:00,0.0000000000,44.0000000000,0.0000000000,28.1833300000
2023-04-07 20:15:00,0.0000000000,43.0000000000,0.0000000000,28.3166700000
2023-04-07 20:30:00,0.0000000000,43.0000000000,0.0000000000,28.7000000000
2023-04-07 20:45:00,0.0000000000,41.0000000000,0.0000000000,28.6333300000
2023-04-07 21:00:00,0.0000000000,42.0000000000,0.0000000000,27.5333300000
2023-04-07 21:15:00,0.0000000000,42.0000000000,0.0000000000,27.0000000000
2023-04-07 21:30:00,0.0000000000,42.0000000000,0.0000000000,26.4833300000
2023-04-07 21:45:00,0.0000000000,41.0000000000,0.0000000000,26.2000000000
2023-04-07 22:00:00,0.0000000000,42.0000000000,0.0000000000,26.3000000000
2023-04-07 22:15:00,0.0000000000,42.0000000000,0.0000000000,26.3500000000
2023-04-07 22:30:00,0.0000000000,42.0000000000,0.0000000000,26.3000000000
2023-04-07 22:45:00,0.0000000000,41.0000000000,0.0000000000,26.0833300000
2023-04-07 23:00:00,0.0000000000,41.0000000000,0.0000000000,25.9333300000
2023-04-07 23:15:00,0.0000000000,41.0000000000,0.0000000000,25.5500000000
2023-04-07 23:30:00,0.0000000000,40.0000000000,0.0000000000,24.9833300000
2023-04-07 23:45:00,0.0000000000,40.0000000000,0.0000000000,24.2500000000
2023-04-08 00:00:00,0.0000000000,40.0000000000,0.0000000000,23.8333300000
2023-04-08 00:15:00,0.0000000000,41.0000000000,0.0000000000,23.5000000000
2023-04-08 00:30:00,0.0000000000,40.0000000000,0.0000000000,23.3000000000
2023-04-08 00:45:00,0.0000000000,41.0000000000,0.0000000000,23.0166700000
2023-04-08 01:00:00,0.0000000000,40.0000000000,0.0000000000,22.7666700000
2023-04-08 01:15:00,0.0000000000,39.0000000000,0.0000000000,22.7833300000
2023-04-08 01:30:00,0.0000000000,39.0000000000,0.0000000000,22.7166700000
2023-04-08 01:45:00,0.0000000000,39.0000000000,0.0000000000,22.5500000000
2023-04-08 02:00:00,0.0000000000,39.0000000000,0.0000000000,22.4500000000
2023-04-08 02:15:00,0.0000000000,39.0000000000,0.0000000000,23.0500000000
2023-04-08 02:30:00,0.0000000000,38.0000000000,0.0000000000,22.7666700000
2023-04-08 02:45:00,0.0000000000,39.0000000000,0.0000000000,22.6000000000
2023-04-08 03:00:00,0.0000000000,38.0000000000,0.0000000000,22.2166700000
2023-04-08 03:15:00,0.0000000000,38.0000000000,0.0000000000,21.6666700000
2023-04-08 03:30:00,0.0000000000,38.0000000000,0.0000000000,21.2500000000
2023-04-08 03:45:00,0.0000000000,37.0000000000,0.0000000000,21.0166700000
2023-04-08 04:00:00,0.0000000000,37.0000000000,0.0000000000,21.5166700000
2023-04-08 04:15:00,0.0000000000,38.0000000000,0.0000000000,21.9833300000
2023-04-08 04:30:00,0.0000000000,37.0000000000,0.0000000000,21.9333300000
2023-04-08 04:45:00,0.0000000000,38.0000000000,0.0000000000,21.1666700000
2023-04-08 05:00:00,0.0000000000,37.0000000000,0.0000000000,20.5500000000
2023-04-08 05:15:00,0.0000000000,37.0000000000,0.0000000000,20.1166700000
2023-04-08 05:30:00,0.0000000000,38.0000000000,0.0000000000,19.8166700000
2023-04-08 05:45:00,0.0000000000,38.0000000000,0.0000000000,19.7000000000
2023-04-08 06:00:00,0.0000000000,37.0000000000,0.4271775000,19.8666700000
2023-04-08 06:15:00,8.0000000000,37.0000000000,9.9674730000,20.3000000000
2023-04-08 06:30:00,20.0000000000,37.0000000000,25.6306500000,20.4833300000
2023-04-08 06:45:00,32.0000000000,36.0000000000,42.0057800000,21.3666700000
2023-04-08 07:00:00,40.0000000000,36.0000000000,56.6722000000,22.7000000000
2023-04-08 07:15:00,72.0000000000,37.0000000000,97.2540500000,24.0166700000
2023-04-08 07:30:00,116.0000000000,37.0000000000,153.7127000000,26.6000000000
2023-04-08 07:45:00,140.0000000000,37.0000000000,189.5244000000,29.7333300000
2023-04-08 08:00:00,188.0000000000,38.0000000000,251.1091000000,32.6833300000
2023-04-08 08:15:00,180.0000000000,39.0000000000,255.8081000000,35.1333400000
2023-04-08 08:30:00,152.0000000000,39.0000000000,200.4174000000,35.0166700000
2023-04-08 08:45:00,216.0000000000,38.0000000000,274.1055000000,35.3500000000
2023-04-08 09:00:00,272.0000000000,39.0000000000,381.3270000000,38.3000000000
2023-04-08 09:15:00,332.0000000000,38.0000000000,446.5428000000,41.8000000000
2023-04-08 09:30:00,308.0000000000,40.0000000000,412.5822000000,43.3833400000
2023-04-08 09:45:00,384.0000000000,39.0000000000,519.5901000000,45.9500000000
2023-04-08 10:00:00,460.0000000000,40.0000000000,631.7954000000,48.6666700000
2023-04-08 10:15:00,456.0000000000,41.0000000000,650.0216000000,51.5000000000
2023-04-08 10:30:00,464.0000000000,42.0000000000,638.0607000000,52.1333400000
2023-04-08 10:45:00,516.0000000000,42.0000000000,729.3342000000,53.3000000000
2023-04-08 11:00:00,464.0000000000,43.0000000000,678.3578000000,55.1000000000
2023-04-08 11:15:00,424.0000000000,43.0000000000,611.5757000000,54.0166700000
2023-04-08 11:30:00,520.0000000000,43.0000000000,734.1044000000,54.4833300000
2023-04-08 11:45:00,556.0000000000,44.0000000000,802.5952000000,58.5500000000
2023-04-08 12:00:00,548.0000000000,44.0000000000,793.3397000000,61.6166600000
2023-04-08 12:15:00,560.0000000000,45.0000000000,803.1647000000,62.5166700000
2023-04-08 12:30:00,576.0000000000,44.0000000000,843.8178000000,63.4333300000
2023-04-08 12:45:00,568.0000000000,45.0000000000,831.5720000000,63.8166700000
2023-04-08 13:00:00,568.0000000000,46.0000000000,835.4166000000,63.7333300000
2023-04-08 13:15:00,568.0000000000,47.0000000000,831.5720000000,64.2000000000
2023-04-08 13:30:00,560.0000000000,46.0000000000,828.3682000000,64.2666700000
2023-04-08 13:45:00,548.0000000000,47.0000000000,807.5078000000,65.1000000000
2023-04-08 14:00:00,540.0000000000,48.0000000000,800.3169000000,64.2666700000
2023-04-08 14:15:00,520.0000000000,48.0000000000,758.0263000000,63.4500000000
2023-04-08 14:30:00,488.0000000000,48.0000000000,726.2728000000,62.0166700000
2023-04-08 14:45:00,472.0000000000,48.0000000000,688.7524000000,60.9666700000
2023-04-08 15:00:00,428.0000000000,48.0000000000,633.6465000000,58.6666700000
2023-04-08 15:15:00,388.0000000000,47.0000000000,566.8644000000,57.0333300000
2023-04-08 15:30:00,360.0000000000,47.0000000000,523.2923000000,55.9500000000
2023-04-08 15:45:00,304.0000000000,48.0000000000,447.6107000000,53.6666700000
2023-04-08 16:00:00,268.0000000000,48.0000000000,399.4821000000,51.4166700000
2023-04-08 16:15:00,208.0000000000,48.0000000000,317.6776000000,48.5333300000
2023-04-08 16:30:00,172.0000000000,47.0000000000,254.4553000000,45.9666700000
2023-04-08 16:45:00,160.0000000000,48.0000000000,235.3748000000,45.0666700000
2023-04-08 17:00:00,140.0000000000,47.0000000000,205.4723000000,44.4000000000
2023-04-08 17:15:00,100.0000000000,47.0000000000,154.5670000000,42.6833300000
2023-04-08 17:30:00,76.0000000000,47.0000000000,119.2537000000,40.8000000000
2023-04-08 17:45:00,52.0000000000,47.0000000000,78.1022700000,38.9166700000
2023-04-08 18:00:00,28.0000000000,46.0000000000,47.4878900000,37.2000000000
2023-04-08 18:15:00,12.0000000000,46.0000000000,17.6566700000,35.7666700000
2023-04-08 18:30:00,0.0000000000,46.0000000000,1.9222980000,34.6000000000
2023-04-08 18:45:00,0.0000000000,46.0000000000,0.0000000000,33.2333300000
2023-04-08 19:00:00,0.0000000000,45.0000000000,0.0000000000,32.2500000000
2023-04-08 19:15:00,0.0000000000,45.0000000000,0.0000000000,31.0000000000
2023-04-08 19:30:00,0.0000000000,45.0000000000,0.0000000000,29.6833300000
2023-04-08 19:45:00,0.0000000000,45.0000000000,0.0000000000,28.7833300000
2023-04-08 20:00:00,0.0000000000,44.0000000000,0.0000000000,29.0000000000
2023-04-08 20:15:00,0.0000000000,44.0000000000,0.0000000000,29.2166700000
2023-04-08 20:30:00,0.0000000000,44.0000000000,0.0000000000,28.6666700000
2023-04-08 20:45:00,0.0000000000,44.0000000000,0.0000000000,27.9333300000
2023-04-08 21:00:00,0.0000000000,43.0000000000,0.0000000000,27.8333300000
2023-04-08 21:15:00,0.0000000000,43.0000000000,0.0000000000,28.0333300000
2023-04-08 21:30:00,0.0000000000,43.0000000000,0.0000000000,27.9666700000
2023-04-08 21:45:00,0.0000000000,42.0000000000,0.0000000000,27.5833300000
2023-04-08 22:00:00,0.0000000000,41.0000000000,0.0000000000,27.5000000000
2023-04-08 22:15:00,0.0000000000,43.0000000000,0.0000000000,26.9000000000
2023-04-08 22:30:00,0.0000000000,42.0000000000,0.0000000000,26.2666700000
2023-04-08 22:45:00,0.0000000000,42.0000000000,0.0000000000,25.7666700000
2023-04-08 23:00:00,0.0000000000,41.0000000000,0.0000000000,25.5333300000
2023-04-08 23:15:00,0.0000000000,41.0000000000,0.0000000000,24.7666700000
2023-04-08 23:30:00,0.0000000000,41.0000000000,0.0000000000,24.1666700000
2023-04-08 23:45:00,0.0000000000,40.0000000000,0.0000000000,23.6833300000
2023-04-09 00:00:00,0.0000000000,41.0000000000,0.0000000000,23.2333300000
2023-04-09 00:15:00,0.0000000000,43.0000000000,0.0000000000,23.2833300000
2023-04-09 00:30:00,0.0000000000,40.0000000000,0.0000000000,23.8333300000
2023-04-09 00:45:00,0.0000000000,40.0000000000,0.0000000000,23.9666700000
2023-04-09 01:00:00,0.0000000000,39.0000000000,0.0000000000,23.7000000000
2023-04-09 01:15:00,0.0000000000,40.0000000000,0.0000000000,23.3666700000
2023-04-09 01:30:00,0.0000000000,40.0000000000,0.0000000000,23.4333300000
2023-04-09 01:45:00,0.0000000000,39.0000000000,0.0000000000,23.7500000000
2023-04-09 02:00:00,0.0000000000,39.0000000000,0.0000000000,23.6500000000
2023-04-09 02:15:00,0.0000000000,39.0000000000,0.0000000000,23.5333300000
2023-04-09 02:30:00,0.0000000000,39.0000000000,0.0000000000,22.7833300000
2023-04-09 02:45:00,0.0000000000,38.0000000000,0.0000000000,21.8500000000
2023-04-09 03:00:00,0.0000000000,38.0000000000,0.0000000000,21.1500000000
2023-04-09 03:15:00,0.0000000000,38.0000000000,0.0000000000,20.6000000000
2023-04-09 03:30:00,0.0000000000,38.0000000000,0.0000000000,20.2666700000
2023-04-09 03:45:00,0.0000000000,38.0000000000,0.0000000000,20.4166700000
2023-04-09 04:00:00,0.0000000000,38.0000000000,0.0000000000,20.4000000000
2023-04-09 04:15:00,0.0000000000,38.0000000000,0.0000000000,20.1166700000
2023-04-09 04:30:00,0.0000000000,39.0000000000,0.0000000000,19.8333300000
2023-04-09 04:45:00,0.0000000000,39.0000000000,0.0000000000,19.4166700000
2023-04-09 05:00:00,0.0000000000,37.0000000000,0.0000000000,19.2166700000
2023-04-09 05:15:00,0.0000000000,37.0000000000,0.0000000000,19.1500000000
2023-04-09 05:30:00,0.0000000000,38.0000000000,0.0000000000,18.9500000000
2023-04-09 05:45:00,0.0000000000,36.0000000000,0.0000000000,18.6166700000
2023-04-09 06:00:00,0.0000000000,37.0000000000,0.7119623000,18.7166700000
2023-04-09 06:15:00,8.0000000000,36.0000000000,10.6794400000,19.3666700000
2023-04-09 06:30:00,24.0000000000,36.0000000000,27.3393600000,19.8666700000
2023-04-09 06:45:00,40.0000000000,36.0000000000,57.3129700000,21.0000000000
2023-04-09 07:00:00,68.0000000000,36.0000000000,90.2056400000,22.8000000000
2023-04-09 07:15:00,92.0000000000,36.0000000000,129.8619000000,25.3500000000
2023-04-09 07:30:00,124.0000000000,38.0000000000,170.6574000000,28.3333300000
2023-04-09 07:45:00,148.0000000000,37.0000000000,204.0484000000,30.8333300000
2023-04-09 08:00:00,188.0000000000,38.0000000000,249.1868000000,32.7833300000
2023-04-09 08:15:00,224.0000000000,38.0000000000,303.0112000000,34.6000000000
2023-04-09 08:30:00,264.0000000000,38.0000000000,354.2725000000,36.8166700000
2023-04-09 08:45:00,300.0000000000,39.0000000000,404.3235000000,39.5833300000
2023-04-09 09:00:00,332.0000000000,40.0000000000,452.4521000000,42.1000000000
2023-04-09 09:15:00,368.0000000000,38.0000000000,500.3672000000,44.7500000000
2023-04-09 09:30:00,392.0000000000,41.0000000000,541.3762000000,48.0333300000
2023-04-09 09:45:00,424.0000000000,41.0000000000,588.8641000000,50.8833400000
2023-04-09 10:00:00,456.0000000000,42.0000000000,635.1416000000,53.4000000000
2023-04-09 10:15:00,480.0000000000,42.0000000000,670.6686000000,54.3166700000
2023-04-09 10:30:00,504.0000000000,41.0000000000,706.2667000000,55.4833300000
2023-04-09 10:45:00,524.0000000000,43.0000000000,742.8616000000,56.6000000000
2023-04-09 11:00:00,544.0000000000,42.0000000000,770.4144000000,57.1833300000
2023-04-09 11:15:00,560.0000000000,44.0000000000,793.6956000000,58.8000000000
2023-04-09 11:30:00,568.0000000000,44.0000000000,819.3263000000,60.6833300000
2023-04-09 11:45:00,576.0000000000,44.0000000000,828.2258000000,61.4000000000
2023-04-09 12:00:00,584.0000000000,45.0000000000,846.4520000000,59.4000000000
2023-04-09 12:15:00,584.0000000000,46.0000000000,844.1738000000,59.8500000000
2023-04-09 12:30:00,576.0000000000,46.0000000000,838.6205000000,61.6166600000
2023-04-09 12:45:00,576.0000000000,47.0000000000,837.6949000000,63.6000000000
2023-04-09 13:00:00,572.0000000000,46.0000000000,837.6238000000,63.6166600000
2023-04-09 13:15:00,564.0000000000,47.0000000000,828.1546000000,64.2666700000
2023-04-09 13:30:00,544.0000000000,47.0000000000,801.2425000000,64.3500000000
2023-04-09 13:45:00,528.0000000000,47.0000000000,771.9096000000,61.7500000000
2023-04-09 14:00:00,508.0000000000,47.0000000000,737.8778000000,60.8500000000
2023-04-09 14:15:00,480.0000000000,47.0000000000,706.8362000000,60.2000000000
2023-04-09 14:30:00,456.0000000000,48.0000000000,660.9858000000,58.6166600000
2023-04-09 14:45:00,420.0000000000,48.0000000000,613.7116000000,56.9166700000
2023-04-09 15:00:00,384.0000000000,47.0000000000,555.0458000000,55.5000000000
2023-04-09 15:15:00,376.0000000000,47.0000000000,536.4637000000,54.2833300000
2023-04-09 15:30:00,336.0000000000,47.0000000000,493.4611000000,53.4166700000
2023-04-09 15:45:00,308.0000000000,47.0000000000,444.1221000000,52.5666700000
2023-04-09 16:00:00,260.0000000000,48.0000000000,383.4629000000,50.2666700000
2023-04-09 16:15:00,216.0000000000,47.0000000000,322.0918000000,48.1166600000
2023-04-09 16:30:00,160.0000000000,48.0000000000,249.6140000000,45.4666700000
2023-04-09 16:45:00,116.0000000000,47.0000000000,170.3014000000,43.4333300000
2023-04-09 17:00:00,100.0000000000,47.0000000000,149.6545000000,41.2666700000
2023-04-09 17:15:00,80.0000000000,46.0000000000,122.7423000000,39.7666700000
2023-04-09 17:30:00,52.0000000000,46.0000000000,77.8174800000,38.2500000000
2023-04-09 17:45:00,32.0000000000,46.0000000000,48.7694200000,36.5000000000
2023-04-09 18:00:00,20.0000000000,46.0000000000,31.1839500000,34.8500000000
2023-04-09 18:15:00,4.0000000000,46.0000000000,10.7506300000,33.4000000000
2023-04-09 18:30:00,0.0000000000,46.0000000000,0.2847850000,32.2666700000
2023-04-09 18:45:00,0.0000000000,46.0000000000,0.0000000000,31.8833300000
2023-04-09 19:00:00,0.0000000000,46.0000000000,0.0000000000,31.3833300000
2023-04-09 19:15:00,0.0000000000,45.0000000000,0.0000000000,30.6500000000
2023-04-09 19:30:00,0.0000000000,45.0000000000,0.0000000000,29.9666700000
2023-04-09 19:45:00,0.0000000000,44.0000000000,0.0000000000,29.9166700000
2023-04-09 20:00:00,0.0000000000,44.0000000000,0.0000000000,29.7000000000
2023-04-09 20:15:00,0.0000000000,44.0000000000,0.0000000000,28.6500000000
2023-04-09 20:30:00,0.0000000000,44.0000000000,0.0000000000,28.3833300000
2023-04-09 20:45:00,0.0000000000,44.0000000000,0.0000000000,27.6666700000
2023-04-09 21:00:00,0.0000000000,43.0000000000,0.0000000000,27.1166700000
2023-04-09 21:15:00,0.0000000000,43.0000000000,0.0000000000,27.2333300000
2023-04-09 21:30:00,0.0000000000,44.0000000000,0.0000000000,26.3500000000
2023-04-09 21:45:00,0.0000000000,43.0000000000,0.0000000000,25.4500000000
2023-04-09 22:00:00,0.0000000000,43.0000000000,0.0000000000,24.6333300000
2023-04-09 22:15:00,0.0000000000,42.0000000000,0.0000000000,24.2666700000
2023-04-09 22:30:00,0.0000000000,42.0000000000,0.0000000000,24.3166700000
2023-04-09 22:45:00,0.0000000000,42.0000000000,0.0000000000,24.5000000000
2023-04-09 23:00:00,0.0000000000,42.0000000000,0.0000000000,24.5666700000
2023-04-09 23:15:00,0.0000000000,42.0000000000,0.0000000000,23.9000000000
2023-04-09 23:30:00,0.0000000000,42.0000000000,0.0000000000,23.2833300000
2023-04-09 23:45:00,0.0000000000,41.0000000000,0.0000000000,23.2166700000
2023-04-10 00:00:00,0.0000000000,41.0000000000,0.0000000000,23.5833300000
2023-04-10 00:15:00,0.0000000000,42.0000000000,0.0000000000,23.9500000000
2023-04-10 00:30:00,0.0000000000,42.0000000000,0.0000000000,24.2333300000
2023-04-10 00:45:00,0.0000000000,40.0000000000,0.0000000000,24.3000000000
2023-04-10 01:00:00,0.0000000000,40.0000000000,0.0000000000,23.9500000000
2023-04-10 01:15:00,0.0000000000,37.0000000000,0.0000000000,23.3500000000
2023-04-10 01:30:00,0.0000000000,40.0000000000,0.0000000000,22.7666700000
2023-04-10 01:45:00,0.0000000000,40.0000000000,0.0000000000,22.1666700000
2023-04-10 02:00:00,0.0000000000,39.0000000000,0.0000000000,21.7500000000
2023-04-10 02:15:00,0.0000000000,39.0000000000,0.0000000000,21.4000000000
2023-04-10 02:30:00,0.0000000000,38.0000000000,0.0000000000,20.9333300000
2023-04-10 02:45:00,0.0000000000,39.0000000000,0.0000000000,20.5000000000
2023-04-10 03:00:00,0.0000000000,38.0000000000,0.0000000000,20.7333300000
2023-04-10 03:15:00,0.0000000000,38.0000000000,0.0000000000,21.2666700000
2023-04-10 03:30:00,0.0000000000,38.0000000000,0.0000000000,21.6333300000
2023-04-10 03:45:00,0.0000000000,38.0000000000,0.0000000000,22.1000000000
2023-04-10 04:00:00,0.0000000000,38.0000000000,0.0000000000,22.4333300000
2023-04-10 04:15:00,0.0000000000,38.0000000000,0.0000000000,22.5500000000
2023-04-10 04:30:00,0.0000000000,38.0000000000,0.0000000000,22.8166700000
2023-04-10 04:45:00,0.0000000000,38.0000000000,0.0000000000,22.7333300000
2023-04-10 05:00:00,0.0000000000,38.0000000000,0.0000000000,23.0000000000
2023-04-10 05:15:00,0.0000000000,38.0000000000,0.0000000000,23.2666700000
2023-04-10 05:30:00,0.0000000000,38.0000000000,0.0000000000,23.3500000000
2023-04-10 05:45:00,0.0000000000,38.0000000000,0.0000000000,23.0333300000
2023-04-10 06:00:00,0.8000000000,38.0000000000,0.8543549000,21.6166700000
2023-04-10 06:15:00,8.8000000000,37.0000000000,10.3234500000,20.6666700000
2023-04-10 06:30:00,23.2000000000,36.0000000000,32.4654800000,20.5666700000
2023-04-10 06:45:00,35.6000000000,36.0000000000,52.5428200000,21.3833300000
2023-04-10 07:00:00,66.8000000000,37.0000000000,87.4289800000,23.0666700000
2023-04-10 07:15:00,101.2000000000,36.0000000000,140.3990000000,25.8333300000
2023-04-10 07:30:00,133.6000000000,37.0000000000,183.5439000000,28.7333300000
2023-04-10 07:45:00,170.4000000000,38.0000000000,231.9574000000,31.3833300000
2023-04-10 08:00:00,221.2000000000,38.0000000000,297.8139000000,34.3666600000
2023-04-10 08:15:00,247.2000000000,39.0000000000,333.6968000000,37.3333300000
2023-04-10 08:30:00,289.2000000000,39.0000000000,389.0874000000,39.7333300000
2023-04-10 08:45:00,331.6000000000,39.0000000000,441.9150000000,42.8666600000
2023-04-10 09:00:00,368.0000000000,37.0000000000,508.1275000000,46.1833300000
2023-04-10 09:15:00,400.0000000000,40.0000000000,548.4246000000,48.7833300000
2023-04-10 09:30:00,412.0000000000,42.0000000000,581.0325000000,49.9500000000
2023-04-10 09:45:00,448.0000000000,42.0000000000,615.7762000000,51.3000000000
2023-04-10 10:00:00,484.0000000000,43.0000000000,678.8561000000,53.4166700000
2023-04-10 10:15:00,516.0000000000,42.0000000000,721.3603000000,54.0833300000
2023-04-10 10:30:00,536.0000000000,42.0000000000,756.1752000000,55.6833300000
2023-04-10 10:45:00,552.0000000000,43.0000000000,786.1488000000,57.9833300000
2023-04-10 11:00:00,564.0000000000,44.0000000000,812.8475000000,59.4166700000
2023-04-10 11:15:00,572.0000000000,45.0000000000,821.1062000000,60.1833300000
2023-04-10 11:30:00,584.0000000000,45.0000000000,835.2031000000,60.3333300000
2023-04-10 11:45:00,584.0000000000,45.0000000000,846.3097000000,60.7833300000
2023-04-10 12:00:00,584.0000000000,45.0000000000,845.4553000000,61.1666700000
2023-04-10 12:15:00,584.0000000000,46.0000000000,844.3874000000,61.7333300000
2023-04-10 12:30:00,576.0000000000,47.0000000000,837.1965000000,62.7666700000
2023-04-10 12:45:00,580.0000000000,47.0000000000,839.0477000000,63.6833300000
2023-04-10 13:00:00,568.0000000000,47.0000000000,828.8666000000,63.6333400000
2023-04-10 13:15:00,556.0000000000,47.0000000000,817.3328000000,63.0000000000
2023-04-10 13:30:00,564.0000000000,47.0000000000,810.7115000000,62.2166700000
2023-04-10 13:45:00,552.0000000000,46.0000000000,814.4849000000,62.7666700000
2023-04-10 14:00:00,528.0000000000,47.0000000000,769.7737000000,62.1000000000
2023-04-10 14:15:00,512.0000000000,48.0000000000,746.7061000000,60.4166700000
2023-04-10 14:30:00,472.0000000000,48.0000000000,698.0079000000,59.3166700000
2023-04-10 14:45:00,444.0000000000,48.0000000000,644.6819000000,58.1666700000
2023-04-10 15:00:00,400.0000000000,48.0000000000,585.5178000000,56.2166700000
2023-04-10 15:15:00,360.0000000000,47.0000000000,531.1951000000,54.4833300000
2023-04-10 15:30:00,328.0000000000,47.0000000000,485.7007000000,53.3333300000
2023-04-10 15:45:00,292.0000000000,48.0000000000,421.5529000000,52.2166700000
2023-04-10 16:00:00,248.0000000000,48.0000000000,370.6476000000,49.7333300000
2023-04-10 16:15:00,212.0000000000,48.0000000000,316.4673000000,48.2833300000
2023-04-10 16:30:00,168.0000000000,48.0000000000,255.3809000000,46.5833300000
2023-04-10 16:45:00,136.0000000000,47.0000000000,202.0549000000,44.2166700000
2023-04-10 17:00:00,112.0000000000,47.0000000000,171.1557000000,42.5666700000
2023-04-10 17:15:00,84.0000000000,47.0000000000,128.9364000000,41.0000000000
2023-04-10 17:30:00,60.0000000000,47.0000000000,93.9790400000,39.0666700000
2023-04-10 17:45:00,40.0000000000,47.0000000000,61.3711500000,37.1166600000
2023-04-10 18:00:00,24.0000000000,46.0000000000,33.8182100000,35.2500000000
2023-04-10 18:15:00,4.0000000000,46.0000000000,9.8250810000,33.2833300000
2023-04-10 18:30:00,0.0000000000,43.0000000000,0.1423925000,31.2333300000
2023-04-10 18:45:00,0.0000000000,46.0000000000,0.0000000000,29.2833300000
2023-04-10 19:00:00,0.0000000000,46.0000000000,0.0000000000,27.6833300000
2023-04-10 19:15:00,0.0000000000,45.0000000000,0.0000000000,26.8333300000
2023-04-10 19:30:00,0.0000000000,45.0000000000,0.0000000000,26.4500000000
2023-04-10 19:45:00,0.0000000000,45.0000000000,0.0000000000,26.2166700000
2023-04-10 20:00:00,0.0000000000,44.0000000000,0.0000000000,26.5000000000
2023-04-10 20:15:00,0.0000000000,44.0000000000,0.0000000000,26.7500000000
2023-04-10 20:30:00,0.0000000000,43.0000000000,0.0000000000,26.4333300000
2023-04-10 20:45:00,0.0000000000,43.0000000000,0.0000000000,25.9000000000
2023-04-10 21:00:00,0.0000000000,43.0000000000,0.0000000000,25.1500000000
2023-04-10 21:15:00,0.0000000000,42.0000000000,0.0000000000,25.4333300000
2023-04-10 21:30:00,0.0000000000,42.0000000000,0.0000000000,25.3333300000
2023-04-10 21:45:00,0.0000000000,42.0000000000,0.0000000000,25.2000000000
2023-04-10 22:00:00,0.0000000000,42.0000000000,0.0000000000,25.1000000000
2023-04-10 22:15:00,0.0000000000,41.0000000000,0.0000000000,24.3166700000
2023-04-10 22:30:00,0.0000000000,40.0000000000,0.0000000000,23.4833300000
2023-04-10 22:45:00,0.0000000000,40.0000000000,0.0000000000,23.2500000000
2023-04-10 23:00:00,0.0000000000,40.0000000000,0.0000000000,23.6000000000
2023-04-10 23:15:00,0.0000000000,42.0000000000,0.0000000000,24.1000000000
2023-04-10 23:30:00,0.0000000000,40.0000000000,0.0000000000,23.8000000000
2023-04-10 23:45:00,0.0000000000,40.0000000000,0.0000000000,23.6666700000
2023-04-11 00:00:00,0.0000000000,48.0000000000,0.0000000000,23.0000000000
2023-04-11 00:15:00,0.0000000000,39.0000000000,0.0000000000,22.2000000000
2023-04-11 00:30:00,0.0000000000,40.0000000000,0.0000000000,21.7833300000
2023-04-11 00:45:00,0.0000000000,39.0000000000,0.0000000000,22.5666700000
2023-04-11 01:00:00,0.0000000000,39.0000000000,0.0000000000,22.1000000000
2023-04-11 01:15:00,0.0000000000,40.0000000000,0.0000000000,21.7666700000
2023-04-11 01:30:00,0.0000000000,40.0000000000,0.0000000000,22.1166700000
2023-04-11 01:45:00,0.0000000000,39.0000000000,0.0000000000,22.1833300000
2023-04-11 02:00:00,0.0000000000,38.0000000000,0.0000000000,21.5000000000
2023-04-11 02:15:00,0.0000000000,39.0000000000,0.0000000000,21.5500000000
2023-04-11 02:30:00,0.0000000000,39.0000000000,0.0000000000,21.1000000000
2023-04-11 02:45:00,0.0000000000,38.0000000000,0.0000000000,20.3666700000
2023-04-11 03:00:00,0.0000000000,38.0000000000,0.0000000000,19.7833300000
2023-04-11 03:15:00,0.0000000000,38.0000000000,0.0000000000,19.5333300000
2023-04-11 03:30:00,0.0000000000,37.0000000000,0.0000000000,19.9333300000
2023-04-11 03:45:00,0.0000000000,37.0000000000,0.0000000000,20.4333300000
2023-04-11 04:00:00,0.0000000000,37.0000000000,0.0000000000,20.1166700000
2023-04-11 04:15:00,0.0000000000,38.0000000000,0.0000000000,20.3166700000
2023-04-11 04:30:00,0.0000000000,38.0000000000,0.0000000000,20.8000000000
2023-04-11 04:45:00,0.0000000000,38.0000000000,0.0000000000,21.2833300000
2023-04-11 05:00:00,0.0000000000,37.0000000000,0.0000000000,21.0000000000
2023-04-11 05:15:00,0.0000000000,37.0000000000,0.0000000000,20.9500000000
2023-04-11 05:30:00,0.0000000000,37.0000000000,0.0000000000,20.4666700000
2023-04-11 05:45:00,0.0000000000,36.0000000000,0.0000000000,19.3666700000
2023-04-11 06:00:00,1.6000000000,36.0000000000,1.4951210000,18.9166700000
2023-04-11 06:15:00,9.6000000000,36.0000000000,12.1033600000,19.5833300000
2023-04-11 06:30:00,23.6000000000,36.0000000000,31.6823300000,20.4333300000
2023-04-11 06:45:00,42.4000000000,36.0000000000,58.4521100000,21.1500000000
2023-04-11 07:00:00,66.0000000000,36.0000000000,92.3415200000,22.8333300000
2023-04-11 07:15:00,94.0000000000,37.0000000000,130.1467000000,24.9666700000
2023-04-11 07:30:00,124.8000000000,38.0000000000,172.1525000000,27.5500000000
2023-04-11 07:45:00,160.8000000000,37.0000000000,220.3524000000,30.0833300000
2023-04-11 08:00:00,195.2000000000,38.0000000000,265.7043000000,32.6666700000
2023-04-11 08:15:00,231.6000000000,39.0000000000,313.6906000000,35.4166700000
2023-04-11 08:30:00,270.0000000000,39.0000000000,365.3079000000,37.9500000000
2023-04-11 08:45:00,311.2000000000,40.0000000000,418.7051000000,40.6000000000
2023-04-11 09:00:00,340.0000000000,40.0000000000,467.0473000000,43.4166700000
2023-04-11 09:15:00,372.0000000000,42.0000000000,512.0433000000,45.9666700000
2023-04-11 09:30:00,400.0000000000,41.0000000000,550.7741000000,48.2666700000
2023-04-11 09:45:00,424.0000000000,41.0000000000,590.7864000000,49.5833300000
2023-04-11 10:00:00,448.0000000000,41.0000000000,626.2421000000,51.5166700000
2023-04-11 10:15:00,476.0000000000,42.0000000000,663.1929000000,52.9833300000
2023-04-11 10:30:00,496.0000000000,43.0000000000,694.0209000000,54.3333300000
2023-04-11 10:45:00,508.0000000000,44.0000000000,720.2923000000,56.5333300000
2023-04-11 11:00:00,520.0000000000,43.0000000000,742.9327000000,57.4000000000
2023-04-11 11:15:00,532.0000000000,44.0000000000,764.4340000000,58.5333300000
2023-04-11 11:30:00,552.0000000000,43.0000000000,789.6375000000,59.2000000000
2023-04-11 11:45:00,560.0000000000,45.0000000000,805.0870000000,59.8833400000
2023-04-11 12:00:00,564.0000000000,45.0000000000,815.4105000000,61.0666700000
2023-04-11 12:15:00,556.0000000000,45.0000000000,807.2230000000,61.2666700000
2023-04-11 12:30:00,552.0000000000,45.0000000000,806.0126000000,61.9500000000
2023-04-11 12:45:00,556.0000000000,46.0000000000,805.0159000000,63.0333300000
2023-04-11 13:00:00,544.0000000000,47.0000000000,800.6017000000,63.8166700000
2023-04-11 13:15:00,536.0000000000,47.0000000000,786.3624000000,65.0666700000
2023-04-11 13:30:00,524.0000000000,46.0000000000,764.4340000000,64.8666700000
2023-04-11 13:45:00,508.0000000000,47.0000000000,739.3729000000,63.3333300000
2023-04-11 14:00:00,484.0000000000,47.0000000000,712.9591000000,62.0333300000
2023-04-11 14:15:00,472.0000000000,48.0000000000,688.3964000000,60.5833300000
2023-04-11 14:30:00,436.0000000000,48.0000000000,642.8308000000,59.8500000000
2023-04-11 14:45:00,408.0000000000,48.0000000000,606.9479000000,59.0833300000
2023-04-11 15:00:00,352.0000000000,48.0000000000,520.9428000000,57.5666700000
2023-04-11 15:15:00,320.0000000000,49.0000000000,468.6848000000,55.2333300000
2023-04-11 15:30:00,288.0000000000,49.0000000000,423.9736000000,53.3166700000
2023-04-11 15:45:00,244.0000000000,48.0000000000,361.6057000000,51.5833300000
2023-04-11 16:00:00,212.0000000000,48.0000000000,315.0434000000,50.3333300000
2023-04-11 16:15:00,180.0000000000,48.0000000000,270.7593000000,48.1833300000
2023-04-11 16:30:00,152.0000000000,48.0000000000,228.8959000000,46.2833300000
2023-04-11 16:45:00,124.0000000000,47.0000000000,187.9581000000,44.0166700000
2023-04-11 17:00:00,92.0000000000,47.0000000000,146.9490000000,41.9166700000
2023-04-11 17:15:00,68.0000000000,47.0000000000,104.7297000000,40.0166700000
2023-04-11 17:30:00,44.0000000000,47.0000000000,71.4098300000,38.3000000000
2023-04-11 17:45:00,32.0000000000,46.0000000000,46.5623400000,36.4000000000
2023-04-11 18:00:00,16.0000000000,46.0000000000,25.9154300000,34.4666700000
2023-04-11 18:15:00,4.0000000000,44.0000000000,8.6859430000,32.5500000000
2023-04-11 18:30:00,0.0000000000,46.0000000000,0.4983737000,30.6500000000
2023-04-11 18:45:00,0.0000000000,46.0000000000,0.0000000000,29.0333300000
2023-04-11 19:00:00,0.0000000000,45.0000000000,0.0000000000,27.8333300000
2023-04-11 19:15:00,0.0000000000,45.0000000000,0.0000000000,27.1500000000
2023-04-11 19:30:00,0.0000000000,44.0000000000,0.0000000000,26.6833300000
2023-04-11 19:45:00,0.0000000000,45.0000000000,0.0000000000,26.3833300000
2023-04-11 20:00:00,0.0000000000,43.0000000000,0.0000000000,26.2833300000
2023-04-11 20:15:00,0.0000000000,43.0000000000,0.0000000000,26.5333300000
2023-04-11 20:30:00,0.0000000000,44.0000000000,0.0000000000,26.2666700000
2023-04-11 20:45:00,0.0000000000,44.0000000000,0.0000000000,27.0833300000
2023-04-11 21:00:00,0.0000000000,43.0000000000,0.0000000000,27.0666700000
2023-04-11 21:15:00,0.0000000000,42.0000000000,0.0000000000,26.5166700000
2023-04-11 21:30:00,0.0000000000,43.0000000000,0.0000000000,25.4833300000
2023-04-11 21:45:00,0.0000000000,42.0000000000,0.0000000000,24.8000000000
2023-04-11 22:00:00,0.0000000000,42.0000000000,0.0000000000,24.4166700000
2023-04-11 22:15:00,0.0000000000,42.0000000000,0.0000000000,24.4833300000
2023-04-11 22:30:00,0.0000000000,42.0000000000,0.0000000000,24.2166700000
2023-04-11 22:45:00,0.0000000000,42.0000000000,0.0000000000,23.9666700000
2023-04-11 23:00:00,0.0000000000,41.0000000000,0.0000000000,24.1666700000
2023-04-11 23:15:00,0.0000000000,42.0000000000,0.0000000000,24.7000000000
2023-04-11 23:30:00,0.0000000000,40.0000000000,0.0000000000,24.9000000000
2023-04-11 23:45:00,0.0000000000,41.0000000000,0.0000000000,24.7666700000
2023-04-12 00:00:00,0.0000000000,41.0000000000,0.0000000000,24.9166700000
2023-04-12 00:15:00,0.0000000000,42.0000000000,0.0000000000,25.3000000000
2023-04-12 00:30:00,0.0000000000,38.0000000000,0.0000000000,25.4000000000
2023-04-12 00:45:00,0.0000000000,47.0000000000,0.0000000000,25.2666700000
2023-04-12 01:00:00,0.0000000000,41.0000000000,0.0000000000,25.0333300000
2023-04-12 01:15:00,0.0000000000,40.0000000000,0.0000000000,24.6666700000
2023-04-12 01:30:00,0.0000000000,40.0000000000,0.0000000000,24.8166700000
2023-04-12 01:45:00,0.0000000000,40.0000000000,0.0000000000,25.0666700000
2023-04-12 02:00:00,0.0000000000,40.0000000000,0.0000000000,23.8333300000
2023-04-12 02:15:00,0.0000000000,39.0000000000,0.0000000000,22.8500000000
2023-04-12 02:30:00,0.0000000000,39.0000000000,0.0000000000,22.4166700000
2023-04-12 02:45:00,0.0000000000,39.0000000000,0.0000000000,21.8500000000
2023-04-12 03:00:00,0.0000000000,38.0000000000,0.0000000000,21.2166700000
2023-04-12 03:15:00,0.0000000000,38.0000000000,0.0000000000,20.8500000000
2023-04-12 03:30:00,0.0000000000,39.0000000000,0.0000000000,20.6500000000
2023-04-12 03:45:00,0.0000000000,38.0000000000,0.0000000000,20.5166700000
2023-04-12 04:00:00,0.0000000000,38.0000000000,0.0000000000,20.6000000000
2023-04-12 04:15:00,0.0000000000,38.0000000000,0.0000000000,20.6166700000
2023-04-12 04:30:00,0.0000000000,38.0000000000,0.0000000000,21.2333300000
2023-04-12 04:45:00,0.0000000000,38.0000000000,0.0000000000,21.5833300000
2023-04-12 05:00:00,0.0000000000,38.0000000000,0.0000000000,21.5000000000
2023-04-12 05:15:00,0.0000000000,38.0000000000,0.0000000000,22.2833300000
2023-04-12 05:30:00,0.0000000000,38.0000000000,0.0000000000,22.8500000000
2023-04-12 05:45:00,0.0000000000,37.0000000000,0.0000000000,22.8666700000
2023-04-12 06:00:00,0.4000000000,37.0000000000,0.7119623000,22.8833300000
2023-04-12 06:15:00,6.4000000000,37.0000000000,8.0451750000,22.3166700000
2023-04-12 06:30:00,17.6000000000,36.0000000000,23.7795400000,22.0000000000
2023-04-12 06:45:00,32.0000000000,37.0000000000,43.9992800000,22.5500000000
2023-04-12 07:00:00,49.6000000000,38.0000000000,68.9179500000,24.0500000000
2023-04-12 07:15:00,71.2000000000,38.0000000000,99.8171400000,25.6166700000
2023-04-12 07:30:00,96.0000000000,38.0000000000,133.9913000000,27.5500000000
2023-04-12 07:45:00,122.0000000000,38.0000000000,169.7318000000,29.5833300000
2023-04-12 08:00:00,151.2000000000,38.0000000000,209.6017000000,31.7833300000
2023-04-12 08:15:00,182.0000000000,38.0000000000,251.1091000000,33.9666700000
2023-04-12 08:30:00,214.0000000000,38.0000000000,293.7557000000,36.3500000000
2023-04-12 08:45:00,246.0000000000,39.0000000000,339.0365000000,38.3500000000
2023-04-12 09:00:00,280.0000000000,40.0000000000,382.8221000000,40.4833300000
2023-04-12 09:15:00,304.0000000000,40.0000000000,417.9219000000,43.1500000000
2023-04-12 09:30:00,328.0000000000,41.0000000000,457.5070000000,44.9666700000
2023-04-12 09:45:00,348.0000000000,41.0000000000,486.1279000000,46.4666700000
2023-04-12 10:00:00,376.0000000000,42.0000000000,525.0722000000,48.2000000000
2023-04-12 10:15:00,388.0000000000,42.0000000000,550.2045000000,49.5666700000
2023-04-12 10:30:00,416.0000000000,43.0000000000,585.3754000000,51.2166700000
2023-04-12 10:45:00,436.0000000000,44.0000000000,619.3361000000,53.2000000000
2023-04-12 11:00:00,448.0000000000,43.0000000000,638.9862000000,54.4833300000
2023-04-12 11:15:00,464.0000000000,44.0000000000,666.0408000000,55.5166700000
2023-04-12 11:30:00,472.0000000000,44.0000000000,676.8626000000,56.1666700000
2023-04-12 11:45:00,480.0000000000,45.0000000000,692.7394000000,57.8833400000
2023-04-12 12:00:00,496.0000000000,45.0000000000,709.8265000000,58.8333300000
2023-04-12 12:15:00,492.0000000000,45.0000000000,716.8749000000,59.4500000000
2023-04-12 12:30:00,492.0000000000,46.0000000000,713.6711000000,59.8333300000
2023-04-12 12:45:00,488.0000000000,46.0000000000,705.5547000000,59.2333300000
2023-04-12 13:00:00,480.0000000000,46.0000000000,697.8655000000,59.2000000000
2023-04-12 13:15:00,464.0000000000,46.0000000000,676.2219000000,58.5333300000
2023-04-12 13:30:00,452.0000000000,47.0000000000,662.4098000000,58.1500000000
2023-04-12 13:45:00,444.0000000000,48.0000000000,645.6786000000,57.3500000000
2023-04-12 14:00:00,436.0000000000,47.0000000000,627.8796000000,57.3166700000
2023-04-12 14:15:00,404.0000000000,47.0000000000,596.8381000000,57.4833300000
2023-04-12 14:30:00,384.0000000000,47.0000000000,561.3823000000,56.7333300000
2023-04-12 14:45:00,360.0000000000,48.0000000000,529.8424000000,55.8500000000
2023-04-12 15:00:00,320.0000000000,49.0000000000,474.0245000000,54.9833300000
2023-04-12 15:15:00,296.0000000000,48.0000000000,433.0155000000,53.4500000000
2023-04-12 15:30:00,264.0000000000,47.0000000000,390.5113000000,52.0000000000
2023-04-12 15:45:00,216.0000000000,47.0000000000,311.4123000000,50.8500000000
2023-04-12 16:00:00,180.0000000000,47.0000000000,268.4810000000,48.6000000000
2023-04-12 16:15:00,108.0000000000,48.0000000000,151.1496000000,45.0333300000
2023-04-12 16:30:00,152.0000000000,47.0000000000,214.7279000000,43.3000000000
2023-04-12 16:45:00,104.0000000000,47.0000000000,167.8095000000,42.9333300000
2023-04-12 17:00:00,92.0000000000,47.0000000000,139.8294000000,41.3833400000
2023-04-12 17:15:00,88.0000000000,47.0000000000,129.9332000000,40.3666600000
2023-04-12 17:30:00,80.0000000000,46.0000000000,113.4868000000,39.8333300000
2023-04-12 17:45:00,56.0000000000,46.0000000000,82.8012200000,38.9833300000
2023-04-12 18:00:00,32.0000000000,46.0000000000,51.6172700000,37.6333400000
2023-04-12 18:15:00,16.0000000000,46.0000000000,24.2779200000,35.9666700000
2023-04-12 18:30:00,4.0000000000,46.0000000000,6.0516800000,34.2333300000
2023-04-12 18:45:00,0.0000000000,46.0000000000,0.0000000000,32.4500000000
2023-04-12 19:00:00,0.0000000000,44.0000000000,0.0000000000,30.9000000000
2023-04-12 19:15:00,0.0000000000,45.0000000000,0.0000000000,29.7333300000
2023-04-12 19:30:00,0.0000000000,45.0000000000,0.0000000000,29.0000000000
2023-04-12 19:45:00,0.0000000000,46.0000000000,0.0000000000,28.4500000000
2023-04-12 20:00:00,0.0000000000,44.0000000000,0.0000000000,28.1166700000
2023-04-12 20:15:00,0.0000000000,44.0000000000,0.0000000000,28.2833300000
2023-04-12 20:30:00,0.0000000000,43.0000000000,0.0000000000,28.1833300000
2023-04-12 20:45:00,0.0000000000,44.0000000000,0.0000000000,27.8833300000
2023-04-12 21:00:00,0.0000000000,44.0000000000,0.0000000000,27.4333300000
2023-04-12 21:15:00,0.0000000000,43.0000000000,0.0000000000,27.7833300000
2023-04-12 21:30:00,0.0000000000,44.0000000000,0.0000000000,28.6000000000
2023-04-12 21:45:00,0.0000000000,43.0000000000,0.0000000000,28.5500000000
2023-04-12 22:00:00,0.0000000000,42.0000000000,0.0000000000,28.3833300000
2023-04-12 22:15:00,0.0000000000,42.0000000000,0.0000000000,27.5500000000
2023-04-12 22:30:00,0.0000000000,43.0000000000,0.0000000000,26.5000000000
2023-04-12 22:45:00,0.0000000000,42.0000000000,0.0000000000,25.9500000000
2023-04-12 23:00:00,0.0000000000,42.0000000000,0.0000000000,25.7166700000
2023-04-12 23:15:00,0.0000000000,41.0000000000,0.0000000000,25.7500000000
2023-04-12 23:30:00,0.0000000000,42.0000000000,0.0000000000,25.8500000000
2023-04-12 23:45:00,0.0000000000,42.0000000000,0.0000000000,25.9000000000
2023-04-13 00:00:00,0.0000000000,41.0000000000,0.0000000000,25.8666700000
2023-04-13 00:15:00,0.0000000000,40.0000000000,0.0000000000,25.6666700000
2023-04-13 00:30:00,0.0000000000,42.0000000000,0.0000000000,25.7166700000
2023-04-13 00:45:00,0.0000000000,41.0000000000,0.0000000000,25.3500000000
2023-04-13 01:00:00,0.0000000000,41.0000000000,0.0000000000,25.0000000000
2023-04-13 01:15:00,0.0000000000,41.0000000000,0.0000000000,24.6166700000
2023-04-13 01:30:00,0.0000000000,39.0000000000,0.0000000000,23.9666700000
2023-04-13 01:45:00,0.0000000000,40.0000000000,0.0000000000,23.8166700000
2023-04-13 02:00:00,0.0000000000,39.0000000000,0.0000000000,23.4833300000
2023-04-13 02:15:00,0.0000000000,40.0000000000,0.0000000000,22.7500000000
2023-04-13 02:30:00,0.0000000000,40.0000000000,0.0000000000,22.2333300000
2023-04-13 02:45:00,0.0000000000,40.0000000000,0.0000000000,21.9166700000
2023-04-13 03:00:00,0.0000000000,38.0000000000,0.0000000000,21.6000000000
2023-04-13 03:15:00,0.0000000000,39.0000000000,0.0000000000,21.3000000000
2023-04-13 03:30:00,0.0000000000,38.0000000000,0.0000000000,21.1166700000
2023-04-13 03:45:00,0.0000000000,39.0000000000,0.0000000000,21.0000000000
2023-04-13 04:00:00,0.0000000000,39.0000000000,0.0000000000,20.7333300000
2023-04-13 04:15:00,0.0000000000,39.0000000000,0.0000000000,20.7000000000
2023-04-13 04:30:00,0.0000000000,39.0000000000,0.0000000000,20.6000000000
2023-04-13 04:45:00,0.0000000000,38.0000000000,0.0000000000,20.4500000000
2023-04-13 05:00:00,0.0000000000,38.0000000000,0.0000000000,20.7833300000
2023-04-13 05:15:00,0.0000000000,38.0000000000,0.0000000000,20.8666700000
2023-04-13 05:30:00,0.0000000000,38.0000000000,0.0000000000,20.9833300000
2023-04-13 05:45:00,0.0000000000,37.0000000000,0.0000000000,20.8833300000
2023-04-13 06:00:00,4.0000000000,38.0000000000,1.6375140000,21.0000000000
2023-04-13 06:15:00,8.0000000000,38.0000000000,12.4593400000,21.5333300000
2023-04-13 06:30:00,24.0000000000,38.0000000000,31.5399300000,22.2166700000
2023-04-13 06:45:00,40.0000000000,37.0000000000,56.1026400000,23.3500000000
2023-04-13 07:00:00,60.0000000000,38.0000000000,85.5778800000,24.7000000000
2023-04-13 07:15:00,88.0000000000,38.0000000000,123.5255000000,26.6666700000
2023-04-13 07:30:00,120.0000000000,37.0000000000,165.8872000000,29.0833300000
2023-04-13 07:45:00,156.0000000000,38.0000000000,214.4431000000,31.6833300000
2023-04-13 08:00:00,192.0000000000,38.0000000000,265.6331000000,34.4166700000
2023-04-13 08:15:00,232.0000000000,38.0000000000,314.8298000000,37.1500000000
2023-04-13 08:30:00,260.0000000000,38.0000000000,359.3986000000,39.5500000000
2023-04-13 08:45:00,292.0000000000,37.0000000000,397.1326000000,41.7500000000
2023-04-13 09:00:00,320.0000000000,40.0000000000,444.2645000000,43.2000000000
2023-04-13 09:15:00,356.0000000000,41.0000000000,491.4677000000,45.3500000000
2023-04-13 09:30:00,384.0000000000,40.0000000000,534.3278000000,48.0333300000
2023-04-13 09:45:00,412.0000000000,41.0000000000,581.2461000000,49.9833300000
2023-04-13 10:00:00,440.0000000000,42.0000000000,617.2714000000,52.3000000000
2023-04-13 10:15:00,468.0000000000,43.0000000000,659.1348000000,54.8333300000
2023-04-13 10:30:00,484.0000000000,43.0000000000,690.3187000000,57.2333300000
2023-04-13 10:45:00,504.0000000000,44.0000000000,723.9233000000,58.2333300000
2023-04-13 11:00:00,524.0000000000,45.0000000000,750.4795000000,59.9500000000
2023-04-13 11:15:00,532.0000000000,45.0000000000,771.5536000000,60.3833400000
2023-04-13 11:30:00,552.0000000000,45.0000000000,798.4658000000,60.8166700000
2023-04-13 11:45:00,560.0000000000,46.0000000000,814.2001000000,61.6333400000
2023-04-13 12:00:00,572.0000000000,46.0000000000,835.4167000000,63.5000000000
2023-04-13 12:15:00,580.0000000000,46.0000000000,847.7336000000,64.0833400000
2023-04-13 12:30:00,576.0000000000,50.0000000000,849.2288000000,64.1333300000
2023-04-13 12:45:00,572.0000000000,46.0000000000,842.2515000000,64.4666700000
2023-04-13 13:00:00,572.0000000000,47.0000000000,846.5233000000,64.0666700000
2023-04-13 13:15:00,560.0000000000,48.0000000000,824.0964000000,62.9166700000
2023-04-13 13:30:00,536.0000000000,48.0000000000,793.0549000000,61.3500000000
2023-04-13 13:45:00,524.0000000000,47.0000000000,766.4987000000,60.6833300000
2023-04-13 14:00:00,512.0000000000,48.0000000000,755.2497000000,60.0833300000
2023-04-13 14:15:00,484.0000000000,49.0000000000,712.6743000000,60.2333300000
2023-04-13 14:30:00,456.0000000000,49.0000000000,665.9695000000,58.9333300000
2023-04-13 14:45:00,416.0000000000,49.0000000000,614.6371000000,57.7666700000
2023-04-13 15:00:00,356.0000000000,48.0000000000,538.0300000000,55.8500000000
2023-04-13 15:15:00,316.0000000000,48.0000000000,455.5847000000,53.1666700000
2023-04-13 15:30:00,280.0000000000,47.0000000000,423.6176000000,51.4500000000
2023-04-13 15:45:00,220.0000000000,47.0000000000,352.2078000000,49.4000000000
2023-04-13 16:00:00,236.0000000000,48.0000000000,341.0300000000,48.5500000000
2023-04-13 16:15:00,208.0000000000,48.0000000000,307.7813000000,48.1666700000
2023-04-13 16:30:00,172.0000000000,48.0000000000,256.7337000000,46.7666700000
2023-04-13 16:45:00,136.0000000000,48.0000000000,208.6050000000,44.9000000000
2023-04-13 17:00:00,116.0000000000,48.0000000000,171.9389000000,43.4500000000
2023-04-13 17:15:00,80.0000000000,48.0000000000,128.0820000000,42.0333300000
2023-04-13 17:30:00,52.0000000000,49.0000000000,78.2446700000,40.1000000000
2023-04-13 17:45:00,32.0000000000,48.0000000000,53.7531600000,37.8666600000
2023-04-13 18:00:00,20.0000000000,47.0000000000,31.2551500000,36.0000000000
2023-04-13 18:15:00,8.0000000000,47.0000000000,10.4658500000,34.2166700000
2023-04-13 18:30:00,0.0000000000,46.0000000000,0.7119623000,33.0166700000
2023-04-13 18:45:00,0.0000000000,47.0000000000,0.0000000000,31.4666700000
2023-04-13 19:00:00,0.0000000000,46.0000000000,0.0000000000,29.8000000000
2023-04-13 19:15:00,0.0000000000,46.0000000000,0.0000000000,28.3500000000
2023-04-13 19:30:00,0.0000000000,45.0000000000,0.0000000000,27.4000000000
2023-04-13 19:45:00,0.0000000000,44.0000000000,0.0000000000,26.7500000000
2023-04-13 20:00:00,0.0000000000,45.0000000000,0.0000000000,26.1500000000
2023-04-13 20:15:00,0.0000000000,44.0000000000,0.0000000000,25.8000000000
2023-04-13 20:30:00,0.0000000000,44.0000000000,0.0000000000,25.7166700000
2023-04-13 20:45:00,0.0000000000,44.0000000000,0.0000000000,26.1666700000
2023-04-13 21:00:00,0.0000000000,44.0000000000,0.0000000000,26.5833300000
2023-04-13 21:15:00,0.0000000000,43.0000000000,0.0000000000,27.0333300000
2023-04-13 21:30:00,0.0000000000,43.0000000000,0.0000000000,27.0833300000
2023-04-13 21:45:00,0.0000000000,43.0000000000,0.0000000000,27.0000000000
2023-04-13 22:00:00,0.0000000000,43.0000000000,0.0000000000,27.0500000000
2023-04-13 22:15:00,0.0000000000,43.0000000000,0.0000000000,26.2333300000
2023-04-13 22:30:00,0.0000000000,43.0000000000,0.0000000000,25.3333300000
2023-04-13 22:45:00,0.0000000000,42.0000000000,0.0000000000,25.1333300000
2023-04-13 23:00:00,0.0000000000,43.0000000000,0.0000000000,24.3666700000
2023-04-13 23:15:00,0.0000000000,42.0000000000,0.0000000000,23.6000000000
2023-04-13 23:30:00,0.0000000000,41.0000000000,0.0000000000,22.4166700000
2023-04-13 23:45:00,0.0000000000,42.0000000000,0.0000000000,21.1666700000
2023-04-14 00:00:00,0.0000000000,40.0000000000,0.0000000000,20.4000000000
2023-04-14 00:15:00,0.0000000000,40.0000000000,0.0000000000,20.2333300000
2023-04-14 00:30:00,0.0000000000,40.0000000000,0.0000000000,20.4500000000
2023-04-14 00:45:00,0.0000000000,39.0000000000,0.0000000000,20.4333300000
2023-04-14 01:00:00,0.0000000000,39.0000000000,0.0000000000,19.9666700000
2023-04-14 01:15:00,0.0000000000,39.0000000000,0.0000000000,19.4000000000
2023-04-14 01:30:00,0.0000000000,39.0000000000,0.0000000000,19.4166700000
2023-04-14 01:45:00,0.0000000000,38.0000000000,0.0000000000,19.4000000000
2023-04-14 02:00:00,0.0000000000,39.0000000000,0.0000000000,18.9000000000
2023-04-14 02:15:00,0.0000000000,39.0000000000,0.0000000000,18.7000000000
2023-04-14 02:30:00,0.0000000000,38.0000000000,0.0000000000,18.4000000000
2023-04-14 02:45:00,0.0000000000,38.0000000000,0.0000000000,18.1833300000
2023-04-14 03:00:00,0.0000000000,38.0000000000,0.0000000000,17.8666700000
2023-04-14 03:15:00,0.0000000000,37.0000000000,0.0000000000,17.8333300000
2023-04-14 03:30:00,0.0000000000,38.0000000000,0.0000000000,17.6333300000
2023-04-14 03:45:00,0.0000000000,37.0000000000,0.0000000000,17.6000000000
2023-04-14 04:00:00,0.0000000000,37.0000000000,0.0000000000,17.5833300000
2023-04-14 04:15:00,0.0000000000,38.0000000000,0.0000000000,18.1333300000
2023-04-14 04:30:00,0.0000000000,37.0000000000,0.0000000000,19.4000000000
2023-04-14 04:45:00,0.0000000000,36.0000000000,0.0000000000,20.1666700000
2023-04-14 05:00:00,0.0000000000,36.0000000000,0.0000000000,19.9333300000
2023-04-14 05:15:00,0.0000000000,36.0000000000,0.0000000000,18.9666700000
2023-04-14 05:30:00,0.0000000000,36.0000000000,0.0000000000,18.2166700000
2023-04-14 05:45:00,0.0000000000,36.0000000000,0.0000000000,17.5333300000
2023-04-14 06:00:00,0.0000000000,36.0000000000,2.7054570000,17.4166700000
2023-04-14 06:15:00,16.0000000000,37.0000000000,17.0871000000,17.8666700000
2023-04-14 06:30:00,28.0000000000,36.0000000000,42.5041500000,18.7166700000
2023-04-14 06:45:00,56.0000000000,35.0000000000,77.3903100000,20.4333300000
2023-04-14 07:00:00,84.0000000000,36.0000000000,119.9657000000,23.3500000000
2023-04-14 07:15:00,120.0000000000,36.0000000000,168.7351000000,26.1333300000
2023-04-14 07:30:00,160.0000000000,36.0000000000,223.3426000000,29.2666700000
2023-04-14 07:45:00,204.0000000000,37.0000000000,279.6588000000,32.5500000000
2023-04-14 08:00:00,248.0000000000,38.0000000000,335.1919000000,35.4666700000
2023-04-14 08:15:00,288.0000000000,39.0000000000,393.7152000000,38.5166700000
2023-04-14 08:30:00,332.0000000000,39.0000000000,450.2450000000,41.6666700000
2023-04-14 08:45:00,364.0000000000,39.0000000000,503.0726000000,44.2666700000
2023-04-14 09:00:00,404.0000000000,40.0000000000,557.5377000000,47.0666700000
2023-04-14 09:15:00,440.0000000000,39.0000000000,611.7181000000,50.1000000000
2023-04-14 09:30:00,472.0000000000,41.0000000000,662.6946000000,52.0500000000
2023-04-14 09:45:00,504.0000000000,42.0000000000,706.3379000000,54.1833300000
2023-04-14 10:00:00,520.0000000000,43.0000000000,743.7871000000,56.8833400000
2023-04-14 10:15:00,548.0000000000,42.0000000000,780.7379000000,58.2500000000
2023-04-14 10:30:00,568.0000000000,43.0000000000,821.2486000000,60.5500000000
2023-04-14 10:45:00,580.0000000000,43.0000000000,848.4456000000,61.6666700000
2023-04-14 11:00:00,604.0000000000,44.0000000000,882.4061000000,61.9833300000
2023-04-14 11:15:00,620.0000000000,45.0000000000,916.4380000000,63.1000000000
2023-04-14 11:30:00,628.0000000000,45.0000000000,932.3147000000,64.5500000000
2023-04-14 11:45:00,632.0000000000,45.0000000000,938.3664000000,67.2166700000
2023-04-14 12:00:00,628.0000000000,46.0000000000,941.7838000000,66.8166700000
2023-04-14 12:15:00,628.0000000000,48.0000000000,939.0071000000,67.6666600000
2023-04-14 12:30:00,628.0000000000,46.0000000000,942.8518000000,68.7666700000
2023-04-14 12:45:00,632.0000000000,47.0000000000,948.3339000000,68.2500000000
2023-04-14 13:00:00,628.0000000000,49.0000000000,945.2725000000,67.8666700000
2023-04-14 13:15:00,616.0000000000,48.0000000000,931.5316000000,69.1666600000
2023-04-14 13:30:00,628.0000000000,48.0000000000,952.9616000000,69.6333300000
2023-04-14 13:45:00,608.0000000000,47.0000000000,926.7614000000,68.9500000000
2023-04-14 14:00:00,584.0000000000,49.0000000000,888.1730000000,68.0000000000
2023-04-14 14:15:00,552.0000000000,50.0000000000,832.2128000000,66.3166700000
2023-04-14 14:30:00,532.0000000000,50.0000000000,800.2457000000,65.3000000000
2023-04-14 14:45:00,500.0000000000,50.0000000000,749.3404000000,63.3333300000
2023-04-14 15:00:00,468.0000000000,49.0000000000,698.0791000000,61.4833300000
2023-04-14 15:15:00,396.0000000000,49.0000000000,595.8413000000,58.9833300000
2023-04-14 15:30:00,344.0000000000,49.0000000000,513.6808000000,55.7166700000
2023-04-14 15:45:00,300.0000000000,49.0000000000,443.6949000000,52.6833300000
2023-04-14 16:00:00,256.0000000000,49.0000000000,385.7412000000,50.6166600000
2023-04-14 16:15:00,232.0000000000,49.0000000000,342.4539000000,49.0666700000
2023-04-14 16:30:00,196.0000000000,50.0000000000,295.7492000000,47.7000000000
2023-04-14 16:45:00,164.0000000000,49.0000000000,249.1156000000,46.5500000000
2023-04-14 17:00:00,124.0000000000,49.0000000000,195.1489000000,44.6666700000
2023-04-14 17:15:00,88.0000000000,48.0000000000,142.6772000000,42.4500000000
2023-04-14 17:30:00,68.0000000000,49.0000000000,106.2248000000,40.1833300000
2023-04-14 17:45:00,44.0000000000,48.0000000000,69.2027400000,38.2000000000
2023-04-14 18:00:00,20.0000000000,47.0000000000,35.4557300000,36.2333300000
2023-04-14 18:15:00,8.0000000000,47.0000000000,11.1066100000,34.2666700000
2023-04-14 18:30:00,0.0000000000,46.0000000000,0.6407661000,32.2333300000
2023-04-14 18:45:00,0.0000000000,45.0000000000,0.0000000000,29.9666700000
2023-04-14 19:00:00,0.0000000000,46.0000000000,0.0000000000,28.8333300000
2023-04-14 19:15:00,0.0000000000,46.0000000000,0.0000000000,27.8000000000
2023-04-14 19:30:00,0.0000000000,45.0000000000,0.0000000000,26.5500000000
2023-04-14 19:45:00,0.0000000000,45.0000000000,0.0000000000,25.0166700000
2023-04-14 20:00:00,0.0000000000,45.0000000000,0.0000000000,24.1000000000
2023-04-14 20:15:00,0.0000000000,43.0000000000,0.0000000000,23.9000000000
2023-04-14 20:30:00,0.0000000000,43.0000000000,0.0000000000,24.1833300000
2023-04-14 20:45:00,0.0000000000,42.0000000000,0.0000000000,25.2500000000
2023-04-14 21:00:00,0.0000000000,43.0000000000,0.0000000000,25.5500000000
2023-04-14 21:15:00,0.0000000000,42.0000000000,0.0000000000,25.0000000000
2023-04-14 21:30:00,0.0000000000,42.0000000000,0.0000000000,24.2833300000
2023-04-14 21:45:00,0.0000000000,42.0000000000,0.0000000000,24.5166700000
2023-04-14 22:00:00,0.0000000000,43.0000000000,0.0000000000,25.4166700000
2023-04-14 22:15:00,0.0000000000,41.0000000000,0.0000000000,25.6333300000
2023-04-14 22:30:00,0.0000000000,46.0000000000,0.0000000000,24.7833300000
2023-04-14 22:45:00,0.0000000000,41.0000000000,0.0000000000,23.9166700000
2023-04-14 23:00:00,0.0000000000,40.0000000000,0.0000000000,23.4833300000
2023-04-14 23:15:00,0.0000000000,40.0000000000,0.0000000000,23.4666700000
2023-04-14 23:30:00,0.0000000000,41.0000000000,0.0000000000,23.9666700000
2023-04-14 23:45:00,0.0000000000,39.0000000000,0.0000000000,24.3333300000
2023-04-15 00:00:00,0.0000000000,41.0000000000,0.0000000000,24.2833300000
2023-04-15 00:15:00,0.0000000000,41.0000000000,0.0000000000,24.5500000000
2023-04-15 00:30:00,0.0000000000,40.0000000000,0.0000000000,25.0000000000
2023-04-15 00:45:00,0.0000000000,39.0000000000,0.0000000000,25.2166700000
2023-04-15 01:00:00,0.0000000000,40.0000000000,0.0000000000,24.8000000000
2023-04-15 01:15:00,0.0000000000,40.0000000000,0.0000000000,24.5333300000
2023-04-15 01:30:00,0.0000000000,40.0000000000,0.0000000000,24.4000000000
2023-04-15 01:45:00,0.0000000000,39.0000000000,0.0000000000,23.9500000000
2023-04-15 02:00:00,0.0000000000,39.0000000000,0.0000000000,23.3500000000
2023-04-15 02:15:00,0.0000000000,39.0000000000,0.0000000000,23.1166700000
2023-04-15 02:30:00,0.0000000000,39.0000000000,0.0000000000,22.9000000000
2023-04-15 02:45:00,0.0000000000,39.0000000000,0.0000000000,22.6500000000
2023-04-15 03:00:00,0.0000000000,39.0000000000,0.0000000000,22.3833300000
2023-04-15 03:15:00,0.0000000000,38.0000000000,0.0000000000,21.9333300000
2023-04-15 03:30:00,0.0000000000,38.0000000000,0.0000000000,21.0333300000
2023-04-15 03:45:00,0.0000000000,39.0000000000,0.0000000000,20.2666700000
2023-04-15 04:00:00,0.0000000000,38.0000000000,0.0000000000,20.1000000000
2023-04-15 04:15:00,0.0000000000,38.0000000000,0.0000000000,20.1500000000
2023-04-15 04:30:00,0.0000000000,38.0000000000,0.0000000000,20.0666700000
2023-04-15 04:45:00,0.0000000000,38.0000000000,0.0000000000,20.3333300000
2023-04-15 05:00:00,0.0000000000,37.0000000000,0.0000000000,19.9166700000
2023-04-15 05:15:00,0.0000000000,38.0000000000,0.0000000000,19.8166700000
2023-04-15 05:30:00,0.0000000000,37.0000000000,0.0000000000,19.9833300000
2023-04-15 05:45:00,0.0000000000,37.0000000000,0.0000000000,19.6500000000
2023-04-15 06:00:00,4.0000000000,38.0000000000,1.9934950000,19.5166700000
2023-04-15 06:15:00,8.0000000000,37.0000000000,13.5272800000,19.5000000000
2023-04-15 06:30:00,24.0000000000,36.0000000000,32.3942900000,19.9000000000
2023-04-15 06:45:00,40.0000000000,37.0000000000,56.4586100000,21.3500000000
2023-04-15 07:00:00,60.0000000000,36.0000000000,86.3610400000,23.4666700000
2023-04-15 07:15:00,88.0000000000,37.0000000000,121.5320000000,25.5666700000
2023-04-15 07:30:00,120.0000000000,37.0000000000,162.3986000000,27.9333300000
2023-04-15 07:45:00,148.0000000000,38.0000000000,207.6794000000,30.5500000000
2023-04-15 08:00:00,180.0000000000,38.0000000000,246.9798000000,33.0833300000
2023-04-15 08:15:00,220.0000000000,38.0000000000,295.0372000000,35.2166700000
2023-04-15 08:30:00,248.0000000000,39.0000000000,342.1691000000,37.8333300000
2023-04-15 08:45:00,284.0000000000,39.0000000000,388.2331000000,40.5166700000
2023-04-15 09:00:00,316.0000000000,40.0000000000,435.7210000000,42.4333300000
2023-04-15 09:15:00,340.0000000000,40.0000000000,471.9599000000,44.9500000000
2023-04-15 09:30:00,368.0000000000,38.0000000000,508.1275000000,47.6000000000
2023-04-15 09:45:00,392.0000000000,42.0000000000,549.7061000000,50.1500000000
2023-04-15 10:00:00,420.0000000000,42.0000000000,588.2945000000,51.2000000000
2023-04-15 10:15:00,440.0000000000,42.0000000000,615.3491000000,52.9666700000
2023-04-15 10:30:00,452.0000000000,43.0000000000,640.4102000000,54.7500000000
2023-04-15 10:45:00,464.0000000000,44.0000000000,661.2706000000,56.8000000000
2023-04-15 11:00:00,484.0000000000,44.0000000000,695.7296000000,58.3500000000
2023-04-15 11:15:00,500.0000000000,44.0000000000,720.2923000000,59.3000000000
2023-04-15 11:30:00,512.0000000000,44.0000000000,738.3050000000,59.7666700000
2023-04-15 11:45:00,512.0000000000,45.0000000000,751.4051000000,59.3666600000
2023-04-15 12:00:00,528.0000000000,45.0000000000,764.5764000000,60.3666600000
2023-04-15 12:15:00,528.0000000000,46.0000000000,772.7640000000,61.0333300000
2023-04-15 12:30:00,528.0000000000,46.0000000000,772.1232000000,61.0833300000
2023-04-15 12:45:00,536.0000000000,46.0000000000,777.0357000000,61.6333400000
2023-04-15 13:00:00,520.0000000000,46.0000000000,764.5764000000,62.3666600000
2023-04-15 13:15:00,520.0000000000,47.0000000000,764.9324000000,62.9833300000
2023-04-15 13:30:00,504.0000000000,48.0000000000,738.4473000000,62.5166700000
2023-04-15 13:45:00,484.0000000000,48.0000000000,711.3216000000,61.5333300000
2023-04-15 14:00:00,468.0000000000,48.0000000000,686.0469000000,60.7333300000
2023-04-15 14:15:00,444.0000000000,48.0000000000,649.1672000000,61.5000000000
2023-04-15 14:30:00,416.0000000000,48.0000000000,615.6339000000,60.5833300000
2023-04-15 14:45:00,396.0000000000,48.0000000000,579.5374000000,58.6666700000
2023-04-15 15:00:00,368.0000000000,49.0000000000,542.0881000000,57.0666700000
2023-04-15 15:15:00,332.0000000000,49.0000000000,495.6682000000,54.9833300000
2023-04-15 15:30:00,304.0000000000,48.0000000000,445.3325000000,53.8166700000
2023-04-15 15:45:00,256.0000000000,49.0000000000,376.4857000000,51.6833300000
2023-04-15 16:00:00,276.0000000000,48.0000000000,400.6212000000,50.2166700000
2023-04-15 16:15:00,204.0000000000,49.0000000000,314.8298000000,49.4500000000
2023-04-15 16:30:00,148.0000000000,48.0000000000,202.5533000000,46.4333300000
2023-04-15 16:45:00,48.0000000000,48.0000000000,79.4550100000,42.7500000000
2023-04-15 17:00:00,32.0000000000,48.0000000000,40.0834800000,38.6333400000
2023-04-15 17:15:00,32.0000000000,47.0000000000,42.1481700000,36.1500000000
2023-04-15 17:30:00,20.0000000000,47.0000000000,27.1969600000,34.7166700000
2023-04-15 17:45:00,12.0000000000,46.0000000000,18.5110200000,33.4000000000
2023-04-15 18:00:00,20.0000000000,45.0000000000,25.0610700000,32.4000000000
2023-04-15 18:15:00,20.0000000000,46.0000000000,27.6953400000,32.5500000000
2023-04-15 18:30:00,4.0000000000,45.0000000000,11.1778100000,32.7666700000
2023-04-15 18:45:00,0.0000000000,45.0000000000,0.0000000000,31.9000000000
2023-04-15 19:00:00,0.0000000000,46.0000000000,0.0000000000,30.8666700000
2023-04-15 19:15:00,0.0000000000,45.0000000000,0.0000000000,30.2166700000
2023-04-15 19:30:00,0.0000000000,45.0000000000,0.0000000000,29.5833300000
2023-04-15 19:45:00,0.0000000000,45.0000000000,0.0000000000,28.9333300000
2023-04-15 20:00:00,0.0000000000,45.0000000000,0.0000000000,28.8166700000
2023-04-15 20:15:00,0.0000000000,45.0000000000,0.0000000000,29.0833300000
2023-04-15 20:30:00,0.0000000000,44.0000000000,0.0000000000,29.5000000000
2023-04-15 20:45:00,0.0000000000,43.0000000000,0.0000000000,30.0666700000
2023-04-15 21:00:00,0.0000000000,44.0000000000,0.0000000000,30.0666700000
2023-04-15 21:15:00,0.0000000000,42.0000000000,0.0000000000,28.9166700000
2023-04-15 21:30:00,0.0000000000,43.0000000000,0.0000000000,28.0500000000
2023-04-15 21:45:00,0.0000000000,43.0000000000,0.0000000000,27.8333300000
2023-04-15 22:00:00,0.0000000000,43.0000000000,0.0000000000,27.7000000000
2023-04-15 22:15:00,0.0000000000,42.0000000000,0.0000000000,27.2500000000
2023-04-15 22:30:00,0.0000000000,43.0000000000,0.0000000000,26.4333300000
2023-04-15 22:45:00,0.0000000000,42.0000000000,0.0000000000,25.8500000000
2023-04-15 23:00:00,0.0000000000,42.0000000000,0.0000000000,25.3500000000
2023-04-15 23:15:00,0.0000000000,43.0000000000,0.0000000000,25.0500000000
2023-04-15 23:30:00,0.0000000000,42.0000000000,0.0000000000,25.0833300000
2023-04-15 23:45:00,0.0000000000,42.0000000000,0.0000000000,25.2000000000
2023-04-16 00:00:00,0.0000000000,41.0000000000,0.0000000000,24.9166700000
2023-04-16 00:15:00,0.0000000000,42.0000000000,0.0000000000,24.5500000000
2023-04-16 00:30:00,0.0000000000,40.0000000000,0.0000000000,24.3166700000
2023-04-16 00:45:00,0.0000000000,43.0000000000,0.0000000000,24.4666700000
2023-04-16 01:00:00,0.0000000000,41.0000000000,0.0000000000,25.0333300000
2023-04-16 01:15:00,0.0000000000,40.0000000000,0.0000000000,25.8000000000
2023-04-16 01:30:00,0.0000000000,40.0000000000,0.0000000000,26.1500000000
2023-04-16 01:45:00,0.0000000000,41.0000000000,0.0000000000,25.4000000000
2023-04-16 02:00:00,0.0000000000,40.0000000000,0.0000000000,24.5500000000
2023-04-16 02:15:00,0.0000000000,40.0000000000,0.0000000000,24.5666700000
2023-04-16 02:30:00,0.0000000000,38.0000000000,0.0000000000,24.5500000000
2023-04-16 02:45:00,0.0000000000,40.0000000000,0.0000000000,24.4666700000
2023-04-16 03:00:00,0.0000000000,40.0000000000,0.0000000000,23.6500000000
2023-04-16 03:15:00,0.0000000000,39.0000000000,0.0000000000,23.1333300000
2023-04-16 03:30:00,0.0000000000,38.0000000000,0.0000000000,22.8500000000
2023-04-16 03:45:00,0.0000000000,39.0000000000,0.0000000000,22.5166700000
2023-04-16 04:00:00,0.0000000000,39.0000000000,0.0000000000,22.2500000000
2023-04-16 04:15:00,0.0000000000,39.0000000000,0.0000000000,22.3333300000
2023-04-16 04:30:00,0.0000000000,39.0000000000,0.0000000000,22.2333300000
2023-04-16 04:45:00,0.0000000000,38.0000000000,0.0000000000,22.2166700000
2023-04-16 05:00:00,0.0000000000,40.0000000000,0.0000000000,22.3333300000
2023-04-16 05:15:00,0.0000000000,39.0000000000,0.0000000000,22.4166700000
2023-04-16 05:30:00,0.0000000000,39.0000000000,0.0000000000,22.5000000000
2023-04-16 05:45:00,0.0000000000,37.0000000000,0.0000000000,22.3833300000
2023-04-16 06:00:00,4.0000000000,38.0000000000,1.7087100000,22.1500000000
2023-04-16 06:15:00,8.0000000000,38.0000000000,12.8865200000,21.7333300000
2023-04-16 06:30:00,24.0000000000,38.0000000000,32.8926600000,21.9000000000
2023-04-16 06:45:00,44.0000000000,38.0000000000,59.4488600000,22.9333300000
2023-04-16 07:00:00,68.0000000000,37.0000000000,94.8333900000,25.1166700000
2023-04-16 07:15:00,92.0000000000,38.0000000000,127.2277000000,27.3666700000
2023-04-16 07:30:00,112.0000000000,39.0000000000,156.6317000000,29.7000000000
2023-04-16 07:45:00,140.0000000000,38.0000000000,195.2913000000,31.9666700000
2023-04-16 08:00:00,172.0000000000,39.0000000000,238.2938000000,34.4500000000
2023-04-16 08:15:00,200.0000000000,39.0000000000,282.7202000000,36.9333300000
2023-04-16 08:30:00,188.0000000000,39.0000000000,267.4131000000,38.3166700000
2023-04-16 08:45:00,224.0000000000,41.0000000000,289.2703000000,38.0333300000
2023-04-16 09:00:00,308.0000000000,39.0000000000,443.9085000000,41.0000000000
2023-04-16 09:15:00,324.0000000000,40.0000000000,479.5067000000,44.0666700000
2023-04-16 09:30:00,344.0000000000,40.0000000000,516.0303000000,45.4500000000
2023-04-16 09:45:00,392.0000000000,41.0000000000,584.2363000000,47.1833300000
2023-04-16 10:00:00,408.0000000000,42.0000000000,597.7636000000,50.3166700000
2023-04-16 10:15:00,444.0000000000,42.0000000000,640.1966000000,52.2833300000
2023-04-16 10:30:00,476.0000000000,43.0000000000,667.5359000000,55.2666700000
2023-04-16 10:45:00,464.0000000000,44.0000000000,690.1763000000,57.0500000000
2023-04-16 11:00:00,504.0000000000,43.0000000000,734.8163000000,56.4333300000
2023-04-16 11:15:00,544.0000000000,45.0000000000,776.8221000000,58.0000000000
2023-04-16 11:30:00,556.0000000000,44.0000000000,805.7990000000,59.8333300000
2023-04-16 11:45:00,560.0000000000,45.0000000000,818.8279000000,61.7000000000
2023-04-16 12:00:00,572.0000000000,45.0000000000,837.6949000000,62.7666700000
2023-04-16 12:15:00,576.0000000000,46.0000000000,844.8146000000,64.9166600000
2023-04-16 12:30:00,576.0000000000,47.0000000000,850.3679000000,65.8833300000
2023-04-16 12:45:00,572.0000000000,46.0000000000,844.8857000000,64.2000000000
2023-04-16 13:00:00,568.0000000000,47.0000000000,840.1156000000,64.8666700000
2023-04-16 13:15:00,560.0000000000,48.0000000000,829.8633000000,64.9166600000
2023-04-16 13:30:00,540.0000000000,47.0000000000,802.3816000000,64.5833400000
2023-04-16 13:45:00,536.0000000000,48.0000000000,783.0162000000,63.6666700000
2023-04-16 14:00:00,516.0000000000,48.0000000000,757.8839000000,61.4500000000
2023-04-16 14:15:00,492.0000000000,48.0000000000,726.5576000000,60.6666700000
2023-04-16 14:30:00,472.0000000000,49.0000000000,700.1437000000,61.5000000000
2023-04-16 14:45:00,436.0000000000,49.0000000000,645.3227000000,61.6666700000
2023-04-16 15:00:00,400.0000000000,51.0000000000,588.6505000000,59.2000000000
2023-04-16 15:15:00,368.0000000000,49.0000000000,548.3535000000,56.8666600000
2023-04-16 15:30:00,336.0000000000,49.0000000000,497.9465000000,55.9666700000
2023-04-16 15:45:00,304.0000000000,49.0000000000,450.6010000000,55.0000000000
2023-04-16 16:00:00,268.0000000000,49.0000000000,393.2168000000,52.6166600000
2023-04-16 16:15:00,224.0000000000,49.0000000000,338.4669000000,49.5166700000
2023-04-16 16:30:00,172.0000000000,49.0000000000,264.4228000000,46.9833300000
2023-04-16 16:45:00,144.0000000000,48.0000000000,220.2099000000,44.7666700000
2023-04-16 17:00:00,112.0000000000,48.0000000000,176.3531000000,42.7666700000
2023-04-16 17:15:00,92.0000000000,47.0000000000,140.7550000000,41.4333300000
2023-04-16 17:30:00,68.0000000000,48.0000000000,107.3639000000,39.9000000000
2023-04-16 17:45:00,44.0000000000,48.0000000000,70.8402600000,38.3166700000
2023-04-16 18:00:00,24.0000000000,47.0000000000,39.7987000000,36.3500000000
2023-04-16 18:15:00,12.0000000000,46.0000000000,16.1615500000,34.5333300000
2023-04-16 18:30:00,0.0000000000,47.0000000000,1.3527280000,32.8333300000
2023-04-16 18:45:00,0.0000000000,46.0000000000,0.0000000000,31.0166700000
2023-04-16 19:00:00,0.0000000000,47.0000000000,0.0000000000,29.7333300000
2023-04-16 19:15:00,0.0000000000,47.0000000000,0.0000000000,28.3833300000
2023-04-16 19:30:00,0.0000000000,45.0000000000,0.0000000000,27.2500000000
2023-04-16 19:45:00,0.0000000000,47.0000000000,0.0000000000,26.1666700000
2023-04-16 20:00:00,0.0000000000,45.0000000000,0.0000000000,25.3500000000
2023-04-16 20:15:00,0.0000000000,44.0000000000,0.0000000000,25.4000000000
2023-04-16 20:30:00,0.0000000000,44.0000000000,0.0000000000,25.9833300000
2023-04-16 20:45:00,0.0000000000,43.0000000000,0.0000000000,27.3833300000
2023-04-16 21:00:00,0.0000000000,44.0000000000,0.0000000000,27.9000000000
2023-04-16 21:15:00,0.0000000000,43.0000000000,0.0000000000,27.2000000000
2023-04-16 21:30:00,0.0000000000,42.0000000000,0.0000000000,26.1000000000
2023-04-16 21:45:00,0.0000000000,43.0000000000,0.0000000000,24.8000000000
2023-04-16 22:00:00,0.0000000000,42.0000000000,0.0000000000,23.9000000000
2023-04-16 22:15:00,0.0000000000,42.0000000000,0.0000000000,23.4666700000
2023-04-16 22:30:00,0.0000000000,42.0000000000,0.0000000000,23.1166700000
2023-04-16 22:45:00,0.0000000000,42.0000000000,0.0000000000,23.0500000000
2023-04-16 23:00:00,0.0000000000,42.0000000000,0.0000000000,23.5333300000
2023-04-16 23:15:00,0.0000000000,42.0000000000,0.0000000000,23.8333300000
2023-04-16 23:30:00,0.0000000000,42.0000000000,0.0000000000,23.4833300000
2023-04-16 23:45:00,0.0000000000,42.0000000000,0.0000000000,23.0000000000
2023-04-17 00:00:00,0.0000000000,40.0000000000,0.0000000000,22.7333300000
2023-04-17 00:15:00,0.0000000000,42.0000000000,0.0000000000,22.5000000000
2023-04-17 00:30:00,0.0000000000,41.0000000000,0.0000000000,22.4833300000
2023-04-17 00:45:00,0.0000000000,42.0000000000,0.0000000000,23.5000000000
2023-04-17 01:00:00,0.0000000000,41.0000000000,0.0000000000,24.4500000000
2023-04-17 01:15:00,0.0000000000,42.0000000000,0.0000000000,24.4833300000
2023-04-17 01:30:00,0.0000000000,42.0000000000,0.0000000000,24.0000000000
2023-04-17 01:45:00,0.0000000000,42.0000000000,0.0000000000,23.0500000000
2023-04-17 02:00:00,0.0000000000,40.0000000000,0.0000000000,22.3666700000
2023-04-17 02:15:00,0.0000000000,39.0000000000,0.0000000000,21.7333300000
2023-04-17 02:30:00,0.0000000000,39.0000000000,0.0000000000,21.0666700000
2023-04-17 02:45:00,0.0000000000,40.0000000000,0.0000000000,20.5333300000
2023-04-17 03:00:00,0.0000000000,39.0000000000,0.0000000000,20.3166700000
2023-04-17 03:15:00,0.0000000000,38.0000000000,0.0000000000,19.6000000000
2023-04-17 03:30:00,0.0000000000,38.0000000000,0.0000000000,18.9666700000
2023-04-17 03:45:00,0.0000000000,38.0000000000,0.0000000000,18.8333300000
2023-04-17 04:00:00,0.0000000000,38.0000000000,0.0000000000,18.8166700000
2023-04-17 04:15:00,0.0000000000,38.0000000000,0.0000000000,18.7833300000
2023-04-17 04:30:00,0.0000000000,38.0000000000,0.0000000000,19.4666700000
2023-04-17 04:45:00,0.0000000000,37.0000000000,0.0000000000,19.9166700000
2023-04-17 05:00:00,0.0000000000,37.0000000000,0.0000000000,19.5500000000
2023-04-17 05:15:00,0.0000000000,37.0000000000,0.0000000000,19.2666700000
2023-04-17 05:30:00,0.0000000000,36.0000000000,0.0000000000,19.0833300000
2023-04-17 05:45:00,0.0000000000,38.0000000000,0.0000000000,18.9166700000
2023-04-17 06:00:00,2.4000000000,37.0000000000,2.7766530000,19.0500000000
2023-04-17 06:15:00,13.2000000000,36.0000000000,17.2294900000,20.0500000000
2023-04-17 06:30:00,29.2000000000,37.0000000000,40.2970700000,20.9833300000
2023-04-17 06:45:00,52.4000000000,36.0000000000,71.7658100000,22.6000000000
2023-04-17 07:00:00,81.6000000000,37.0000000000,113.9852000000,24.8666700000
2023-04-17 07:15:00,114.0000000000,37.0000000000,158.5540000000,27.2833300000
2023-04-17 07:30:00,150.8000000000,38.0000000000,208.3914000000,29.9000000000
2023-04-17 07:45:00,187.6000000000,38.0000000000,258.9407000000,32.9166700000
2023-04-17 08:00:00,227.6000000000,38.0000000000,311.7683000000,36.2000000000
2023-04-17 08:15:00,269.6000000000,38.0000000000,367.0878000000,38.9000000000
2023-04-17 08:30:00,308.4000000000,39.0000000000,420.4138000000,41.1666700000
2023-04-17 08:45:00,344.8000000000,40.0000000000,470.1799000000,43.0166700000
2023-04-17 09:00:00,376.0000000000,38.0000000000,514.9623000000,45.4500000000
2023-04-17 09:15:00,400.0000000000,41.0000000000,553.2659000000,46.9500000000
2023-04-17 09:30:00,424.0000000000,42.0000000000,588.5793000000,47.8166700000
2023-04-17 09:45:00,456.0000000000,42.0000000000,628.8763000000,50.0833300000
2023-04-17 10:00:00,480.0000000000,42.0000000000,673.9435000000,52.5500000000
2023-04-17 10:15:00,504.0000000000,43.0000000000,715.5222000000,54.6666700000
2023-04-17 10:30:00,524.0000000000,44.0000000000,748.4860000000,57.1000000000
2023-04-17 10:45:00,540.0000000000,43.0000000000,778.1036000000,57.9166700000
2023-04-17 11:00:00,552.0000000000,44.0000000000,799.3913000000,60.0666700000
2023-04-17 11:15:00,568.0000000000,44.0000000000,823.0285000000,61.6500000000
2023-04-17 11:30:00,572.0000000000,44.0000000000,838.1933000000,62.9000000000
2023-04-17 11:45:00,588.0000000000,45.0000000000,861.8304000000,64.3500000000
2023-04-17 12:00:00,600.0000000000,45.0000000000,877.9208000000,62.5500000000
2023-04-17 12:15:00,596.0000000000,46.0000000000,881.4806000000,63.1500000000
2023-04-17 12:30:00,596.0000000000,46.0000000000,877.4224000000,63.2166700000
2023-04-17 12:45:00,592.0000000000,50.0000000000,872.4387000000,63.3000000000
2023-04-17 13:00:00,584.0000000000,48.0000000000,856.7755000000,62.6166600000
2023-04-17 13:15:00,576.0000000000,48.0000000000,845.0993000000,62.0166700000
2023-04-17 13:30:00,560.0000000000,47.0000000000,822.1741000000,61.3500000000
2023-04-17 13:45:00,532.0000000000,48.0000000000,785.2945000000,60.3833400000
2023-04-17 14:00:00,524.0000000000,48.0000000000,770.1297000000,60.6666700000
2023-04-17 14:15:00,504.0000000000,48.0000000000,739.1593000000,59.2333300000
2023-04-17 14:30:00,496.0000000000,48.0000000000,720.5771000000,58.2500000000
2023-04-17 14:45:00,456.0000000000,49.0000000000,670.6686000000,57.3000000000
2023-04-17 15:00:00,424.0000000000,49.0000000000,624.1774000000,56.4000000000
2023-04-17 15:15:00,388.0000000000,50.0000000000,570.0682000000,55.7000000000
2023-04-17 15:30:00,344.0000000000,49.0000000000,508.6259000000,53.9000000000
2023-04-17 15:45:00,292.0000000000,49.0000000000,437.7856000000,51.7333300000
2023-04-17 16:00:00,252.0000000000,49.0000000000,379.5471000000,49.5500000000
2023-04-17 16:15:00,224.0000000000,49.0000000000,332.5576000000,48.3666600000
2023-04-17 16:30:00,184.0000000000,48.0000000000,275.3871000000,47.4000000000
2023-04-17 16:45:00,156.0000000000,46.0000000000,236.4427000000,45.5833300000
2023-04-17 17:00:00,120.0000000000,48.0000000000,186.6765000000,43.8166700000
2023-04-17 17:15:00,84.0000000000,48.0000000000,135.4153000000,41.7833300000
2023-04-17 17:30:00,56.0000000000,47.0000000000,88.7105100000,39.4333300000
2023-04-17 17:45:00,32.0000000000,47.0000000000,51.6884700000,37.3000000000
2023-04-17 18:00:00,16.0000000000,48.0000000000,26.3426100000,35.3500000000
2023-04-17 18:15:00,8.0000000000,47.0000000000,10.8218300000,33.9000000000
2023-04-17 18:30:00,0.0000000000,46.0000000000,1.0679430000,32.7333300000
2023-04-17 18:45:00,0.0000000000,45.0000000000,0.0000000000,31.7000000000
2023-04-17 19:00:00,0.0000000000,46.0000000000,0.0000000000,30.4000000000
2023-04-17 19:15:00,0.0000000000,45.0000000000,0.0000000000,29.1166700000
2023-04-17 19:30:00,0.0000000000,45.0000000000,0.0000000000,28.2000000000
2023-04-17 19:45:00,0.0000000000,45.0000000000,0.0000000000,27.6166700000
2023-04-17 20:00:00,0.0000000000,45.0000000000,0.0000000000,27.1500000000
2023-04-17 20:15:00,0.0000000000,45.0000000000,0.0000000000,26.7666700000
2023-04-17 20:30:00,0.0000000000,45.0000000000,0.0000000000,27.5000000000
2023-04-17 20:45:00,0.0000000000,43.0000000000,0.0000000000,27.6500000000
2023-04-17 21:00:00,0.0000000000,44.0000000000,0.0000000000,27.0833300000
2023-04-17 21:15:00,0.0000000000,44.0000000000,0.0000000000,26.3333300000
2023-04-17 21:30:00,0.0000000000,44.0000000000,0.0000000000,26.7000000000
2023-04-17 21:45:00,0.0000000000,43.0000000000,0.0000000000,27.2833300000
2023-04-17 22:00:00,0.0000000000,43.0000000000,0.0000000000,27.3666700000
2023-04-17 22:15:00,0.0000000000,42.0000000000,0.0000000000,27.1833300000
2023-04-17 22:30:00,0.0000000000,43.0000000000,0.0000000000,27.1000000000
2023-04-17 22:45:00,0.0000000000,42.0000000000,0.0000000000,26.9333300000
2023-04-17 23:00:00,0.0000000000,43.0000000000,0.0000000000,26.5500000000
2023-04-17 23:15:00,0.0000000000,41.0000000000,0.0000000000,26.4500000000
2023-04-17 23:30:00,0.0000000000,42.0000000000,0.0000000000,26.3166700000
2023-04-17 23:45:00,0.0000000000,42.0000000000,0.0000000000,26.2500000000
2023-04-18 00:00:00,0.0000000000,41.0000000000,0.0000000000,26.1000000000
2023-04-18 00:15:00,0.0000000000,42.0000000000,0.0000000000,25.7166700000
2023-04-18 00:30:00,0.0000000000,42.0000000000,0.0000000000,25.5000000000
2023-04-18 00:45:00,0.0000000000,41.0000000000,0.0000000000,25.5000000000
2023-04-18 01:00:00,0.0000000000,42.0000000000,0.0000000000,25.5833300000
2023-04-18 01:15:00,0.0000000000,41.0000000000,0.0000000000,25.3333300000
2023-04-18 01:30:00,0.0000000000,43.0000000000,0.0000000000,24.6166700000
2023-04-18 01:45:00,0.0000000000,42.0000000000,0.0000000000,23.5833300000
2023-04-18 02:00:00,0.0000000000,40.0000000000,0.0000000000,22.6000000000
2023-04-18 02:15:00,0.0000000000,40.0000000000,0.0000000000,22.2000000000
2023-04-18 02:30:00,0.0000000000,40.0000000000,0.0000000000,21.8500000000
2023-04-18 02:45:00,0.0000000000,39.0000000000,0.0000000000,21.5000000000
2023-04-18 03:00:00,0.0000000000,40.0000000000,0.0000000000,21.2833300000
2023-04-18 03:15:00,0.0000000000,40.0000000000,0.0000000000,21.0000000000
2023-04-18 03:30:00,0.0000000000,39.0000000000,0.0000000000,21.0500000000
2023-04-18 03:45:00,0.0000000000,39.0000000000,0.0000000000,21.5166700000
2023-04-18 04:00:00,0.0000000000,38.0000000000,0.0000000000,21.7000000000
2023-04-18 04:15:00,0.0000000000,39.0000000000,0.0000000000,21.7833300000
2023-04-18 04:30:00,0.0000000000,39.0000000000,0.0000000000,21.4666700000
2023-04-18 04:45:00,0.0000000000,39.0000000000,0.0000000000,21.4000000000
2023-04-18 05:00:00,0.0000000000,38.0000000000,0.0000000000,21.5333300000
2023-04-18 05:15:00,0.0000000000,38.0000000000,0.0000000000,21.7333300000
2023-04-18 05:30:00,0.0000000000,38.0000000000,0.0000000000,21.8000000000
2023-04-18 05:45:00,0.0000000000,38.0000000000,0.0000000000,22.0333300000
2023-04-18 06:00:00,2.8000000000,37.0000000000,3.0614380000,22.2666700000
2023-04-18 06:15:00,12.8000000000,38.0000000000,16.6599200000,22.7166700000
2023-04-18 06:30:00,28.0000000000,38.0000000000,38.5883600000,23.1166700000
2023-04-18 06:45:00,47.2000000000,37.0000000000,67.2092500000,23.9500000000
2023-04-18 07:00:00,73.2000000000,37.0000000000,103.5193000000,25.6333300000
2023-04-18 07:15:00,103.2000000000,38.0000000000,145.5251000000,27.9666700000
2023-04-18 07:30:00,133.6000000000,38.0000000000,186.9613000000,30.6666700000
2023-04-18 07:45:00,165.6000000000,39.0000000000,231.0318000000,33.3500000000
2023-04-18 08:00:00,204.0000000000,38.0000000000,281.4387000000,35.7500000000
2023-04-18 08:15:00,242.4000000000,39.0000000000,332.8424000000,38.2000000000
2023-04-18 08:30:00,282.0000000000,39.0000000000,386.8091000000,40.6833300000
2023-04-18 08:45:00,324.4000000000,40.0000000000,444.6917000000,43.4166700000
2023-04-18 09:00:00,364.0000000000,42.0000000000,501.3639000000,45.6833300000
2023-04-18 09:15:00,388.0000000000,41.0000000000,544.2952000000,47.8500000000
2023-04-18 09:30:00,424.0000000000,42.0000000000,590.9999000000,50.1666700000
2023-04-18 09:45:00,452.0000000000,42.0000000000,638.6302000000,51.3666600000
2023-04-18 10:00:00,488.0000000000,43.0000000000,687.9692000000,53.9000000000
2023-04-18 10:15:00,512.0000000000,43.0000000000,727.1271000000,57.3833400000
2023-04-18 10:30:00,524.0000000000,44.0000000000,751.0491000000,59.2833300000
2023-04-18 10:45:00,548.0000000000,44.0000000000,790.6342000000,59.8833400000
2023-04-18 11:00:00,560.0000000000,44.0000000000,815.1257000000,60.4666700000
2023-04-18 11:15:00,580.0000000000,45.0000000000,840.4716000000,61.3500000000
2023-04-18 11:30:00,592.0000000000,46.0000000000,869.5197000000,62.7000000000
2023-04-18 11:45:00,604.0000000000,46.0000000000,889.7394000000,64.7833300000
2023-04-18 12:00:00,608.0000000000,46.0000000000,905.1177000000,67.2166700000
2023-04-18 12:15:00,616.0000000000,48.0000000000,903.2667000000,67.2500000000
2023-04-18 12:30:00,616.0000000000,47.0000000000,916.9363000000,66.1833300000
2023-04-18 12:45:00,604.0000000000,47.0000000000,892.9432000000,66.8166700000
2023-04-18 13:00:00,592.0000000000,48.0000000000,882.4774000000,65.9500000000
2023-04-18 13:15:00,580.0000000000,49.0000000000,861.1897000000,66.8333400000
2023-04-18 13:30:00,548.0000000000,48.0000000000,819.8959000000,65.3500000000
2023-04-18 13:45:00,536.0000000000,48.0000000000,793.4108000000,65.5333300000
2023-04-18 14:00:00,520.0000000000,49.0000000000,771.6960000000,65.2166700000
2023-04-18 14:15:00,488.0000000000,49.0000000000,735.0299000000,64.5500000000
2023-04-18 14:30:00,464.0000000000,49.0000000000,691.4579000000,62.8166700000
2023-04-18 14:45:00,444.0000000000,49.0000000000,652.2288000000,62.2833300000
2023-04-18 15:00:00,424.0000000000,50.0000000000,624.6758000000,60.9833300000
2023-04-18 15:15:00,380.0000000000,49.0000000000,569.0003000000,59.0500000000
2023-04-18 15:30:00,336.0000000000,49.0000000000,503.9982000000,57.8833400000
2023-04-18 15:45:00,296.0000000000,49.0000000000,442.6270000000,55.6166600000
2023-04-18 16:00:00,256.0000000000,49.0000000000,382.3238000000,53.0000000000
2023-04-18 16:15:00,180.0000000000,48.0000000000,283.0762000000,50.0666700000
2023-04-18 16:30:00,40.0000000000,48.0000000000,64.8597700000,44.6833300000
2023-04-18 16:45:00,84.0000000000,48.0000000000,103.1633000000,40.0666700000
2023-04-18 17:00:00,140.0000000000,48.0000000000,199.5630000000,40.6500000000
2023-04-18 17:15:00,104.0000000000,47.0000000000,159.3371000000,42.1500000000
2023-04-18 17:30:00,76.0000000000,48.0000000000,116.4058000000,41.6666700000
2023-04-18 17:45:00,36.0000000000,47.0000000000,53.9667500000,39.6000000000
2023-04-18 18:00:00,16.0000000000,46.0000000000,27.3393500000,37.0500000000
2023-04-18 18:15:00,8.0000000000,47.0000000000,9.1131180000,34.7500000000
2023-04-18 18:30:00,0.0000000000,48.0000000000,0.0711962400,32.8500000000
2023-04-18 18:45:00,0.0000000000,47.0000000000,0.0000000000,31.4166700000
2023-04-18 19:00:00,0.0000000000,47.0000000000,0.0000000000,30.4500000000
2023-04-18 19:15:00,0.0000000000,48.0000000000,0.0000000000,30.0333300000
2023-04-18 19:30:00,0.0000000000,46.0000000000,0.0000000000,29.6833300000
2023-04-18 19:45:00,0.0000000000,46.0000000000,0.0000000000,29.1166700000
2023-04-18 20:00:00,0.0000000000,45.0000000000,0.0000000000,28.6666700000
2023-04-18 20:15:00,0.0000000000,45.0000000000,0.0000000000,28.4333300000
2023-04-18 20:30:00,0.0000000000,45.0000000000,0.0000000000,29.1166700000
2023-04-18 20:45:00,0.0000000000,44.0000000000,0.0000000000,29.4833300000
2023-04-18 21:00:00,0.0000000000,45.0000000000,0.0000000000,29.2666700000
2023-04-18 21:15:00,0.0000000000,44.0000000000,0.0000000000,29.3166700000
2023-04-18 21:30:00,0.0000000000,43.0000000000,0.0000000000,29.0166700000
2023-04-18 21:45:00,0.0000000000,44.0000000000,0.0000000000,28.2000000000
2023-04-18 22:00:00,0.0000000000,43.0000000000,0.0000000000,27.8166700000
2023-04-18 22:15:00,0.0000000000,43.0000000000,0.0000000000,28.3333300000
2023-04-18 22:30:00,0.0000000000,43.0000000000,0.0000000000,28.3333300000
2023-04-18 22:45:00,0.0000000000,43.0000000000,0.0000000000,28.1333300000
2023-04-18 23:00:00,0.0000000000,43.0000000000,0.0000000000,28.1166700000
2023-04-18 23:15:00,0.0000000000,43.0000000000,0.0000000000,27.9166700000
2023-04-18 23:30:00,0.0000000000,43.0000000000,0.0000000000,27.8833300000
2023-04-18 23:45:00,0.0000000000,44.0000000000,0.0000000000,27.9166700000
2023-04-19 00:00:00,0.0000000000,43.0000000000,0.0000000000,27.9833300000
2023-04-19 00:15:00,0.0000000000,42.0000000000,0.0000000000,27.8500000000
2023-04-19 00:30:00,0.0000000000,42.0000000000,0.0000000000,27.7000000000
2023-04-19 00:45:00,0.0000000000,42.0000000000,0.0000000000,27.6166700000
2023-04-19 01:00:00,0.0000000000,43.0000000000,0.0000000000,27.5666700000
2023-04-19 01:15:00,0.0000000000,42.0000000000,0.0000000000,27.3333300000
2023-04-19 01:30:00,0.0000000000,42.0000000000,0.0000000000,27.1000000000
2023-04-19 01:45:00,0.0000000000,42.0000000000,0.0000000000,27.2000000000
2023-04-19 02:00:00,0.0000000000,41.0000000000,0.0000000000,27.1666700000
2023-04-19 02:15:00,0.0000000000,42.0000000000,0.0000000000,27.2666700000
2023-04-19 02:30:00,0.0000000000,42.0000000000,0.0000000000,26.6333300000
2023-04-19 02:45:00,0.0000000000,41.0000000000,0.0000000000,25.6500000000
2023-04-19 03:00:00,0.0000000000,41.0000000000,0.0000000000,25.0166700000
2023-04-19 03:15:00,0.0000000000,39.0000000000,0.0000000000,24.5333300000
2023-04-19 03:30:00,0.0000000000,43.0000000000,0.0000000000,24.6000000000
2023-04-19 03:45:00,0.0000000000,43.0000000000,0.0000000000,25.0166700000
2023-04-19 04:00:00,0.0000000000,40.0000000000,0.0000000000,24.9166700000
2023-04-19 04:15:00,0.0000000000,40.0000000000,0.0000000000,24.4500000000
2023-04-19 04:30:00,0.0000000000,40.0000000000,0.0000000000,24.1333300000
2023-04-19 04:45:00,0.0000000000,41.0000000000,0.0000000000,23.8333300000
2023-04-19 05:00:00,0.0000000000,40.0000000000,0.0000000000,23.8500000000
2023-04-19 05:15:00,0.0000000000,41.0000000000,0.0000000000,23.9833300000
2023-04-19 05:30:00,0.0000000000,39.0000000000,0.0000000000,24.1666700000
2023-04-19 05:45:00,0.0000000000,40.0000000000,0.0000000000,24.4000000000
2023-04-19 06:00:00,4.0000000000,40.0000000000,3.6310080000,24.6166700000
2023-04-19 06:15:00,15.2000000000,39.0000000000,19.6501600000,24.7166700000
2023-04-19 06:30:00,33.2000000000,40.0000000000,45.0672100000,24.8166700000
2023-04-19 06:45:00,54.8000000000,39.0000000000,76.1799800000,25.8666700000
2023-04-19 07:00:00,80.0000000000,40.0000000000,113.0596000000,27.6166700000
2023-04-19 07:15:00,111.2000000000,39.0000000000,155.5638000000,30.0500000000
2023-04-19 07:30:00,143.6000000000,40.0000000000,199.7766000000,32.7500000000
2023-04-19 07:45:00,174.8000000000,41.0000000000,244.5591000000,35.3666600000
2023-04-19 08:00:00,214.8000000000,38.0000000000,297.1731000000,38.0500000000
2023-04-19 08:15:00,252.0000000000,40.0000000000,347.5088000000,40.7500000000
2023-04-19 08:30:00,292.0000000000,42.0000000000,403.1131000000,43.3000000000
2023-04-19 08:45:00,329.6000000000,42.0000000000,457.9342000000,46.1000000000
2023-04-19 09:00:00,364.0000000000,42.0000000000,505.8492000000,48.5666700000
2023-04-19 09:15:00,396.0000000000,42.0000000000,553.9779000000,50.9333300000
2023-04-19 09:30:00,428.0000000000,43.0000000000,601.6082000000,52.8500000000
2023-04-19 09:45:00,456.0000000000,43.0000000000,646.3194000000,54.2833300000
2023-04-19 10:00:00,484.0000000000,43.0000000000,686.0469000000,56.7166700000
2023-04-19 10:15:00,504.0000000000,44.0000000000,722.6418000000,58.8833400000
2023-04-19 10:30:00,532.0000000000,45.0000000000,764.0780000000,60.1000000000
2023-04-19 10:45:00,548.0000000000,45.0000000000,793.6957000000,62.1833300000
2023-04-19 11:00:00,564.0000000000,45.0000000000,823.3845000000,63.3500000000
2023-04-19 11:15:00,572.0000000000,46.0000000000,844.8857000000,64.2666700000
2023-04-19 11:30:00,588.0000000000,46.0000000000,860.1217000000,64.6666600000
2023-04-19 11:45:00,592.0000000000,45.0000000000,875.0729000000,65.5500000000
2023-04-19 12:00:00,584.0000000000,46.0000000000,867.8109000000,66.1666600000
2023-04-19 12:15:00,576.0000000000,47.0000000000,857.9858000000,66.6166700000
2023-04-19 12:30:00,572.0000000000,48.0000000000,847.8760000000,65.9666700000
2023-04-19 12:45:00,568.0000000000,49.0000000000,844.8857000000,66.2833300000
2023-04-19 13:00:00,564.0000000000,48.0000000000,839.3325000000,65.1666600000
2023-04-19 13:15:00,552.0000000000,49.0000000000,809.9996000000,64.0333300000
2023-04-19 13:30:00,540.0000000000,48.0000000000,803.0224000000,62.6833300000
2023-04-19 13:45:00,528.0000000000,48.0000000000,782.8738000000,62.6000000000
2023-04-19 14:00:00,492.0000000000,49.0000000000,726.4152000000,63.1666700000
2023-04-19 14:15:00,472.0000000000,49.0000000000,688.6812000000,60.9666700000
2023-04-19 14:30:00,424.0000000000,49.0000000000,652.2288000000,58.9666700000
2023-04-19 14:45:00,404.0000000000,48.0000000000,591.2136000000,56.5166700000
2023-04-19 15:00:00,384.0000000000,49.0000000000,561.8807000000,56.4166700000
2023-04-19 15:15:00,340.0000000000,49.0000000000,510.0498000000,56.2000000000
2023-04-19 15:30:00,304.0000000000,49.0000000000,455.5135000000,54.5500000000
2023-04-19 15:45:00,264.0000000000,48.0000000000,396.7766000000,53.0000000000
2023-04-19 16:00:00,184.0000000000,49.0000000000,242.9928000000,49.2333300000
2023-04-19 16:15:00,244.0000000000,48.0000000000,358.1883000000,47.0000000000
2023-04-19 16:30:00,204.0000000000,49.0000000000,308.0661000000,46.9000000000
2023-04-19 16:45:00,152.0000000000,48.0000000000,231.8862000000,45.3500000000
2023-04-19 17:00:00,116.0000000000,48.0000000000,180.9809000000,43.5833300000
2023-04-19 17:15:00,88.0000000000,49.0000000000,137.4799000000,41.8833400000
2023-04-19 17:30:00,52.0000000000,48.0000000000,83.0148200000,39.8166700000
2023-04-19 17:45:00,12.0000000000,47.0000000000,25.4882600000,37.4333300000
2023-04-19 18:00:00,8.0000000000,47.0000000000,10.1098700000,35.1000000000
2023-04-19 18:15:00,4.0000000000,47.0000000000,6.6212500000,33.3166700000
2023-04-19 18:30:00,0.0000000000,46.0000000000,0.7119623000,32.0166700000
2023-04-19 18:45:00,0.0000000000,46.0000000000,0.0000000000,31.0500000000
2023-04-19 19:00:00,0.0000000000,46.0000000000,0.0000000000,30.2000000000
2023-04-19 19:15:00,0.0000000000,46.0000000000,0.0000000000,29.7500000000
2023-04-19 19:30:00,0.0000000000,46.0000000000,0.0000000000,29.5500000000
2023-04-19 19:45:00,0.0000000000,46.0000000000,0.0000000000,29.5666700000
2023-04-19 20:00:00,0.0000000000,46.0000000000,0.0000000000,29.3666700000
2023-04-19 20:15:00,0.0000000000,46.0000000000,0.0000000000,29.8666700000
2023-04-19 20:30:00,0.0000000000,45.0000000000,0.0000000000,30.3000000000
2023-04-19 20:45:00,0.0000000000,45.0000000000,0.0000000000,29.7500000000
2023-04-19 21:00:00,0.0000000000,44.0000000000,0.0000000000,29.0166700000
2023-04-19 21:15:00,0.0000000000,45.0000000000,0.0000000000,29.2166700000
2023-04-19 21:30:00,0.0000000000,44.0000000000,0.0000000000,29.7500000000
2023-04-19 21:45:00,0.0000000000,44.0000000000,0.0000000000,29.8500000000
2023-04-19 22:00:00,0.0000000000,44.0000000000,0.0000000000,29.7000000000
2023-04-19 22:15:00,0.0000000000,44.0000000000,0.0000000000,29.6000000000
2023-04-19 22:30:00,0.0000000000,43.0000000000,0.0000000000,29.4833300000
2023-04-19 22:45:00,0.0000000000,44.0000000000,0.0000000000,29.1500000000
2023-04-19 23:00:00,0.0000000000,43.0000000000,0.0000000000,28.9000000000
2023-04-19 23:15:00,0.0000000000,44.0000000000,0.0000000000,28.8000000000
2023-04-19 23:30:00,0.0000000000,43.0000000000,0.0000000000,28.8666700000
2023-04-19 23:45:00,0.0000000000,43.0000000000,0.0000000000,28.8000000000
2023-04-20 00:00:00,0.0000000000,42.0000000000,0.0000000000,28.7000000000
2023-04-20 00:15:00,0.0000000000,43.0000000000,0.0000000000,28.5500000000
2023-04-20 00:30:00,0.0000000000,42.0000000000,0.0000000000,28.4166700000
2023-04-20 00:45:00,0.0000000000,42.0000000000,0.0000000000,28.4000000000
2023-04-20 01:00:00,0.0000000000,43.0000000000,0.0000000000,28.4666700000
2023-04-20 01:15:00,0.0000000000,42.0000000000,0.0000000000,28.3500000000
2023-04-20 01:30:00,0.0000000000,42.0000000000,0.0000000000,28.2833300000
2023-04-20 01:45:00,0.0000000000,42.0000000000,0.0000000000,28.1000000000
2023-04-20 02:00:00,0.0000000000,41.0000000000,0.0000000000,27.8333300000
2023-04-20 02:15:00,0.0000000000,42.0000000000,0.0000000000,27.4000000000
2023-04-20 02:30:00,0.0000000000,41.0000000000,0.0000000000,27.0000000000
2023-04-20 02:45:00,0.0000000000,41.0000000000,0.0000000000,26.6166700000
2023-04-20 03:00:00,0.0000000000,41.0000000000,0.0000000000,26.3166700000
2023-04-20 03:15:00,0.0000000000,41.0000000000,0.0000000000,25.7000000000
2023-04-20 03:30:00,0.0000000000,42.0000000000,0.0000000000,25.3833300000
2023-04-20 03:45:00,0.0000000000,42.0000000000,0.0000000000,25.2666700000
2023-04-20 04:00:00,0.0000000000,41.0000000000,0.0000000000,25.5000000000
2023-04-20 04:15:00,0.0000000000,45.0000000000,0.0000000000,25.7000000000
2023-04-20 04:30:00,0.0000000000,42.0000000000,0.0000000000,25.5666700000
2023-04-20 04:45:00,0.0000000000,40.0000000000,0.0000000000,24.9833300000
2023-04-20 05:00:00,0.0000000000,40.0000000000,0.0000000000,24.3666700000
2023-04-20 05:15:00,0.0000000000,39.0000000000,0.0000000000,24.1000000000
2023-04-20 05:30:00,0.0000000000,40.0000000000,0.0000000000,23.9000000000
2023-04-20 05:45:00,0.0000000000,40.0000000000,0.0000000000,24.1166700000
2023-04-20 06:00:00,3.6000000000,39.0000000000,4.6277560000,24.2000000000
2023-04-20 06:15:00,14.8000000000,39.0000000000,19.9349500000,24.4666700000
2023-04-20 06:30:00,28.8000000000,40.0000000000,39.8699000000,25.0666700000
2023-04-20 06:45:00,47.6000000000,40.0000000000,64.9309700000,26.3333300000
2023-04-20 07:00:00,73.2000000000,40.0000000000,100.1019000000,28.2166700000
2023-04-20 07:15:00,101.6000000000,40.0000000000,145.8099000000,30.4500000000
2023-04-20 07:30:00,128.8000000000,38.0000000000,184.7542000000,32.8833400000
2023-04-20 07:45:00,164.8000000000,38.0000000000,229.8927000000,35.3666600000
2023-04-20 08:00:00,192.4000000000,41.0000000000,259.1543000000,37.6833300000
2023-04-20 08:15:00,208.8000000000,41.0000000000,310.7003000000,39.5833300000
2023-04-20 08:30:00,273.6000000000,42.0000000000,398.9125000000,41.6833300000
2023-04-20 08:45:00,298.8000000000,41.0000000000,447.6107000000,44.4500000000
2023-04-20 09:00:00,296.0000000000,42.0000000000,465.6946000000,46.7833300000
2023-04-20 09:15:00,400.0000000000,42.0000000000,543.8680000000,49.1000000000
2023-04-20 09:30:00,436.0000000000,42.0000000000,614.8507000000,51.9833300000
2023-04-20 09:45:00,464.0000000000,44.0000000000,654.7206000000,52.7333300000
2023-04-20 10:00:00,488.0000000000,43.0000000000,693.8785000000,53.8500000000
2023-04-20 10:15:00,508.0000000000,45.0000000000,723.0690000000,57.0500000000
2023-04-20 10:30:00,524.0000000000,45.0000000000,756.9584000000,59.1166600000
2023-04-20 10:45:00,560.0000000000,45.0000000000,808.5757000000,59.3166700000
2023-04-20 11:00:00,548.0000000000,46.0000000000,792.4853000000,58.6166600000
2023-04-20 11:15:00,476.0000000000,46.0000000000,662.7658000000,57.3000000000
2023-04-20 11:30:00,584.0000000000,47.0000000000,879.7719000000,58.1666700000
2023-04-20 11:45:00,600.0000000000,46.0000000000,883.4741000000,61.2833300000
2023-04-20 12:00:00,600.0000000000,47.0000000000,883.9012000000,61.7333300000
2023-04-20 12:15:00,596.0000000000,47.0000000000,883.0469000000,61.1333400000
2023-04-20 12:30:00,608.0000000000,48.0000000000,877.2089000000,61.2666700000
2023-04-20 12:45:00,592.0000000000,48.0000000000,879.0599000000,63.1666700000
2023-04-20 13:00:00,588.0000000000,47.0000000000,869.9468000000,63.2000000000
2023-04-20 13:15:00,576.0000000000,49.0000000000,850.8662000000,62.1833300000
2023-04-20 13:30:00,560.0000000000,49.0000000000,827.0155000000,62.1166600000
2023-04-20 13:45:00,536.0000000000,49.0000000000,790.8478000000,61.1000000000
2023-04-20 14:00:00,512.0000000000,49.0000000000,760.2334000000,60.2833300000
2023-04-20 14:15:00,500.0000000000,49.0000000000,731.2565000000,59.1166600000
2023-04-20 14:30:00,456.0000000000,49.0000000000,678.2866000000,57.1833300000
2023-04-20 14:45:00,444.0000000000,49.0000000000,648.2418000000,55.4000000000
2023-04-20 15:00:00,424.0000000000,49.0000000000,624.1774000000,55.3166700000
2023-04-20 15:15:00,388.0000000000,49.0000000000,576.8319000000,55.0333300000
2023-04-20 15:30:00,352.0000000000,48.0000000000,519.8037000000,53.6333400000
2023-04-20 15:45:00,308.0000000000,49.0000000000,454.0896000000,52.4000000000
2023-04-20 16:00:00,108.0000000000,49.0000000000,155.0654000000,49.3333300000
2023-04-20 16:15:00,24.0000000000,48.0000000000,35.0997400000,41.3500000000
2023-04-20 16:30:00,28.0000000000,47.0000000000,35.9541000000,37.4833300000
2023-04-20 16:45:00,20.0000000000,47.0000000000,27.6953400000,36.1333400000
2023-04-20 17:00:00,32.0000000000,47.0000000000,45.6367800000,34.5000000000
2023-04-20 17:15:00,128.0000000000,47.0000000000,161.2595000000,28.7333300000
2023-04-20 17:30:00,128.0000000000,45.0000000000,154.9942000000,28.4666700000
2023-04-20 17:45:00,80.0000000000,45.0000000000,108.0759000000,27.6333300000
2023-04-20 18:00:00,28.0000000000,44.0000000000,40.4394600000,29.0166700000
2023-04-20 18:15:00,16.0000000000,43.0000000000,22.4980100000,29.4000000000
2023-04-20 18:30:00,4.0000000000,43.0000000000,5.7668950000,29.3000000000
2023-04-20 18:45:00,0.0000000000,42.0000000000,0.0000000000,28.6833300000
2023-04-20 19:00:00,0.0000000000,43.0000000000,0.0000000000,28.1833300000
2023-04-20 19:15:00,0.0000000000,42.0000000000,0.0000000000,28.3500000000
2023-04-20 19:30:00,0.0000000000,43.0000000000,0.0000000000,28.5000000000
2023-04-20 19:45:00,0.0000000000,44.0000000000,0.0000000000,28.6500000000
2023-04-20 20:00:00,0.0000000000,43.0000000000,0.0000000000,28.5833300000
2023-04-20 20:15:00,0.0000000000,43.0000000000,0.0000000000,28.2833300000
2023-04-20 20:30:00,0.0000000000,44.0000000000,0.0000000000,28.4166700000
2023-04-20 20:45:00,0.0000000000,42.0000000000,0.0000000000,28.0500000000
2023-04-20 21:00:00,0.0000000000,42.0000000000,0.0000000000,27.4333300000
2023-04-20 21:15:00,0.0000000000,43.0000000000,0.0000000000,26.9000000000
2023-04-20 21:30:00,0.0000000000,42.0000000000,0.0000000000,26.7833300000
2023-04-20 21:45:00,0.0000000000,42.0000000000,0.0000000000,26.4500000000
2023-04-20 22:00:00,0.0000000000,42.0000000000,0.0000000000,25.9333300000
2023-04-20 22:15:00,0.0000000000,41.0000000000,0.0000000000,25.7000000000
2023-04-20 22:30:00,0.0000000000,42.0000000000,0.0000000000,25.3833300000
2023-04-20 22:45:00,0.0000000000,42.0000000000,0.0000000000,25.2166700000
2023-04-20 23:00:00,0.0000000000,41.0000000000,0.0000000000,25.2333300000
2023-04-20 23:15:00,0.0000000000,41.0000000000,0.0000000000,25.2500000000
2023-04-20 23:30:00,0.0000000000,41.0000000000,0.0000000000,25.2166700000
2023-04-20 23:45:00,0.0000000000,40.0000000000,0.0000000000,25.0833300000
2023-04-21 00:00:00,0.0000000000,40.0000000000,0.0000000000,24.6333300000
2023-04-21 00:15:00,0.0000000000,41.0000000000,0.0000000000,24.5166700000
2023-04-21 00:30:00,0.0000000000,41.0000000000,0.0000000000,24.7666700000
2023-04-21 00:45:00,0.0000000000,41.0000000000,0.0000000000,25.0000000000
2023-04-21 01:00:00,0.0000000000,41.0000000000,0.0000000000,24.9666700000
2023-04-21 01:15:00,0.0000000000,40.0000000000,0.0000000000,25.1000000000
2023-04-21 01:30:00,0.0000000000,40.0000000000,0.0000000000,25.2166700000
2023-04-21 01:45:00,0.0000000000,39.0000000000,0.0000000000,24.8500000000
2023-04-21 02:00:00,0.0000000000,41.0000000000,0.0000000000,24.1666700000
2023-04-21 02:15:00,0.0000000000,42.0000000000,0.0000000000,23.7500000000
2023-04-21 02:30:00,0.0000000000,41.0000000000,0.0000000000,23.6000000000
2023-04-21 02:45:00,0.0000000000,39.0000000000,0.0000000000,23.3666700000
2023-04-21 03:00:00,0.0000000000,40.0000000000,0.0000000000,23.4500000000
2023-04-21 03:15:00,0.0000000000,40.0000000000,0.0000000000,24.0000000000
2023-04-21 03:30:00,0.0000000000,38.0000000000,0.0000000000,23.5833300000
2023-04-21 03:45:00,0.0000000000,39.0000000000,0.0000000000,22.8666700000
2023-04-21 04:00:00,0.0000000000,39.0000000000,0.0000000000,22.8666700000
2023-04-21 04:15:00,0.0000000000,38.0000000000,0.0000000000,23.2000000000
2023-04-21 04:30:00,0.0000000000,40.0000000000,0.0000000000,23.2500000000
2023-04-21 04:45:00,0.0000000000,39.0000000000,0.0000000000,22.9500000000
2023-04-21 05:00:00,0.0000000000,39.0000000000,0.0000000000,22.3333300000
2023-04-21 05:15:00,0.0000000000,38.0000000000,0.0000000000,21.8166700000
2023-04-21 05:30:00,0.0000000000,39.0000000000,0.0000000000,21.5500000000
2023-04-21 05:45:00,0.0000000000,38.0000000000,0.0000000000,21.5166700000
2023-04-21 06:00:00,2.0000000000,39.0000000000,2.6342610000,21.8500000000
2023-04-21 06:15:00,14.4000000000,38.0000000000,18.3686300000,22.4166700000
2023-04-21 06:30:00,33.2000000000,38.0000000000,45.6367900000,23.6500000000
2023-04-21 06:45:00,56.0000000000,38.0000000000,77.9598800000,25.4166700000
2023-04-21 07:00:00,82.8000000000,38.0000000000,116.6194000000,27.5666700000
2023-04-21 07:15:00,114.0000000000,39.0000000000,159.9068000000,29.8500000000
2023-04-21 07:30:00,146.0000000000,39.0000000000,205.4012000000,32.3333300000
2023-04-21 07:45:00,184.4000000000,39.0000000000,257.2320000000,34.6666700000
2023-04-21 08:00:00,223.2000000000,40.0000000000,311.0563000000,37.0166700000
2023-04-21 08:15:00,256.4000000000,40.0000000000,358.9714000000,39.7000000000
2023-04-21 08:30:00,289.6000000000,41.0000000000,404.8930000000,41.7500000000
2023-04-21 08:45:00,327.2000000000,41.0000000000,460.3549000000,44.6166600000
2023-04-21 09:00:00,368.0000000000,41.0000000000,518.0950000000,46.8833400000
2023-04-21 09:15:00,404.0000000000,42.0000000000,565.3693000000,49.5500000000
2023-04-21 09:30:00,428.0000000000,42.0000000000,612.5012000000,51.9333300000
2023-04-21 09:45:00,460.0000000000,43.0000000000,657.2125000000,53.1500000000
2023-04-21 10:00:00,488.0000000000,43.0000000000,705.8395000000,55.2666700000
2023-04-21 10:15:00,520.0000000000,43.0000000000,754.5377000000,57.1500000000
2023-04-21 10:30:00,540.0000000000,43.0000000000,787.5728000000,59.7166700000
2023-04-21 10:45:00,556.0000000000,44.0000000000,818.0447000000,61.7833300000
2023-04-21 11:00:00,568.0000000000,45.0000000000,843.7466000000,62.9666700000
2023-04-21 11:15:00,580.0000000000,45.0000000000,858.5554000000,63.4166700000
2023-04-21 11:30:00,584.0000000000,45.0000000000,866.6718000000,65.1333300000
2023-04-21 11:45:00,600.0000000000,46.0000000000,888.3867000000,66.6333300000
2023-04-21 12:00:00,600.0000000000,45.0000000000,896.2182000000,67.2666700000
2023-04-21 12:15:00,608.0000000000,46.0000000000,913.1629000000,67.4833300000
2023-04-21 12:30:00,600.0000000000,47.0000000000,906.3993000000,66.9500000000
2023-04-21 12:45:00,600.0000000000,47.0000000000,901.9139000000,65.7000000000
2023-04-21 13:00:00,592.0000000000,47.0000000000,891.8041000000,66.1666600000
2023-04-21 13:15:00,580.0000000000,48.0000000000,883.6877000000,67.5333300000
2023-04-21 13:30:00,572.0000000000,48.0000000000,861.6168000000,66.5000000000
2023-04-21 13:45:00,560.0000000000,48.0000000000,838.3356000000,63.8500000000
2023-04-21 14:00:00,552.0000000000,49.0000000000,824.0253000000,63.3666600000
2023-04-21 14:15:00,476.0000000000,47.0000000000,771.2689000000,64.3333400000
2023-04-21 14:30:00,156.0000000000,48.0000000000,272.5392000000,56.8500000000
2023-04-21 14:45:00,216.0000000000,48.0000000000,277.3806000000,48.8000000000
2023-04-21 15:00:00,372.0000000000,48.0000000000,491.1116000000,48.5333300000
2023-04-21 15:15:00,360.0000000000,48.0000000000,516.5287000000,54.5333300000
2023-04-21 15:30:00,304.0000000000,49.0000000000,448.6075000000,55.4333300000
2023-04-21 15:45:00,152.0000000000,48.0000000000,233.5237000000,51.6333400000
2023-04-21 16:00:00,84.0000000000,49.0000000000,125.3766000000,45.8666600000
2023-04-21 16:15:00,76.0000000000,48.0000000000,99.4611500000,41.6333400000
2023-04-21 16:30:00,44.0000000000,47.0000000000,61.1575700000,39.5000000000
2023-04-21 16:45:00,24.0000000000,48.0000000000,34.0318000000,37.6833300000
2023-04-21 17:00:00,16.0000000000,47.0000000000,23.6371500000,36.1666700000
2023-04-21 17:15:00,32.0000000000,46.0000000000,36.3812800000,35.1000000000
2023-04-21 17:30:00,104.0000000000,47.0000000000,136.1272000000,36.1000000000
2023-04-21 17:45:00,88.0000000000,46.0000000000,134.5609000000,37.7000000000
2023-04-21 18:00:00,48.0000000000,46.0000000000,76.0375800000,37.1666700000
2023-04-21 18:15:00,12.0000000000,46.0000000000,19.9349500000,34.9000000000
2023-04-21 18:30:00,0.0000000000,47.0000000000,2.2070830000,32.3500000000
2023-04-21 18:45:00,0.0000000000,45.0000000000,0.0000000000,30.6666700000
2023-04-21 19:00:00,0.0000000000,45.0000000000,0.0000000000,29.9000000000
2023-04-21 19:15:00,0.0000000000,44.0000000000,0.0000000000,28.9166700000
2023-04-21 19:30:00,0.0000000000,44.0000000000,0.0000000000,27.6500000000
2023-04-21 19:45:00,0.0000000000,43.0000000000,0.0000000000,26.7666700000
2023-04-21 20:00:00,0.0000000000,42.0000000000,0.0000000000,26.2500000000
2023-04-21 20:15:00,0.0000000000,43.0000000000,0.0000000000,26.0500000000
2023-04-21 20:30:00,0.0000000000,43.0000000000,0.0000000000,26.5666700000
2023-04-21 20:45:00,0.0000000000,43.0000000000,0.0000000000,26.6500000000
2023-04-21 21:00:00,0.0000000000,43.0000000000,0.0000000000,26.6333300000
2023-04-21 21:15:00,0.0000000000,42.0000000000,0.0000000000,26.2000000000
2023-04-21 21:30:00,0.0000000000,41.0000000000,0.0000000000,26.0000000000
2023-04-21 21:45:00,0.0000000000,42.0000000000,0.0000000000,26.3166700000
2023-04-21 22:00:00,0.0000000000,42.0000000000,0.0000000000,27.5333300000
2023-04-21 22:15:00,0.0000000000,42.0000000000,0.0000000000,28.6000000000
2023-04-21 22:30:00,0.0000000000,42.0000000000,0.0000000000,28.8833300000
2023-04-21 22:45:00,0.0000000000,42.0000000000,0.0000000000,28.4166700000
2023-04-21 23:00:00,0.0000000000,42.0000000000,0.0000000000,28.3000000000
2023-04-21 23:15:00,0.0000000000,42.0000000000,0.0000000000,28.9500000000
2023-04-21 23:30:00,0.0000000000,42.0000000000,0.0000000000,29.1833300000
2023-04-21 23:45:00,0.0000000000,41.0000000000,0.0000000000,29.0166700000
2023-04-22 00:00:00,0.0000000000,42.0000000000,0.0000000000,28.5000000000
2023-04-22 00:15:00,0.0000000000,42.0000000000,0.0000000000,29.0333300000
2023-04-22 00:30:00,0.0000000000,42.0000000000,0.0000000000,29.1333300000
2023-04-22 00:45:00,0.0000000000,42.0000000000,0.0000000000,28.9333300000
2023-04-22 01:00:00,0.0000000000,41.0000000000,0.0000000000,28.3833300000
2023-04-22 01:15:00,0.0000000000,40.0000000000,0.0000000000,28.3333300000
2023-04-22 01:30:00,0.0000000000,42.0000000000,0.0000000000,27.8666700000
2023-04-22 01:45:00,0.0000000000,42.0000000000,0.0000000000,27.0500000000
2023-04-22 02:00:00,0.0000000000,40.0000000000,0.0000000000,26.4500000000
2023-04-22 02:15:00,0.0000000000,41.0000000000,0.0000000000,26.3166700000
2023-04-22 02:30:00,0.0000000000,41.0000000000,0.0000000000,26.4000000000
2023-04-22 02:45:00,0.0000000000,40.0000000000,0.0000000000,26.0000000000
2023-04-22 03:00:00,0.0000000000,41.0000000000,0.0000000000,25.4000000000
2023-04-22 03:15:00,0.0000000000,40.0000000000,0.0000000000,24.6500000000
2023-04-22 03:30:00,0.0000000000,40.0000000000,0.0000000000,23.8833300000
2023-04-22 03:45:00,0.0000000000,40.0000000000,0.0000000000,23.5833300000
2023-04-22 04:00:00,0.0000000000,40.0000000000,0.0000000000,23.1500000000
2023-04-22 04:15:00,0.0000000000,39.0000000000,0.0000000000,23.1000000000
2023-04-22 04:30:00,0.0000000000,39.0000000000,0.0000000000,23.6500000000
2023-04-22 04:45:00,0.0000000000,39.0000000000,0.0000000000,23.5666700000
2023-04-22 05:00:00,0.0000000000,39.0000000000,0.0000000000,23.4333300000
2023-04-22 05:15:00,0.0000000000,39.0000000000,0.0000000000,23.6500000000
2023-04-22 05:30:00,0.0000000000,38.0000000000,0.0000000000,24.1500000000
2023-04-22 05:45:00,0.0000000000,37.0000000000,0.0000000000,23.9500000000
2023-04-22 06:00:00,4.0000000000,39.0000000000,4.9125400000,23.6000000000
2023-04-22 06:15:00,20.0000000000,38.0000000000,23.0675800000,23.6500000000
2023-04-22 06:30:00,36.0000000000,38.0000000000,49.9797600000,24.5500000000
2023-04-22 06:45:00,60.0000000000,38.0000000000,84.5099300000,26.1666700000
2023-04-22 07:00:00,88.0000000000,39.0000000000,124.5222000000,27.7666700000
2023-04-22 07:15:00,120.0000000000,38.0000000000,170.5862000000,29.4166700000
2023-04-22 07:30:00,156.0000000000,39.0000000000,217.5757000000,31.2333300000
2023-04-22 07:45:00,192.0000000000,39.0000000000,267.8402000000,33.2000000000
2023-04-22 08:00:00,228.0000000000,39.0000000000,321.1662000000,34.9166700000
2023-04-22 08:15:00,268.0000000000,40.0000000000,371.4308000000,37.1666700000
2023-04-22 08:30:00,308.0000000000,41.0000000000,424.7568000000,39.5333300000
2023-04-22 08:45:00,340.0000000000,40.0000000000,474.4517000000,41.5333300000
2023-04-22 09:00:00,372.0000000000,41.0000000000,518.0238000000,43.5500000000
2023-04-22 09:15:00,412.0000000000,42.0000000000,572.4177000000,45.0833300000
2023-04-22 09:30:00,436.0000000000,42.0000000000,613.8539000000,46.5833300000
2023-04-22 09:45:00,464.0000000000,42.0000000000,658.4228000000,48.7000000000
2023-04-22 10:00:00,500.0000000000,43.0000000000,713.1015000000,49.9666700000
2023-04-22 10:15:00,520.0000000000,43.0000000000,746.4214000000,51.7166700000
2023-04-22 10:30:00,536.0000000000,43.0000000000,777.3917000000,53.8000000000
2023-04-22 10:45:00,556.0000000000,44.0000000000,810.3556000000,54.3166700000
2023-04-22 11:00:00,576.0000000000,45.0000000000,835.9862000000,55.5000000000
2023-04-22 11:15:00,592.0000000000,45.0000000000,868.0245000000,56.3500000000
2023-04-22 11:30:00,612.0000000000,46.0000000000,889.9529000000,57.7333300000
2023-04-22 11:45:00,616.0000000000,45.0000000000,905.8297000000,57.8666600000
2023-04-22 12:00:00,620.0000000000,45.0000000000,922.3472000000,58.8166700000
2023-04-22 12:15:00,620.0000000000,46.0000000000,927.5446000000,60.0500000000
2023-04-22 12:30:00,624.0000000000,47.0000000000,932.4571000000,61.5333300000
2023-04-22 12:45:00,600.0000000000,48.0000000000,907.7520000000,63.6000000000
2023-04-22 13:00:00,608.0000000000,48.0000000000,906.0433000000,63.7166700000
2023-04-22 13:15:00,592.0000000000,48.0000000000,890.8073000000,63.9833300000
2023-04-22 13:30:00,592.0000000000,48.0000000000,896.5031000000,63.8666600000
2023-04-22 13:45:00,552.0000000000,48.0000000000,836.8406000000,65.2500000000
2023-04-22 14:00:00,568.0000000000,48.0000000000,842.6787000000,64.6333300000
2023-04-22 14:15:00,540.0000000000,48.0000000000,813.6306000000,66.2666700000
2023-04-22 14:30:00,516.0000000000,49.0000000000,764.6476000000,63.8000000000
2023-04-22 14:45:00,480.0000000000,48.0000000000,723.2826000000,60.7666700000
2023-04-22 15:00:00,448.0000000000,48.0000000000,673.4452000000,58.6166600000
2023-04-22 15:15:00,420.0000000000,49.0000000000,628.1644000000,56.6000000000
2023-04-22 15:30:00,388.0000000000,49.0000000000,579.6086000000,55.0833300000
2023-04-22 15:45:00,352.0000000000,48.0000000000,523.7907000000,54.7666700000
2023-04-22 16:00:00,304.0000000000,48.0000000000,458.5750000000,53.5500000000
2023-04-22 16:15:00,268.0000000000,49.0000000000,398.9125000000,50.5666700000
2023-04-22 16:30:00,96.0000000000,48.0000000000,133.1370000000,47.3166700000
2023-04-22 16:45:00,20.0000000000,46.0000000000,31.6823300000,40.5666700000
2023-04-22 17:00:00,0.0000000000,47.0000000000,3.9869900000,36.6166600000
2023-04-22 17:15:00,4.0000000000,47.0000000000,2.3494760000,34.1333400000
2023-04-22 17:30:00,4.0000000000,46.0000000000,6.6212500000,31.9000000000
2023-04-22 17:45:00,4.0000000000,45.0000000000,9.8962780000,31.1500000000
2023-04-22 18:00:00,12.0000000000,44.0000000000,14.3104400000,31.1333300000
2023-04-22 18:15:00,16.0000000000,44.0000000000,20.3621300000,30.7833300000
2023-04-22 18:30:00,0.0000000000,44.0000000000,1.9222980000,29.3833300000
2023-04-22 18:45:00,0.0000000000,44.0000000000,0.0000000000,27.6333300000
2023-04-22 19:00:00,0.0000000000,43.0000000000,0.0000000000,26.2833300000
2023-04-22 19:15:00,0.0000000000,41.0000000000,0.0000000000,24.8500000000
2023-04-22 19:30:00,0.0000000000,40.0000000000,0.0000000000,24.0166700000
2023-04-22 19:45:00,0.0000000000,41.0000000000,0.0000000000,24.1166700000
2023-04-22 20:00:00,0.0000000000,40.0000000000,0.0000000000,23.4500000000
2023-04-22 20:15:00,0.0000000000,40.0000000000,0.0000000000,22.5833300000
2023-04-22 20:30:00,0.0000000000,40.0000000000,0.0000000000,22.2166700000
2023-04-22 20:45:00,0.0000000000,39.0000000000,0.0000000000,22.5000000000
2023-04-22 21:00:00,0.0000000000,39.0000000000,0.0000000000,22.6666700000
2023-04-22 21:15:00,0.0000000000,40.0000000000,0.0000000000,23.1333300000
2023-04-22 21:30:00,0.0000000000,39.0000000000,0.0000000000,24.0333300000
2023-04-22 21:45:00,0.0000000000,39.0000000000,0.0000000000,24.5500000000
2023-04-22 22:00:00,0.0000000000,40.0000000000,0.0000000000,24.6000000000
2023-04-22 22:15:00,0.0000000000,39.0000000000,0.0000000000,24.5666700000
2023-04-22 22:30:00,0.0000000000,38.0000000000,0.0000000000,24.7833300000
2023-04-22 22:45:00,0.0000000000,39.0000000000,0.0000000000,25.0500000000
2023-04-22 23:00:00,0.0000000000,39.0000000000,0.0000000000,25.3166700000
2023-04-22 23:15:00,0.0000000000,39.0000000000,0.0000000000,25.5833300000
2023-04-22 23:30:00,0.0000000000,39.0000000000,0.0000000000,25.5333300000
2023-04-22 23:45:00,0.0000000000,39.0000000000,0.0000000000,25.8000000000
2023-04-23 00:00:00,0.0000000000,40.0000000000,0.0000000000,26.0000000000
2023-04-23 00:15:00,0.0000000000,39.0000000000,0.0000000000,26.0333300000
2023-04-23 00:30:00,0.0000000000,39.0000000000,0.0000000000,25.8833300000
2023-04-23 00:45:00,0.0000000000,39.0000000000,0.0000000000,25.4500000000
2023-04-23 01:00:00,0.0000000000,39.0000000000,0.0000000000,25.0000000000
2023-04-23 01:15:00,0.0000000000,39.0000000000,0.0000000000,24.6833300000
2023-04-23 01:30:00,0.0000000000,39.0000000000,0.0000000000,24.3333300000
2023-04-23 01:45:00,0.0000000000,38.0000000000,0.0000000000,24.2166700000
2023-04-23 02:00:00,0.0000000000,39.0000000000,0.0000000000,24.2833300000
2023-04-23 02:15:00,0.0000000000,39.0000000000,0.0000000000,24.1833300000
2023-04-23 02:30:00,0.0000000000,39.0000000000,0.0000000000,23.6166700000
2023-04-23 02:45:00,0.0000000000,39.0000000000,0.0000000000,22.7500000000
2023-04-23 03:00:00,0.0000000000,38.0000000000,0.0000000000,21.9166700000
2023-04-23 03:15:00,0.0000000000,38.0000000000,0.0000000000,21.2833300000
2023-04-23 03:30:00,0.0000000000,38.0000000000,0.0000000000,21.2000000000
2023-04-23 03:45:00,0.0000000000,38.0000000000,0.0000000000,21.0333300000
2023-04-23 04:00:00,0.0000000000,38.0000000000,0.0000000000,20.5000000000
2023-04-23 04:15:00,0.0000000000,38.0000000000,0.0000000000,21.0833300000
2023-04-23 04:30:00,0.0000000000,37.0000000000,0.0000000000,21.6833300000
2023-04-23 04:45:00,0.0000000000,37.0000000000,0.0000000000,21.3666700000
2023-04-23 05:00:00,0.0000000000,36.0000000000,0.0000000000,21.3166700000
2023-04-23 05:15:00,0.0000000000,37.0000000000,0.0000000000,21.0333300000
2023-04-23 05:30:00,0.0000000000,37.0000000000,0.0000000000,20.1000000000
2023-04-23 05:45:00,0.0000000000,36.0000000000,0.2847850000,19.2000000000
2023-04-23 06:00:00,8.0000000000,36.0000000000,7.1908200000,19.1500000000
2023-04-23 06:15:00,20.0000000000,36.0000000000,27.3393600000,19.5333300000
2023-04-23 06:30:00,40.0000000000,36.0000000000,57.3129700000,20.7000000000
2023-04-23 06:45:00,68.0000000000,36.0000000000,95.9013300000,22.7333300000
2023-04-23 07:00:00,100.0000000000,37.0000000000,142.3213000000,25.2000000000
2023-04-23 07:15:00,136.0000000000,36.0000000000,195.9321000000,28.0000000000
2023-04-23 07:30:00,184.0000000000,36.0000000000,256.2353000000,31.1166700000
2023-04-23 07:45:00,224.0000000000,37.0000000000,310.2732000000,34.5333300000
2023-04-23 08:00:00,272.0000000000,38.0000000000,376.5569000000,37.4833300000
2023-04-23 08:15:00,316.0000000000,38.0000000000,439.3520000000,40.2833300000
2023-04-23 08:30:00,352.0000000000,39.0000000000,492.5356000000,43.1000000000
2023-04-23 08:45:00,396.0000000000,39.0000000000,549.7773000000,46.0833300000
2023-04-23 09:00:00,432.0000000000,39.0000000000,607.2327000000,47.9833300000
2023-04-23 09:15:00,468.0000000000,40.0000000000,661.1995000000,50.2666700000
2023-04-23 09:30:00,504.0000000000,42.0000000000,713.9559000000,52.5166700000
2023-04-23 09:45:00,532.0000000000,40.0000000000,765.5019000000,55.3333300000
2023-04-23 10:00:00,564.0000000000,41.0000000000,817.1904000000,56.8333300000
2023-04-23 10:15:00,580.0000000000,42.0000000000,850.0831000000,58.9166700000
2023-04-23 10:30:00,596.0000000000,43.0000000000,880.6974000000,60.5166700000
2023-04-23 10:45:00,608.0000000000,42.0000000000,905.1890000000,63.4666700000
2023-04-23 11:00:00,620.0000000000,43.0000000000,924.9815000000,64.0000000000
2023-04-23 11:15:00,632.0000000000,43.0000000000,944.6317000000,66.3666700000
2023-04-23 11:30:00,636.0000000000,44.0000000000,951.3953000000,68.2666700000
2023-04-23 11:45:00,640.0000000000,45.0000000000,963.2851000000,67.7500000000
2023-04-23 12:00:00,648.0000000000,45.0000000000,970.7607000000,67.3500000000
2023-04-23 12:15:00,640.0000000000,46.0000000000,967.9840000000,67.6666600000
2023-04-23 12:30:00,644.0000000000,46.0000000000,965.9905000000,67.8500000000
2023-04-23 12:45:00,640.0000000000,46.0000000000,968.2688000000,68.5333300000
2023-04-23 13:00:00,628.0000000000,43.0000000000,954.7416000000,68.8333400000
2023-04-23 13:15:00,624.0000000000,46.0000000000,943.3502000000,69.0500000000
2023-04-23 13:30:00,596.0000000000,47.0000000000,912.3086000000,69.1833300000
2023-04-23 13:45:00,588.0000000000,47.0000000000,880.5551000000,68.6833300000
2023-04-23 14:00:00,576.0000000000,48.0000000000,865.7463000000,67.5000000000
2023-04-23 14:15:00,552.0000000000,48.0000000000,828.5106000000,65.6166700000
2023-04-23 14:30:00,528.0000000000,48.0000000000,789.4951000000,64.6833300000
2023-04-23 14:45:00,496.0000000000,47.0000000000,746.2078000000,64.2000000000
2023-04-23 15:00:00,476.0000000000,49.0000000000,719.4380000000,61.6000000000
2023-04-23 15:15:00,432.0000000000,49.0000000000,659.2772000000,61.5166700000
2023-04-23 15:30:00,400.0000000000,49.0000000000,607.7311000000,58.9166700000
2023-04-23 15:45:00,296.0000000000,48.0000000000,498.9432000000,56.1666700000
2023-04-23 16:00:00,172.0000000000,48.0000000000,312.4091000000,50.2500000000
2023-04-23 16:15:00,80.0000000000,49.0000000000,124.5934000000,45.5833300000
2023-04-23 16:30:00,28.0000000000,48.0000000000,44.4264500000,40.5666700000
2023-04-23 16:45:00,8.0000000000,47.0000000000,14.0256600000,36.0166700000
2023-04-23 17:00:00,8.0000000000,46.0000000000,7.5468010000,29.9333300000
2023-04-23 17:15:00,16.0000000000,45.0000000000,13.6696800000,25.1166700000
2023-04-23 17:30:00,64.0000000000,43.0000000000,91.0600000000,24.8833300000
2023-04-23 17:45:00,56.0000000000,41.0000000000,75.1120300000,25.4500000000
2023-04-23 18:00:00,28.0000000000,43.0000000000,45.0672200000,26.6166700000
2023-04-23 18:15:00,8.0000000000,43.0000000000,16.3039400000,26.9833300000
2023-04-23 18:30:00,0.0000000000,42.0000000000,0.9967473000,26.4500000000
2023-04-23 18:45:00,0.0000000000,40.0000000000,0.0000000000,26.3666700000
2023-04-23 19:00:00,0.0000000000,42.0000000000,0.0000000000,26.4666700000
2023-04-23 19:15:00,0.0000000000,41.0000000000,0.0000000000,26.6333300000
2023-04-23 19:30:00,0.0000000000,40.0000000000,0.0000000000,26.7166700000
2023-04-23 19:45:00,0.0000000000,41.0000000000,0.0000000000,26.8333300000
2023-04-23 20:00:00,0.0000000000,41.0000000000,0.0000000000,24.1000000000
2023-04-23 20:15:00,0.0000000000,40.0000000000,0.0000000000,22.6000000000
2023-04-23 20:30:00,0.0000000000,40.0000000000,0.0000000000,22.3666700000
2023-04-23 20:45:00,0.0000000000,40.0000000000,0.0000000000,22.1666700000
2023-04-23 21:00:00,0.0000000000,39.0000000000,0.0000000000,21.5166700000
2023-04-23 21:15:00,0.0000000000,39.0000000000,0.0000000000,21.5333300000
2023-04-23 21:30:00,0.0000000000,39.0000000000,0.0000000000,22.6166700000
2023-04-23 21:45:00,0.0000000000,38.0000000000,0.0000000000,22.6166700000
2023-04-23 22:00:00,0.0000000000,37.0000000000,0.0000000000,21.8166700000
2023-04-23 22:15:00,0.0000000000,38.0000000000,0.0000000000,21.0166700000
2023-04-23 22:30:00,0.0000000000,38.0000000000,0.0000000000,20.4666700000
2023-04-23 22:45:00,0.0000000000,37.0000000000,0.0000000000,20.5166700000
2023-04-23 23:00:00,0.0000000000,37.0000000000,0.0000000000,20.9500000000
2023-04-23 23:15:00,0.0000000000,38.0000000000,0.0000000000,21.1666700000
2023-04-23 23:30:00,0.0000000000,37.0000000000,0.0000000000,21.3000000000
2023-04-23 23:45:00,0.0000000000,37.0000000000,0.0000000000,21.5500000000
2023-04-24 00:00:00,0.0000000000,37.0000000000,0.0000000000,21.8500000000
2023-04-24 00:15:00,0.0000000000,37.0000000000,0.0000000000,22.0000000000
2023-04-24 00:30:00,0.0000000000,37.0000000000,0.0000000000,21.9833300000
2023-04-24 00:45:00,0.0000000000,37.0000000000,0.0000000000,21.8166700000
2023-04-24 01:00:00,0.0000000000,38.0000000000,0.0000000000,21.6666700000
2023-04-24 01:15:00,0.0000000000,38.0000000000,0.0000000000,21.4166700000
2023-04-24 01:30:00,0.0000000000,38.0000000000,0.0000000000,21.2666700000
2023-04-24 01:45:00,0.0000000000,38.0000000000,0.0000000000,21.4666700000
2023-04-24 02:00:00,0.0000000000,37.0000000000,0.0000000000,21.7000000000
2023-04-24 02:15:00,0.0000000000,38.0000000000,0.0000000000,21.6833300000
2023-04-24 02:30:00,0.0000000000,38.0000000000,0.0000000000,21.8333300000
2023-04-24 02:45:00,0.0000000000,37.0000000000,0.0000000000,21.8333300000
2023-04-24 03:00:00,0.0000000000,36.0000000000,0.0000000000,21.6166700000
2023-04-24 03:15:00,0.0000000000,37.0000000000,0.0000000000,21.4666700000
2023-04-24 03:30:00,0.0000000000,37.0000000000,0.0000000000,21.3833300000
2023-04-24 03:45:00,0.0000000000,37.0000000000,0.0000000000,21.1000000000
2023-04-24 04:00:00,0.0000000000,36.0000000000,0.0000000000,21.3166700000
2023-04-24 04:15:00,0.0000000000,36.0000000000,0.0000000000,21.5333300000
2023-04-24 04:30:00,0.0000000000,37.0000000000,0.0000000000,21.4500000000
2023-04-24 04:45:00,0.0000000000,36.0000000000,0.0000000000,21.3666700000
2023-04-24 05:00:00,0.0000000000,36.0000000000,0.0000000000,21.4500000000
2023-04-24 05:15:00,0.0000000000,36.0000000000,0.0000000000,21.4333300000
2023-04-24 05:30:00,0.0000000000,36.0000000000,0.0000000000,20.9833300000
2023-04-24 05:45:00,0.0000000000,36.0000000000,0.2135887000,20.4666700000
2023-04-24 06:00:00,6.0000000000,36.0000000000,6.2652690000,20.0500000000
2023-04-24 06:15:00,20.8000000000,36.0000000000,27.1969600000,20.1333300000
2023-04-24 06:30:00,44.4000000000,36.0000000000,65.3581500000,20.8500000000
2023-04-24 06:45:00,71.6000000000,36.0000000000,106.5096000000,22.7833300000
2023-04-24 07:00:00,104.4000000000,35.0000000000,152.3599000000,25.5166700000
2023-04-24 07:15:00,143.6000000000,36.0000000000,207.0387000000,28.6833300000
2023-04-24 07:30:00,187.6000000000,37.0000000000,269.1930000000,32.1500000000
2023-04-24 07:45:00,233.6000000000,37.0000000000,334.1239000000,35.2333300000
2023-04-24 08:00:00,277.6000000000,37.0000000000,395.4951000000,37.8666600000
2023-04-24 08:15:00,317.2000000000,38.0000000000,451.4553000000,40.7666700000
2023-04-24 08:30:00,355.2000000000,38.0000000000,505.4221000000,44.1500000000
2023-04-24 08:45:00,394.8000000000,39.0000000000,566.5084000000,46.8500000000
2023-04-24 09:00:00,432.0000000000,40.0000000000,615.9186000000,48.7166700000
2023-04-24 09:15:00,456.0000000000,41.0000000000,662.8369000000,51.4000000000
2023-04-24 09:30:00,488.0000000000,39.0000000000,713.0303000000,54.1666700000
2023-04-24 09:45:00,516.0000000000,40.0000000000,757.9551000000,56.0666700000
2023-04-24 10:00:00,540.0000000000,41.0000000000,795.6891000000,59.0333300000
2023-04-24 10:15:00,564.0000000000,42.0000000000,839.6172000000,62.0833300000
2023-04-24 10:30:00,576.0000000000,43.0000000000,869.6620000000,64.4000000000
2023-04-24 10:45:00,588.0000000000,42.0000000000,889.5258000000,65.2166700000
2023-04-24 11:00:00,612.0000000000,44.0000000000,922.9168000000,66.1333300000
2023-04-24 11:15:00,620.0000000000,44.0000000000,944.5605000000,66.3666700000
2023-04-24 11:30:00,620.0000000000,44.0000000000,949.2595000000,67.3666700000
2023-04-24 11:45:00,632.0000000000,44.0000000000,968.0552000000,67.9166600000
2023-04-24 12:00:00,648.0000000000,45.0000000000,990.4109000000,69.7500000000
2023-04-24 12:15:00,652.0000000000,44.0000000000,1007.4270000000,70.0833400000
2023-04-24 12:30:00,640.0000000000,46.0000000000,1001.0190000000,69.1333300000
2023-04-24 12:45:00,640.0000000000,46.0000000000,993.6147000000,68.1500000000
2023-04-24 13:00:00,628.0000000000,45.0000000000,974.4629000000,69.9666700000
2023-04-24 13:15:00,620.0000000000,46.0000000000,965.4210000000,71.1000000000
2023-04-24 13:30:00,608.0000000000,47.0000000000,938.0104000000,68.2333300000
2023-04-24 13:45:00,604.0000000000,48.0000000000,926.4766000000,68.9166600000
2023-04-24 14:00:00,580.0000000000,48.0000000000,892.1600000000,70.2000000000
2023-04-24 14:15:00,560.0000000000,47.0000000000,867.3126000000,68.9166600000
2023-04-24 14:30:00,540.0000000000,48.0000000000,824.8083000000,67.5333300000
2023-04-24 14:45:00,508.0000000000,48.0000000000,778.9580000000,66.3833300000
2023-04-24 15:00:00,484.0000000000,48.0000000000,739.5153000000,64.1333300000
2023-04-24 15:15:00,444.0000000000,49.0000000000,679.9952000000,62.5833300000
2023-04-24 15:30:00,404.0000000000,48.0000000000,620.6887000000,60.8333300000
2023-04-24 15:45:00,360.0000000000,48.0000000000,552.1268000000,58.2666700000
2023-04-24 16:00:00,316.0000000000,48.0000000000,482.7105000000,56.3333300000
2023-04-24 16:15:00,272.0000000000,48.0000000000,416.9963000000,51.2333300000
2023-04-24 16:30:00,232.0000000000,47.0000000000,357.7611000000,47.5666700000
2023-04-24 16:45:00,192.0000000000,48.0000000000,303.8656000000,46.3333300000
2023-04-24 17:00:00,144.0000000000,47.0000000000,235.7307000000,44.5166700000
2023-04-24 17:15:00,112.0000000000,47.0000000000,181.5504000000,42.4833300000
2023-04-24 17:30:00,80.0000000000,48.0000000000,132.7810000000,40.5500000000
2023-04-24 17:45:00,48.0000000000,47.0000000000,85.9338500000,38.4500000000
2023-04-24 18:00:00,24.0000000000,50.0000000000,41.7921900000,36.0000000000
2023-04-24 18:15:00,4.0000000000,46.0000000000,6.6924460000,33.5500000000
2023-04-24 18:30:00,0.0000000000,45.0000000000,0.3559812000,31.5166700000
2023-04-24 18:45:00,0.0000000000,45.0000000000,0.0000000000,29.8166700000
2023-04-24 19:00:00,0.0000000000,45.0000000000,0.0000000000,28.9833300000
2023-04-24 19:15:00,0.0000000000,46.0000000000,0.0000000000,28.9000000000
2023-04-24 19:30:00,0.0000000000,45.0000000000,0.0000000000,28.6166700000
2023-04-24 19:45:00,0.0000000000,44.0000000000,0.0000000000,27.7833300000
2023-04-24 20:00:00,0.0000000000,43.0000000000,0.0000000000,27.0166700000
2023-04-24 20:15:00,0.0000000000,43.0000000000,0.0000000000,26.6666700000
2023-04-24 20:30:00,0.0000000000,43.0000000000,0.0000000000,27.6500000000
2023-04-24 20:45:00,0.0000000000,43.0000000000,0.0000000000,28.4500000000
2023-04-24 21:00:00,0.0000000000,44.0000000000,0.0000000000,28.7166700000
2023-04-24 21:15:00,0.0000000000,43.0000000000,0.0000000000,29.2833300000
2023-04-24 21:30:00,0.0000000000,43.0000000000,0.0000000000,29.2666700000
2023-04-24 21:45:00,0.0000000000,43.0000000000,0.0000000000,28.8000000000
2023-04-24 22:00:00,0.0000000000,43.0000000000,0.0000000000,28.0833300000
2023-04-24 22:15:00,0.0000000000,42.0000000000,0.0000000000,27.6166700000
2023-04-24 22:30:00,0.0000000000,42.0000000000,0.0000000000,27.3000000000
2023-04-24 22:45:00,0.0000000000,42.0000000000,0.0000000000,26.9333300000
2023-04-24 23:00:00,0.0000000000,42.0000000000,0.0000000000,26.0833300000
2023-04-24 23:15:00,0.0000000000,41.0000000000,0.0000000000,25.5666700000
2023-04-24 23:30:00,0.0000000000,41.0000000000,0.0000000000,25.2166700000
2023-04-24 23:45:00,0.0000000000,41.0000000000,0.0000000000,25.1166700000
2023-04-25 00:00:00,0.0000000000,41.0000000000,0.0000000000,25.3833300000
2023-04-25 00:15:00,0.0000000000,40.0000000000,0.0000000000,25.5500000000
2023-04-25 00:30:00,0.0000000000,38.0000000000,0.0000000000,25.4333300000
2023-04-25 00:45:00,0.0000000000,38.0000000000,0.0000000000,25.1333300000
2023-04-25 01:00:00,0.0000000000,40.0000000000,0.0000000000,25.2000000000
2023-04-25 01:15:00,0.0000000000,40.0000000000,0.0000000000,25.0833300000
2023-04-25 01:30:00,0.0000000000,40.0000000000,0.0000000000,24.8333300000
2023-04-25 01:45:00,0.0000000000,41.0000000000,0.0000000000,24.5333300000
2023-04-25 02:00:00,0.0000000000,40.0000000000,0.0000000000,23.6833300000
2023-04-25 02:15:00,0.0000000000,40.0000000000,0.0000000000,22.8166700000
2023-04-25 02:30:00,0.0000000000,40.0000000000,0.0000000000,22.4500000000
2023-04-25 02:45:00,0.0000000000,39.0000000000,0.0000000000,22.8000000000
2023-04-25 03:00:00,0.0000000000,39.0000000000,0.0000000000,23.5666700000
2023-04-25 03:15:00,0.0000000000,39.0000000000,0.0000000000,24.1000000000
2023-04-25 03:30:00,0.0000000000,39.0000000000,0.0000000000,24.1666700000
2023-04-25 03:45:00,0.0000000000,40.0000000000,0.0000000000,23.3333300000
2023-04-25 04:00:00,0.0000000000,38.0000000000,0.0000000000,22.5833300000
2023-04-25 04:15:00,0.0000000000,39.0000000000,0.0000000000,22.5166700000
2023-04-25 04:30:00,0.0000000000,38.0000000000,0.0000000000,22.6000000000
2023-04-25 04:45:00,0.0000000000,38.0000000000,0.0000000000,22.3833300000
2023-04-25 05:00:00,0.0000000000,38.0000000000,0.0000000000,21.5500000000
2023-04-25 05:15:00,0.0000000000,38.0000000000,0.0000000000,20.9000000000
2023-04-25 05:30:00,0.0000000000,38.0000000000,0.0000000000,20.4500000000
2023-04-25 05:45:00,0.8000000000,38.0000000000,0.9255511000,20.1500000000
2023-04-25 06:00:00,7.6000000000,38.0000000000,10.6794300000,20.2000000000
2023-04-25 06:15:00,22.8000000000,38.0000000000,32.6790700000,20.9333300000
2023-04-25 06:30:00,43.6000000000,38.0000000000,63.5782400000,22.1833300000
2023-04-25 06:45:00,68.4000000000,37.0000000000,101.9530000000,24.2333300000
2023-04-25 07:00:00,102.0000000000,38.0000000000,149.7969000000,27.0333300000
2023-04-25 07:15:00,142.8000000000,38.0000000000,209.0322000000,30.4333300000
2023-04-25 07:30:00,184.0000000000,38.0000000000,267.5555000000,33.8833400000
2023-04-25 07:45:00,225.2000000000,39.0000000000,324.0853000000,37.0500000000
2023-04-25 08:00:00,269.2000000000,39.0000000000,384.1037000000,40.0166700000
2023-04-25 08:15:00,311.2000000000,40.0000000000,445.5461000000,42.9166700000
2023-04-25 08:30:00,352.0000000000,41.0000000000,506.5612000000,45.5166700000
2023-04-25 08:45:00,388.8000000000,40.0000000000,561.0975000000,47.8500000000
2023-04-25 09:00:00,428.0000000000,42.0000000000,610.9349000000,50.1000000000
2023-04-25 09:15:00,460.0000000000,42.0000000000,664.4033000000,52.2000000000
2023-04-25 09:30:00,488.0000000000,42.0000000000,709.7552000000,54.9500000000
2023-04-25 09:45:00,516.0000000000,43.0000000000,754.6089000000,57.1000000000
2023-04-25 10:00:00,536.0000000000,44.0000000000,802.9512000000,58.8166700000
2023-04-25 10:15:00,564.0000000000,45.0000000000,840.1868000000,59.8000000000
2023-04-25 10:30:00,588.0000000000,45.0000000000,883.4741000000,61.7000000000
2023-04-25 10:45:00,600.0000000000,44.0000000000,918.3602000000,63.5833300000
2023-04-25 11:00:00,612.0000000000,46.0000000000,933.4539000000,66.3500000000
2023-04-25 11:15:00,620.0000000000,46.0000000000,955.0263000000,68.7000000000
2023-04-25 11:30:00,636.0000000000,47.0000000000,975.2461000000,68.5166700000
2023-04-25 11:45:00,636.0000000000,47.0000000000,982.1520000000,69.3166700000
2023-04-25 12:00:00,580.0000000000,48.0000000000,965.7769000000,69.3333400000
2023-04-25 12:15:00,640.0000000000,48.0000000000,990.1973000000,67.2666700000
2023-04-25 12:30:00,644.0000000000,49.0000000000,1000.6630000000,67.6166700000
2023-04-25 12:45:00,640.0000000000,48.0000000000,1005.5760000000,69.6666600000
2023-04-25 13:00:00,640.0000000000,51.0000000000,996.8184000000,71.0166700000
2023-04-25 13:15:00,600.0000000000,48.0000000000,970.3334000000,69.8833300000
2023-04-25 13:30:00,248.0000000000,49.0000000000,408.9512000000,62.5666700000
2023-04-25 13:45:00,560.0000000000,48.0000000000,797.4691000000,57.6000000000
2023-04-25 14:00:00,576.0000000000,49.0000000000,889.3834000000,65.3666700000
2023-04-25 14:15:00,536.0000000000,49.0000000000,833.7791000000,67.9333300000
2023-04-25 14:30:00,436.0000000000,50.0000000000,505.2797000000,67.6333300000
2023-04-25 14:45:00,432.0000000000,49.0000000000,606.3784000000,62.1000000000
2023-04-25 15:00:00,420.0000000000,50.0000000000,679.7104000000,61.3500000000
2023-04-25 15:15:00,244.0000000000,49.0000000000,347.4377000000,57.7666700000
2023-04-25 15:30:00,264.0000000000,49.0000000000,411.0871000000,53.2833300000
2023-04-25 15:45:00,220.0000000000,49.0000000000,339.2501000000,50.3000000000
2023-04-25 16:00:00,256.0000000000,48.0000000000,366.5182000000,47.2833300000
2023-04-25 16:15:00,208.0000000000,49.0000000000,317.3928000000,46.3666600000
2023-04-25 16:30:00,220.0000000000,48.0000000000,348.5056000000,45.1500000000
2023-04-25 16:45:00,172.0000000000,48.0000000000,265.4908000000,44.5166700000
2023-04-25 17:00:00,120.0000000000,48.0000000000,166.9552000000,43.2166700000
2023-04-25 17:15:00,104.0000000000,48.0000000000,170.7998000000,40.7666700000
2023-04-25 17:30:00,88.0000000000,47.0000000000,147.6610000000,39.6166600000
2023-04-25 17:45:00,48.0000000000,47.0000000000,95.2605700000,38.0500000000
2023-04-25 18:00:00,32.0000000000,46.0000000000,52.8988000000,35.8000000000
2023-04-25 18:15:00,8.0000000000,46.0000000000,14.4528400000,33.4833300000
2023-04-25 18:30:00,0.0000000000,47.0000000000,0.7119623000,31.2666700000
2023-04-25 18:45:00,0.0000000000,46.0000000000,0.0000000000,29.5166700000
2023-04-25 19:00:00,0.0000000000,45.0000000000,0.0000000000,28.9833300000
2023-04-25 19:15:00,0.0000000000,43.0000000000,0.0000000000,28.6666700000
2023-04-25 19:30:00,0.0000000000,46.0000000000,0.0000000000,28.3833300000
2023-04-25 19:45:00,0.0000000000,44.0000000000,0.0000000000,27.9166700000
2023-04-25 20:00:00,0.0000000000,44.0000000000,0.0000000000,27.6166700000
2023-04-25 20:15:00,0.0000000000,43.0000000000,0.0000000000,26.9833300000
2023-04-25 20:30:00,0.0000000000,43.0000000000,0.0000000000,26.1833300000
2023-04-25 20:45:00,0.0000000000,42.0000000000,0.0000000000,25.3166700000
2023-04-25 21:00:00,0.0000000000,42.0000000000,0.0000000000,24.9166700000
2023-04-25 21:15:00,0.0000000000,42.0000000000,0.0000000000,24.6666700000
2023-04-25 21:30:00,0.0000000000,43.0000000000,0.0000000000,24.7333300000
2023-04-25 21:45:00,0.0000000000,42.0000000000,0.0000000000,25.0666700000
2023-04-25 22:00:00,0.0000000000,41.0000000000,0.0000000000,25.5166700000
2023-04-25 22:15:00,0.0000000000,42.0000000000,0.0000000000,25.6500000000
2023-04-25 22:30:00,0.0000000000,42.0000000000,0.0000000000,25.9333300000
2023-04-25 22:45:00,0.0000000000,42.0000000000,0.0000000000,26.1500000000
2023-04-25 23:00:00,0.0000000000,42.0000000000,0.0000000000,26.1000000000
2023-04-25 23:15:00,0.0000000000,42.0000000000,0.0000000000,26.6166700000
2023-04-25 23:30:00,0.0000000000,42.0000000000,0.0000000000,26.4833300000
2023-04-25 23:45:00,0.0000000000,41.0000000000,0.0000000000,25.9000000000
2023-04-26 00:00:00,0.0000000000,41.0000000000,0.0000000000,25.5333300000
2023-04-26 00:15:00,0.0000000000,40.0000000000,0.0000000000,25.4500000000
2023-04-26 00:30:00,0.0000000000,36.0000000000,0.0000000000,25.2166700000
2023-04-26 00:45:00,0.0000000000,39.0000000000,0.0000000000,25.0166700000
2023-04-26 01:00:00,0.0000000000,40.0000000000,0.0000000000,24.4833300000
2023-04-26 01:15:00,0.0000000000,40.0000000000,0.0000000000,24.3666700000
2023-04-26 01:30:00,0.0000000000,40.0000000000,0.0000000000,24.4833300000
2023-04-26 01:45:00,0.0000000000,39.0000000000,0.0000000000,24.3166700000
2023-04-26 02:00:00,0.0000000000,39.0000000000,0.0000000000,24.0666700000
2023-04-26 02:15:00,0.0000000000,39.0000000000,0.0000000000,23.9333300000
2023-04-26 02:30:00,0.0000000000,40.0000000000,0.0000000000,24.1833300000
2023-04-26 02:45:00,0.0000000000,40.0000000000,0.0000000000,24.5666700000
2023-04-26 03:00:00,0.0000000000,39.0000000000,0.0000000000,23.8833300000
2023-04-26 03:15:00,0.0000000000,39.0000000000,0.0000000000,22.8500000000
2023-04-26 03:30:00,0.0000000000,39.0000000000,0.0000000000,22.0000000000
2023-04-26 03:45:00,0.0000000000,39.0000000000,0.0000000000,21.3000000000
2023-04-26 04:00:00,0.0000000000,39.0000000000,0.0000000000,20.8833300000
2023-04-26 04:15:00,0.0000000000,38.0000000000,0.0000000000,21.0000000000
2023-04-26 04:30:00,0.0000000000,39.0000000000,0.0000000000,21.1500000000
2023-04-26 04:45:00,0.0000000000,38.0000000000,0.0000000000,21.2666700000
2023-04-26 05:00:00,0.0000000000,38.0000000000,0.0000000000,21.0500000000
2023-04-26 05:15:00,0.0000000000,38.0000000000,0.0000000000,20.8833300000
2023-04-26 05:30:00,0.0000000000,37.0000000000,0.0000000000,20.5166700000
2023-04-26 05:45:00,0.8000000000,38.0000000000,0.9255511000,20.4500000000
2023-04-26 06:00:00,8.4000000000,37.0000000000,10.9642200000,20.9666700000
2023-04-26 06:15:00,22.8000000000,38.0000000000,31.8959100000,21.4000000000
2023-04-26 06:30:00,42.4000000000,38.0000000000,60.5168000000,22.3833300000
2023-04-26 06:45:00,53.2000000000,36.0000000000,105.2755000000,25.0277800000
2023-04-26 07:00:00,85.6000000000,36.0000000000,138.7140000000,27.1055600000
2023-04-26 07:15:00,130.0000000000,37.0000000000,188.8836000000,30.0833300000
2023-04-26 07:30:00,171.2000000000,37.0000000000,246.1966000000,32.7000000000
2023-04-26 07:45:00,214.8000000000,38.0000000000,304.5775000000,35.8833400000
2023-04-26 08:00:00,206.4000000000,39.0000000000,305.8590000000,38.2333300000
2023-04-26 08:15:00,296.0000000000,40.0000000000,413.1517000000,40.8500000000
2023-04-26 08:30:00,211.6000000000,39.0000000000,348.0784000000,44.1000000000
2023-04-26 08:45:00,220.0000000000,40.0000000000,306.4286000000,43.1000000000
2023-04-26 09:00:00,272.0000000000,40.0000000000,365.6639000000,44.2166700000
2023-04-26 09:15:00,384.0000000000,40.0000000000,545.2920000000,47.0166700000
2023-04-26 09:30:00,452.0000000000,34.0000000000,645.9634000000,52.4666700000
2023-04-26 09:45:00,480.0000000000,42.0000000000,720.5771000000,57.2500000000
2023-04-26 10:00:00,520.0000000000,43.0000000000,775.9678000000,59.7000000000
2023-04-26 10:15:00,488.0000000000,42.0000000000,731.0430000000,61.4166700000
2023-04-26 10:30:00,560.0000000000,44.0000000000,836.4846000000,60.6333400000
2023-04-26 10:45:00,512.0000000000,44.0000000000,893.2280000000,62.2000000000
2023-04-26 11:00:00,524.0000000000,44.0000000000,760.8741000000,60.4666700000
2023-04-26 11:15:00,592.0000000000,45.0000000000,876.8528000000,60.7833300000
2023-04-26 11:30:00,608.0000000000,44.0000000000,895.0791000000,62.3500000000
2023-04-26 11:45:00,596.0000000000,44.0000000000,893.1568000000,64.2833300000
2023-04-26 12:00:00,616.0000000000,45.0000000000,899.8492000000,65.2000000000
2023-04-26 12:15:00,620.0000000000,46.0000000000,942.1398000000,65.5166700000
2023-04-26 12:30:00,620.0000000000,46.0000000000,953.8872000000,66.3500000000
2023-04-26 12:45:00,608.0000000000,46.0000000000,935.5897000000,67.9333300000
2023-04-26 13:00:00,608.0000000000,46.0000000000,947.0523000000,66.8000000000
2023-04-26 13:15:00,616.0000000000,47.0000000000,924.7679000000,65.2500000000
2023-04-26 13:30:00,576.0000000000,48.0000000000,868.3805000000,63.1333400000
2023-04-26 13:45:00,536.0000000000,48.0000000000,829.0801000000,58.5333300000
2023-04-26 14:00:00,432.0000000000,48.0000000000,690.2475000000,52.9666700000
2023-04-26 14:15:00,488.0000000000,48.0000000000,654.0086000000,48.5333300000
2023-04-26 14:30:00,232.0000000000,47.0000000000,358.6866000000,46.3333300000
2023-04-26 14:45:00,112.0000000000,45.0000000000,160.3339000000,38.6166600000
2023-04-26 15:00:00,68.0000000000,44.0000000000,97.9660300000,34.7833300000
2023-04-26 15:15:00,68.0000000000,44.0000000000,83.5131900000,32.5666700000
2023-04-26 15:30:00,88.0000000000,43.0000000000,107.7199000000,30.5166700000
2023-04-26 15:45:00,160.0000000000,42.0000000000,197.6407000000,31.8333300000
2023-04-26 16:00:00,184.0000000000,42.0000000000,277.0958000000,35.4333300000
2023-04-26 16:15:00,168.0000000000,38.0000000000,259.3679000000,36.5333300000
2023-04-26 16:30:00,108.0000000000,41.0000000000,157.1301000000,35.1166600000
2023-04-26 16:45:00,96.0000000000,44.0000000000,134.5609000000,34.0500000000
2023-04-26 17:00:00,68.0000000000,41.0000000000,96.6133000000,33.3000000000
2023-04-26 17:15:00,52.0000000000,41.0000000000,73.4033200000,32.3333300000
2023-04-26 17:30:00,24.0000000000,40.0000000000,39.6563100000,31.1333300000
2023-04-26 17:45:00,20.0000000000,41.0000000000,25.2034700000,29.8666700000
2023-04-26 18:00:00,8.0000000000,40.0000000000,16.5175300000,29.0833300000
2023-04-26 18:15:00,8.0000000000,40.0000000000,14.7376200000,28.4833300000
2023-04-26 18:30:00,8.0000000000,41.0000000000,6.1940730000,28.0500000000
2023-04-26 18:45:00,0.0000000000,39.0000000000,0.2847850000,27.2500000000
2023-04-26 19:00:00,0.0000000000,39.0000000000,0.0000000000,26.4000000000
2023-04-26 19:15:00,0.0000000000,40.0000000000,0.0000000000,25.9000000000
2023-04-26 19:30:00,0.0000000000,38.0000000000,0.0000000000,25.7833300000
2023-04-26 19:45:00,0.0000000000,40.0000000000,0.0000000000,26.0000000000
2023-04-26 20:00:00,0.0000000000,39.0000000000,0.0000000000,26.0333300000
2023-04-26 20:15:00,0.0000000000,39.0000000000,0.0000000000,25.7333300000
2023-04-26 20:30:00,0.0000000000,40.0000000000,0.0000000000,25.1500000000
2023-04-26 20:45:00,0.0000000000,38.0000000000,0.0000000000,24.5666700000
2023-04-26 21:00:00,0.0000000000,39.0000000000,0.0000000000,24.3333300000
2023-04-26 21:15:00,0.0000000000,38.0000000000,0.0000000000,24.3500000000
2023-04-26 21:30:00,0.0000000000,39.0000000000,0.0000000000,24.3000000000
2023-04-26 21:45:00,0.0000000000,39.0000000000,0.0000000000,24.2666700000
2023-04-26 22:00:00,0.0000000000,39.0000000000,0.0000000000,24.4833300000
2023-04-26 22:15:00,0.0000000000,39.0000000000,0.0000000000,24.5833300000
2023-04-26 22:30:00,0.0000000000,39.0000000000,0.0000000000,24.2000000000
2023-04-26 22:45:00,0.0000000000,38.0000000000,0.0000000000,23.7500000000
2023-04-26 23:00:00,0.0000000000,39.0000000000,0.0000000000,23.6666700000
2023-04-26 23:15:00,0.0000000000,40.0000000000,0.0000000000,23.8166700000
2023-04-26 23:30:00,0.0000000000,39.0000000000,0.0000000000,23.5833300000
2023-04-26 23:45:00,0.0000000000,38.0000000000,0.0000000000,23.3166700000
2023-04-27 00:00:00,0.0000000000,38.0000000000,0.0000000000,23.1833300000
2023-04-27 00:15:00,0.0000000000,38.0000000000,0.0000000000,22.7666700000
2023-04-27 00:30:00,0.0000000000,38.0000000000,0.0000000000,22.6833300000
2023-04-27 00:45:00,0.0000000000,38.0000000000,0.0000000000,22.6500000000
2023-04-27 01:00:00,0.0000000000,38.0000000000,0.0000000000,22.3666700000
2023-04-27 01:15:00,0.0000000000,38.0000000000,0.0000000000,22.0833300000
2023-04-27 01:30:00,0.0000000000,37.0000000000,0.0000000000,21.8000000000
2023-04-27 01:45:00,0.0000000000,38.0000000000,0.0000000000,21.7500000000
2023-04-27 02:00:00,0.0000000000,38.0000000000,0.0000000000,21.9166700000
2023-04-27 02:15:00,0.0000000000,38.0000000000,0.0000000000,22.0333300000
2023-04-27 02:30:00,0.0000000000,37.0000000000,0.0000000000,22.2500000000
2023-04-27 02:45:00,0.0000000000,38.0000000000,0.0000000000,22.0500000000
2023-04-27 03:00:00,0.0000000000,37.0000000000,0.0000000000,21.6833300000
2023-04-27 03:15:00,0.0000000000,36.0000000000,0.0000000000,21.3000000000
2023-04-27 03:30:00,0.0000000000,36.0000000000,0.0000000000,20.6333300000
2023-04-27 03:45:00,0.0000000000,37.0000000000,0.0000000000,20.3333300000
2023-04-27 04:00:00,0.0000000000,36.0000000000,0.0000000000,20.0000000000
2023-04-27 04:15:00,0.0000000000,37.0000000000,0.0000000000,19.7833300000
2023-04-27 04:30:00,0.0000000000,36.0000000000,0.0000000000,19.9000000000
2023-04-27 04:45:00,0.0000000000,35.0000000000,0.0000000000,19.7333300000
2023-04-27 05:00:00,0.0000000000,36.0000000000,0.0000000000,19.4500000000
2023-04-27 05:15:00,0.0000000000,36.0000000000,0.0000000000,19.6166700000
2023-04-27 05:30:00,0.0000000000,36.0000000000,0.0000000000,19.7833300000
2023-04-27 05:45:00,0.0000000000,34.0000000000,7.1603060000,19.9452400000
2023-04-27 06:00:00,0.0000000000,0.0000000000,0.0000000000,0.0000000000
2023-04-27 06:15:00,,28.0000000000,38.2323800000,20.9166700000
2023-04-27 06:30:00,48.0000000000,34.0000000000,62.2255100000,21.6500000000
2023-04-27 06:45:00,78.0000000000,36.0000000000,106.6520000000,22.8333300000
2023-04-27 07:00:00,112.0000000000,36.0000000000,156.1334000000,24.2500000000
2023-04-27 07:15:00,144.8000000000,36.0000000000,204.9740000000,27.0166700000
2023-04-27 07:30:00,181.6000000000,35.0000000000,257.3032000000,31.5000000000
2023-04-27 07:45:00,220.0000000000,36.0000000000,311.6971000000,35.2166700000
2023-04-27 08:00:00,262.4000000000,36.0000000000,370.4341000000,38.5666700000
2023-04-27 08:15:00,302.8000000000,37.0000000000,427.2486000000,41.7833300000
2023-04-27 08:30:00,342.0000000000,38.0000000000,483.1376000000,43.4000000000
2023-04-27 08:45:00,380.0000000000,39.0000000000,539.8099000000,46.1666700000
2023-04-27 09:00:00,416.0000000000,39.0000000000,591.5695000000,48.4500000000
2023-04-27 09:15:00,456.0000000000,39.0000000000,643.1156000000,50.4000000000
2023-04-27 09:30:00,488.0000000000,39.0000000000,698.5063000000,52.3000000000
2023-04-27 09:45:00,520.0000000000,40.0000000000,744.3567000000,55.0333300000
2023-04-27 10:00:00,544.0000000000,39.0000000000,789.9222000000,56.2000000000
2023-04-27 10:15:00,564.0000000000,38.0000000000,824.8796000000,58.2500000000
2023-04-27 10:30:00,584.0000000000,42.0000000000,861.8304000000,61.4500000000
2023-04-27 10:45:00,604.0000000000,42.0000000000,890.1666000000,63.5500000000
2023-04-27 11:00:00,616.0000000000,42.0000000000,923.2016000000,64.1000000000
2023-04-27 11:15:00,632.0000000000,42.0000000000,937.4409000000,64.1500000000
2023-04-27 11:30:00,648.0000000000,43.0000000000,957.9454000000,66.4666700000
2023-04-27 11:45:00,656.0000000000,43.0000000000,973.8933000000,66.8500000000
2023-04-27 12:00:00,648.0000000000,44.0000000000,986.4951000000,64.9500000000
2023-04-27 12:15:00,664.0000000000,44.0000000000,995.2521000000,66.0166700000
2023-04-27 12:30:00,644.0000000000,45.0000000000,982.3657000000,66.6166700000
2023-04-27 12:45:00,652.0000000000,45.0000000000,987.9190000000,67.0500000000
2023-04-27 13:00:00,640.0000000000,45.0000000000,956.7350000000,67.9833300000
2023-04-27 13:15:00,632.0000000000,47.0000000000,953.6024000000,67.3000000000
2023-04-27 13:30:00,616.0000000000,45.0000000000,930.3925000000,67.2666700000
2023-04-27 13:45:00,588.0000000000,46.0000000000,890.5225000000,66.2166700000
2023-04-27 14:00:00,576.0000000000,45.0000000000,864.3935000000,64.1000000000
2023-04-27 14:15:00,548.0000000000,46.0000000000,829.5074000000,62.0333300000
2023-04-27 14:30:00,524.0000000000,46.0000000000,789.3527000000,62.1666700000
2023-04-27 14:45:00,492.0000000000,47.0000000000,743.6447000000,63.1500000000
2023-04-27 15:00:00,456.0000000000,47.0000000000,691.4578000000,62.4166700000
2023-04-27 15:15:00,424.0000000000,48.0000000000,634.0025000000,60.9333300000
2023-04-27 15:30:00,380.0000000000,47.0000000000,578.6830000000,57.6166600000
2023-04-27 15:45:00,344.0000000000,46.0000000000,517.7390000000,55.0500000000
2023-04-27 16:00:00,308.0000000000,47.0000000000,468.9696000000,54.1333400000
2023-04-27 16:15:00,256.0000000000,46.0000000000,390.7249000000,52.0000000000
2023-04-27 16:30:00,232.0000000000,47.0000000000,350.1431000000,50.4166700000
2023-04-27 16:45:00,100.0000000000,47.0000000000,179.6281000000,47.2833300000
2023-04-27 17:00:00,40.0000000000,46.0000000000,63.2934500000,40.7000000000
2023-04-27 17:15:00,52.0000000000,45.0000000000,71.5522200000,37.1500000000
2023-04-27 17:30:00,40.0000000000,46.0000000000,62.7238800000,36.1833300000
2023-04-27 17:45:00,32.0000000000,45.0000000000,45.0672200000,35.0500000000
2023-04-27 18:00:00,20.0000000000,45.0000000000,28.1937100000,33.9000000000
2023-04-27 18:15:00,4.0000000000,45.0000000000,12.6017300000,32.7833300000
2023-04-27 18:30:00,4.0000000000,44.0000000000,2.4918680000,31.9500000000
2023-04-27 18:45:00,0.0000000000,44.0000000000,0.0000000000,31.2833300000
2023-04-27 19:00:00,0.0000000000,44.0000000000,0.0000000000,30.7166700000
2023-04-27 19:15:00,0.0000000000,43.0000000000,0.0000000000,30.5333300000
2023-04-27 19:30:00,0.0000000000,44.0000000000,0.0000000000,30.3500000000
2023-04-27 19:45:00,0.0000000000,43.0000000000,0.0000000000,29.8000000000
2023-04-27 20:00:00,0.0000000000,44.0000000000,0.0000000000,29.5333300000
2023-04-27 20:15:00,0.0000000000,43.0000000000,0.0000000000,29.0833300000
2023-04-27 20:30:00,0.0000000000,42.0000000000,0.0000000000,28.8666700000
2023-04-27 20:45:00,0.0000000000,42.0000000000,0.0000000000,28.8333300000
2023-04-27 21:00:00,0.0000000000,42.0000000000,0.0000000000,28.2666700000
2023-04-27 21:15:00,0.0000000000,42.0000000000,0.0000000000,27.7500000000
2023-04-27 21:30:00,0.0000000000,43.0000000000,0.0000000000,27.5500000000
2023-04-27 21:45:00,0.0000000000,42.0000000000,0.0000000000,27.6000000000
2023-04-27 22:00:00,0.0000000000,41.0000000000,0.0000000000,27.2500000000
2023-04-27 22:15:00,0.0000000000,41.0000000000,0.0000000000,27.0000000000
2023-04-27 22:30:00,0.0000000000,42.0000000000,0.0000000000,26.9833300000
2023-04-27 22:45:00,0.0000000000,41.0000000000,0.0000000000,26.7500000000
2023-04-27 23:00:00,0.0000000000,41.0000000000,0.0000000000,26.4333300000
2023-04-27 23:15:00,0.0000000000,41.0000000000,0.0000000000,26.0666700000
2023-04-27 23:30:00,0.0000000000,40.0000000000,0.0000000000,25.8166700000
2023-04-27 23:45:00,0.0000000000,40.0000000000,0.0000000000,25.6333300000
2023-04-28 00:00:00,0.0000000000,40.0000000000,0.0000000000,25.5000000000
2023-04-28 00:15:00,0.0000000000,40.0000000000,0.0000000000,25.4000000000
2023-04-28 00:30:00,0.0000000000,40.0000000000,0.0000000000,25.1333300000
2023-04-28 00:45:00,0.0000000000,39.0000000000,0.0000000000,24.7166700000
2023-04-28 01:00:00,0.0000000000,46.0000000000,0.0000000000,24.5000000000
2023-04-28 01:15:00,0.0000000000,41.0000000000,0.0000000000,24.1666700000
2023-04-28 01:30:00,0.0000000000,39.0000000000,0.0000000000,24.0500000000
2023-04-28 01:45:00,0.0000000000,40.0000000000,0.0000000000,23.6500000000
2023-04-28 02:00:00,0.0000000000,39.0000000000,0.0000000000,23.2333300000
2023-04-28 02:15:00,0.0000000000,39.0000000000,0.0000000000,23.3000000000
2023-04-28 02:30:00,0.0000000000,39.0000000000,0.0000000000,23.2833300000
2023-04-28 02:45:00,0.0000000000,39.0000000000,0.0000000000,22.9166700000
2023-04-28 03:00:00,0.0000000000,39.0000000000,0.0000000000,22.6833300000
2023-04-28 03:15:00,0.0000000000,39.0000000000,0.0000000000,22.4333300000
2023-04-28 03:30:00,0.0000000000,38.0000000000,0.0000000000,22.1500000000
2023-04-28 03:45:00,0.0000000000,38.0000000000,0.0000000000,22.0000000000
2023-04-28 04:00:00,0.0000000000,39.0000000000,0.0000000000,21.9166700000
2023-04-28 04:15:00,0.0000000000,39.0000000000,0.0000000000,21.9000000000
2023-04-28 04:30:00,0.0000000000,38.0000000000,0.0000000000,21.9666700000
2023-04-28 04:45:00,0.0000000000,38.0000000000,0.0000000000,22.1000000000
2023-04-28 05:00:00,0.0000000000,38.0000000000,0.0000000000,22.2500000000
2023-04-28 05:15:00,0.0000000000,38.0000000000,0.0000000000,22.6666700000
2023-04-28 05:30:00,0.0000000000,38.0000000000,0.0000000000,22.9000000000
2023-04-28 05:45:00,0.8000000000,38.0000000000,0.7831587000,22.8833300000
2023-04-28 06:00:00,8.4000000000,38.0000000000,9.8250800000,22.8500000000
2023-04-28 06:15:00,23.6000000000,38.0000000000,32.4654800000,23.1833300000
2023-04-28 06:30:00,46.0000000000,37.0000000000,67.4228400000,24.1666700000
2023-04-28 06:45:00,74.8000000000,38.0000000000,110.5678000000,26.1166700000
2023-04-28 07:00:00,108.8000000000,38.0000000000,159.1948000000,29.0166700000
2023-04-28 07:15:00,146.4000000000,38.0000000000,211.8800000000,32.2166700000
2023-04-28 07:30:00,188.0000000000,38.0000000000,270.6169000000,35.2333300000
2023-04-28 07:45:00,230.4000000000,39.0000000000,329.2826000000,38.0166700000
2023-04-28 08:00:00,272.0000000000,39.0000000000,386.5244000000,41.1333400000
2023-04-28 08:15:00,315.6000000000,40.0000000000,449.1771000000,44.3166700000
2023-04-28 08:30:00,360.4000000000,42.0000000000,512.6129000000,47.3666600000
2023-04-28 08:45:00,399.2000000000,41.0000000000,569.5699000000,50.7166700000
2023-04-28 09:00:00,436.0000000000,42.0000000000,622.9670000000,52.5000000000
2023-04-28 09:15:00,468.0000000000,42.0000000000,671.2382000000,54.8333300000
2023-04-28 09:30:00,500.0000000000,42.0000000000,722.9266000000,56.4500000000
2023-04-28 09:45:00,528.0000000000,42.0000000000,770.5569000000,57.9833300000
2023-04-28 10:00:00,556.0000000000,43.0000000000,818.1872000000,59.1000000000
2023-04-28 10:15:00,576.0000000000,44.0000000000,856.4196000000,60.8833400000
2023-04-28 10:30:00,600.0000000000,43.0000000000,893.5128000000,63.3666600000
2023-04-28 10:45:00,620.0000000000,44.0000000000,926.0494000000,65.4000000000
2023-04-28 11:00:00,620.0000000000,44.0000000000,936.8001000000,65.0166700000
2023-04-28 11:15:00,640.0000000000,45.0000000000,973.6085000000,66.3666700000
2023-04-28 11:30:00,648.0000000000,46.0000000000,985.2136000000,66.2666700000
2023-04-28 11:45:00,652.0000000000,45.0000000000,995.6795000000,66.2333300000
2023-04-28 12:00:00,656.0000000000,47.0000000000,1007.1420000000,67.6333300000
2023-04-28 12:15:00,664.0000000000,47.0000000000,1011.7700000000,67.4833300000
2023-04-28 12:30:00,656.0000000000,46.0000000000,1008.6370000000,67.9333300000
2023-04-28 12:45:00,672.0000000000,46.0000000000,1014.5460000000,67.0000000000
2023-04-28 13:00:00,660.0000000000,47.0000000000,1016.6820000000,67.6500000000
2023-04-28 13:15:00,636.0000000000,49.0000000000,975.6021000000,64.9000000000
2023-04-28 13:30:00,604.0000000000,47.0000000000,925.6935000000,65.5500000000
2023-04-28 13:45:00,600.0000000000,48.0000000000,913.4478000000,66.7333300000
2023-04-28 14:00:00,584.0000000000,48.0000000000,895.0790000000,64.3833300000
2023-04-28 14:15:00,568.0000000000,48.0000000000,864.6783000000,62.8666600000
2023-04-28 14:30:00,544.0000000000,47.0000000000,828.2970000000,63.2166700000
2023-04-28 14:45:00,512.0000000000,48.0000000000,777.5341000000,62.5666700000
2023-04-28 15:00:00,468.0000000000,49.0000000000,718.9396000000,62.9166700000
2023-04-28 15:15:00,428.0000000000,49.0000000000,662.3386000000,61.9833300000
2023-04-28 15:30:00,376.0000000000,48.0000000000,566.2949000000,57.6833300000
2023-04-28 15:45:00,340.0000000000,49.0000000000,513.1825000000,54.8833400000
2023-04-28 16:00:00,312.0000000000,48.0000000000,474.0958000000,52.7000000000
2023-04-28 16:15:00,268.0000000000,49.0000000000,412.5110000000,51.3000000000
2023-04-28 16:30:00,216.0000000000,49.0000000000,329.3538000000,49.7833300000
2023-04-28 16:45:00,180.0000000000,48.0000000000,284.2154000000,47.2833300000
2023-04-28 17:00:00,132.0000000000,47.0000000000,216.7213000000,45.3833400000
2023-04-28 17:15:00,96.0000000000,47.0000000000,158.6252000000,42.7833300000
2023-04-28 17:30:00,68.0000000000,47.0000000000,106.3672000000,40.2500000000
2023-04-28 17:45:00,44.0000000000,48.0000000000,77.6039000000,38.4333300000
2023-04-28 18:00:00,20.0000000000,47.0000000000,38.0899900000,36.6333400000
2023-04-28 18:15:00,8.0000000000,46.0000000000,14.0968600000,34.6500000000
2023-04-28 18:30:00,4.0000000000,45.0000000000,1.8511020000,33.0500000000
2023-04-28 18:45:00,0.0000000000,46.0000000000,0.0000000000,32.3500000000
2023-04-28 19:00:00,0.0000000000,45.0000000000,0.0000000000,31.2666700000
2023-04-28 19:15:00,0.0000000000,45.0000000000,0.0000000000,29.8666700000
2023-04-28 19:30:00,0.0000000000,45.0000000000,0.0000000000,29.0000000000
2023-04-28 19:45:00,0.0000000000,45.0000000000,0.0000000000,28.5166700000
2023-04-28 20:00:00,0.0000000000,44.0000000000,0.0000000000,28.5333300000
2023-04-28 20:15:00,0.0000000000,44.0000000000,0.0000000000,28.6500000000
2023-04-28 20:30:00,0.0000000000,45.0000000000,0.0000000000,28.7833300000
2023-04-28 20:45:00,0.0000000000,44.0000000000,0.0000000000,29.0500000000
2023-04-28 21:00:00,0.0000000000,44.0000000000,0.0000000000,29.6000000000
2023-04-28 21:15:00,0.0000000000,44.0000000000,0.0000000000,29.4166700000
2023-04-28 21:30:00,0.0000000000,43.0000000000,0.0000000000,28.7333300000
2023-04-28 21:45:00,0.0000000000,43.0000000000,0.0000000000,27.8166700000
2023-04-28 22:00:00,0.0000000000,43.0000000000,0.0000000000,27.0666700000
2023-04-28 22:15:00,0.0000000000,43.0000000000,0.0000000000,26.7166700000
2023-04-28 22:30:00,0.0000000000,43.0000000000,0.0000000000,26.9500000000
2023-04-28 22:45:00,0.0000000000,43.0000000000,0.0000000000,27.1000000000
2023-04-28 23:00:00,0.0000000000,42.0000000000,0.0000000000,26.9333300000
2023-04-28 23:15:00,0.0000000000,42.0000000000,0.0000000000,26.9500000000
2023-04-28 23:30:00,0.0000000000,42.0000000000,0.0000000000,26.9333300000
2023-04-28 23:45:00,0.0000000000,42.0000000000,0.0000000000,26.6166700000
2023-04-29 00:00:00,0.0000000000,42.0000000000,0.0000000000,26.3833300000
2023-04-29 00:15:00,0.0000000000,42.0000000000,0.0000000000,26.0333300000
2023-04-29 00:30:00,0.0000000000,42.0000000000,0.0000000000,25.5000000000
2023-04-29 00:45:00,0.0000000000,41.0000000000,0.0000000000,25.0000000000
2023-04-29 01:00:00,0.0000000000,41.0000000000,0.0000000000,24.6166700000
2023-04-29 01:15:00,0.0000000000,40.0000000000,0.0000000000,24.6000000000
2023-04-29 01:30:00,0.0000000000,42.0000000000,0.0000000000,24.9333300000
2023-04-29 01:45:00,0.0000000000,40.0000000000,0.0000000000,25.0166700000
2023-04-29 02:00:00,0.0000000000,37.0000000000,0.0000000000,24.7833300000
2023-04-29 02:15:00,0.0000000000,38.0000000000,0.0000000000,24.6833300000
2023-04-29 02:30:00,0.0000000000,40.0000000000,0.0000000000,24.2000000000
2023-04-29 02:45:00,0.0000000000,40.0000000000,0.0000000000,23.7833300000
2023-04-29 03:00:00,0.0000000000,39.0000000000,0.0000000000,23.4333300000
2023-04-29 03:15:00,0.0000000000,40.0000000000,0.0000000000,22.8666700000
2023-04-29 03:30:00,0.0000000000,39.0000000000,0.0000000000,22.2666700000
2023-04-29 03:45:00,0.0000000000,38.0000000000,0.0000000000,22.0500000000
2023-04-29 04:00:00,0.0000000000,39.0000000000,0.0000000000,21.8166700000
2023-04-29 04:15:00,0.0000000000,39.0000000000,0.0000000000,22.0000000000
2023-04-29 04:30:00,0.0000000000,38.0000000000,0.0000000000,22.4333300000
2023-04-29 04:45:00,0.0000000000,38.0000000000,0.0000000000,21.8666700000
2023-04-29 05:00:00,0.0000000000,38.0000000000,0.0000000000,21.1166700000
2023-04-29 05:15:00,0.0000000000,38.0000000000,0.0000000000,20.6500000000
2023-04-29 05:30:00,0.0000000000,38.0000000000,0.0000000000,20.8833300000
2023-04-29 05:45:00,4.0000000000,38.0000000000,1.0679440000,20.8500000000
2023-04-29 06:00:00,8.0000000000,38.0000000000,11.7473800000,21.5333300000
2023-04-29 06:15:00,24.0000000000,38.0000000000,32.8214600000,22.5333300000
2023-04-29 06:30:00,48.0000000000,38.0000000000,69.1315500000,23.3166700000
2023-04-29 06:45:00,76.0000000000,38.0000000000,112.4188000000,25.2000000000
2023-04-29 07:00:00,108.0000000000,38.0000000000,159.4084000000,28.2500000000
2023-04-29 07:15:00,148.0000000000,39.0000000000,216.5078000000,31.5333300000
2023-04-29 07:30:00,192.0000000000,38.0000000000,277.5941000000,35.2000000000
2023-04-29 07:45:00,240.0000000000,39.0000000000,341.3860000000,38.6500000000
2023-04-29 08:00:00,284.0000000000,39.0000000000,404.1099000000,41.6666700000
2023-04-29 08:15:00,324.0000000000,43.0000000000,459.4293000000,44.5833300000
2023-04-29 08:30:00,356.0000000000,41.0000000000,509.5515000000,47.1666700000
2023-04-29 08:45:00,396.0000000000,42.0000000000,564.1590000000,49.6333400000
2023-04-29 09:00:00,436.0000000000,42.0000000000,622.3975000000,52.2333300000
2023-04-29 09:15:00,464.0000000000,42.0000000000,669.5294000000,55.5000000000
2023-04-29 09:30:00,496.0000000000,43.0000000000,718.4412000000,58.2166700000
2023-04-29 09:45:00,528.0000000000,42.0000000000,767.1395000000,60.2500000000
2023-04-29 10:00:00,548.0000000000,44.0000000000,809.0029000000,62.7166700000
2023-04-29 10:15:00,580.0000000000,45.0000000000,856.7755000000,63.7833300000
2023-04-29 10:30:00,596.0000000000,44.0000000000,888.6002000000,63.2000000000
2023-04-29 10:45:00,608.0000000000,45.0000000000,912.7358000000,63.9666700000
2023-04-29 11:00:00,624.0000000000,45.0000000000,941.4990000000,66.2500000000
2023-04-29 11:15:00,632.0000000000,46.0000000000,960.2949000000,67.1500000000
2023-04-29 11:30:00,640.0000000000,46.0000000000,975.1036000000,68.1833300000
2023-04-29 11:45:00,640.0000000000,46.0000000000,981.9385000000,70.3833300000
2023-04-29 12:00:00,644.0000000000,47.0000000000,995.5370000000,70.9000000000
2023-04-29 12:15:00,648.0000000000,48.0000000000,999.7377000000,72.9500000000
2023-04-29 12:30:00,644.0000000000,48.0000000000,1001.5180000000,72.5500000000
2023-04-29 12:45:00,640.0000000000,48.0000000000,996.6049000000,70.7333300000
2023-04-29 13:00:00,636.0000000000,48.0000000000,988.2750000000,71.2500000000
2023-04-29 13:15:00,632.0000000000,48.0000000000,971.1166000000,68.5666700000
2023-04-29 13:30:00,608.0000000000,49.0000000000,950.8969000000,69.1000000000
2023-04-29 13:45:00,592.0000000000,49.0000000000,916.2956000000,69.2333300000
2023-04-29 14:00:00,576.0000000000,49.0000000000,888.6002000000,67.5666700000
2023-04-29 14:15:00,556.0000000000,49.0000000000,855.7076000000,65.4833300000
2023-04-29 14:30:00,532.0000000000,49.0000000000,822.5301000000,66.0166700000
2023-04-29 14:45:00,504.0000000000,49.0000000000,775.1846000000,65.3833300000
2023-04-29 15:00:00,464.0000000000,49.0000000000,712.1047000000,64.8500000000
2023-04-29 15:15:00,428.0000000000,49.0000000000,659.7755000000,62.1666700000
2023-04-29 15:30:00,388.0000000000,50.0000000000,591.4984000000,58.5500000000
2023-04-29 15:45:00,340.0000000000,49.0000000000,524.4315000000,55.1666700000
2023-04-29 16:00:00,308.0000000000,49.0000000000,469.1120000000,52.8500000000
2023-04-29 16:15:00,264.0000000000,49.0000000000,406.8153000000,51.6000000000
2023-04-29 16:30:00,220.0000000000,49.0000000000,340.6028000000,50.6333400000
2023-04-29 16:45:00,168.0000000000,48.0000000000,270.6881000000,47.7666700000
2023-04-29 17:00:00,128.0000000000,48.0000000000,200.7022000000,45.0500000000
2023-04-29 17:15:00,60.0000000000,47.0000000000,105.2992000000,41.8166700000
2023-04-29 17:30:00,64.0000000000,47.0000000000,105.7976000000,39.5000000000
2023-04-29 17:45:00,40.0000000000,47.0000000000,58.6657000000,38.4500000000
2023-04-29 18:00:00,24.0000000000,46.0000000000,46.4199500000,36.9500000000
2023-04-29 18:15:00,16.0000000000,46.0000000000,25.6306500000,35.6000000000
2023-04-29 18:30:00,4.0000000000,46.0000000000,4.3429710000,33.9500000000
2023-04-29 18:45:00,0.0000000000,46.0000000000,0.0000000000,32.3666600000
2023-04-29 19:00:00,0.0000000000,46.0000000000,0.0000000000,31.6000000000
2023-04-29 19:15:00,0.0000000000,46.0000000000,0.0000000000,31.6166700000
2023-04-29 19:30:00,0.0000000000,46.0000000000,0.0000000000,32.1833300000
2023-04-29 19:45:00,0.0000000000,46.0000000000,0.0000000000,31.7333300000
2023-04-29 20:00:00,0.0000000000,45.0000000000,0.0000000000,30.7666700000
2023-04-29 20:15:00,0.0000000000,45.0000000000,0.0000000000,29.9166700000
2023-04-29 20:30:00,0.0000000000,45.0000000000,0.0000000000,29.6500000000
2023-04-29 20:45:00,0.0000000000,45.0000000000,0.0000000000,29.4666700000
2023-04-29 21:00:00,0.0000000000,45.0000000000,0.0000000000,29.1833300000
2023-04-29 21:15:00,0.0000000000,44.0000000000,0.0000000000,28.9000000000
2023-04-29 21:30:00,0.0000000000,44.0000000000,0.0000000000,28.5666700000
2023-04-29 21:45:00,0.0000000000,44.0000000000,0.0000000000,28.4000000000
2023-04-29 22:00:00,0.0000000000,43.0000000000,0.0000000000,28.9833300000
2023-04-29 22:15:00,0.0000000000,43.0000000000,0.0000000000,29.0000000000
2023-04-29 22:30:00,0.0000000000,44.0000000000,0.0000000000,28.5666700000
2023-04-29 22:45:00,0.0000000000,42.0000000000,0.0000000000,28.4000000000
2023-04-29 23:00:00,0.0000000000,43.0000000000,0.0000000000,28.1166700000
2023-04-29 23:15:00,0.0000000000,43.0000000000,0.0000000000,27.4166700000
2023-04-29 23:30:00,0.0000000000,43.0000000000,0.0000000000,26.9333300000
2023-04-29 23:45:00,0.0000000000,43.0000000000,0.0000000000,26.4166700000
2023-04-30 00:00:00,0.0000000000,42.0000000000,0.0000000000,26.2000000000
2023-04-30 00:15:00,0.0000000000,42.0000000000,0.0000000000,26.1666700000
2023-04-30 00:30:00,0.0000000000,42.0000000000,0.0000000000,26.4833300000
2023-04-30 00:45:00,0.0000000000,42.0000000000,0.0000000000,26.6500000000
2023-04-30 01:00:00,0.0000000000,42.0000000000,0.0000000000,26.6166700000
2023-04-30 01:15:00,0.0000000000,42.0000000000,0.0000000000,26.6166700000
2023-04-30 01:30:00,0.0000000000,42.0000000000,0.0000000000,26.6833300000
2023-04-30 01:45:00,0.0000000000,41.0000000000,0.0000000000,26.5500000000
2023-04-30 02:00:00,0.0000000000,41.0000000000,0.0000000000,26.5833300000
2023-04-30 02:15:00,0.0000000000,41.0000000000,0.0000000000,26.5500000000
2023-04-30 02:30:00,0.0000000000,41.0000000000,0.0000000000,26.2833300000
2023-04-30 02:45:00,0.0000000000,42.0000000000,0.0000000000,26.5666700000
2023-04-30 03:00:00,0.0000000000,41.0000000000,0.0000000000,26.6333300000
2023-04-30 03:15:00,0.0000000000,42.0000000000,0.0000000000,25.9833300000
2023-04-30 03:30:00,0.0000000000,42.0000000000,0.0000000000,24.9500000000
2023-04-30 03:45:00,0.0000000000,41.0000000000,0.0000000000,24.4333300000
2023-04-30 04:00:00,0.0000000000,41.0000000000,0.0000000000,24.5166700000
2023-04-30 04:15:00,0.0000000000,40.0000000000,0.0000000000,24.3500000000
2023-04-30 04:30:00,0.0000000000,39.0000000000,0.0000000000,23.6833300000
2023-04-30 04:45:00,0.0000000000,39.0000000000,0.0000000000,22.8500000000
2023-04-30 05:00:00,0.0000000000,39.0000000000,0.0000000000,22.4666700000
2023-04-30 05:15:00,0.0000000000,39.0000000000,0.0000000000,22.4500000000
2023-04-30 05:30:00,0.0000000000,39.0000000000,0.0000000000,22.2500000000
2023-04-30 05:45:00,0.0000000000,38.0000000000,0.4271775000,22.1000000000
2023-04-30 06:00:00,4.0000000000,39.0000000000,6.8348380000,22.1333300000
2023-04-30 06:15:00,20.0000000000,39.0000000000,26.0578200000,22.8666700000
2023-04-30 06:30:00,44.0000000000,39.0000000000,61.7983300000,24.1000000000
2023-04-30 06:45:00,72.0000000000,38.0000000000,105.5128000000,26.2166700000
2023-04-30 07:00:00,108.0000000000,38.0000000000,153.0007000000,29.2500000000
2023-04-30 07:15:00,132.0000000000,39.0000000000,193.7961000000,32.0166700000
2023-04-30 07:30:00,172.0000000000,39.0000000000,241.5688000000,34.4500000000
2023-04-30 07:45:00,216.0000000000,40.0000000000,304.2215000000,37.1500000000
2023-04-30 08:00:00,252.0000000000,36.0000000000,359.6122000000,40.3666600000
2023-04-30 08:15:00,296.0000000000,41.0000000000,418.9899000000,43.9500000000
2023-04-30 08:30:00,336.0000000000,42.0000000000,473.3838000000,47.1666700000
2023-04-30 08:45:00,364.0000000000,42.0000000000,525.0722000000,49.6166600000
2023-04-30 09:00:00,396.0000000000,42.0000000000,560.2432000000,52.0000000000
2023-04-30 09:15:00,436.0000000000,43.0000000000,620.3328000000,54.0833300000
2023-04-30 09:30:00,468.0000000000,44.0000000000,670.8821000000,55.8166700000
2023-04-30 09:45:00,504.0000000000,44.0000000000,726.2728000000,56.8166700000
2023-04-30 10:00:00,516.0000000000,43.0000000000,766.9258000000,57.7333300000
2023-04-30 10:15:00,472.0000000000,44.0000000000,650.7336000000,56.9000000000
2023-04-30 10:30:00,596.0000000000,46.0000000000,880.8398000000,55.7166700000
2023-04-30 10:45:00,544.0000000000,45.0000000000,718.7972000000,55.9666700000
2023-04-30 11:00:00,624.0000000000,45.0000000000,932.6707000000,58.3000000000
2023-04-30 11:15:00,464.0000000000,45.0000000000,718.1565000000,56.0500000000
2023-04-30 11:30:00,620.0000000000,45.0000000000,1003.2970000000,57.6000000000
2023-04-30 11:45:00,632.0000000000,46.0000000000,986.2815000000,59.8000000000
2023-04-30 12:00:00,652.0000000000,45.0000000000,987.0646000000,60.1833300000
2023-04-30 12:15:00,652.0000000000,46.0000000000,992.6891000000,61.8500000000
2023-04-30 12:30:00,648.0000000000,47.0000000000,990.1973000000,62.7000000000
2023-04-30 12:45:00,544.0000000000,47.0000000000,877.2089000000,61.6833300000
2023-04-30 13:00:00,412.0000000000,47.0000000000,611.8605000000,54.3333300000
2023-04-30 13:15:00,592.0000000000,47.0000000000,950.7546000000,53.3500000000
2023-04-30 13:30:00,632.0000000000,48.0000000000,947.9067000000,58.7500000000
2023-04-30 13:45:00,612.0000000000,47.0000000000,920.1402000000,59.0500000000
2023-04-30 14:00:00,580.0000000000,47.0000000000,844.1025000000,58.4000000000
2023-04-30 14:15:00,560.0000000000,47.0000000000,836.6270000000,56.0000000000
2023-04-30 14:30:00,460.0000000000,47.0000000000,712.4608000000,53.9000000000
2023-04-30 14:45:00,112.0000000000,47.0000000000,166.4568000000,45.3333300000
2023-04-30 15:00:00,112.0000000000,46.0000000000,156.9165000000,38.4166700000
2023-04-30 15:15:00,52.0000000000,46.0000000000,77.6039000000,35.9333300000
2023-04-30 15:30:00,24.0000000000,45.0000000000,36.0964900000,33.9333300000
2023-04-30 15:45:00,20.0000000000,44.0000000000,28.4073000000,32.7500000000
2023-04-30 16:00:00,36.0000000000,44.0000000000,44.9248300000,32.2833300000
2023-04-30 16:15:00,48.0000000000,43.0000000000,61.0151700000,32.5666700000
2023-04-30 16:30:00,68.0000000000,43.0000000000,83.5843900000,32.8833400000
2023-04-30 16:45:00,68.0000000000,43.0000000000,89.4224700000,33.9666700000
2023-04-30 17:00:00,68.0000000000,44.0000000000,93.1958800000,34.3500000000
2023-04-30 17:15:00,40.0000000000,44.0000000000,62.2255100000,34.0666700000
2023-04-30 17:30:00,72.0000000000,43.0000000000,95.0469800000,31.2500000000
2023-04-30 17:45:00,84.0000000000,41.0000000000,107.9335000000,30.8000000000
2023-04-30 18:00:00,84.0000000000,40.0000000000,111.9205000000,30.9166700000
2023-04-30 18:15:00,44.0000000000,40.0000000000,62.5814900000,30.3000000000
2023-04-30 18:30:00,8.0000000000,39.0000000000,16.5175300000,28.8166700000
2023-04-30 18:45:00,0.0000000000,41.0000000000,0.5695699000,27.5166700000
2023-04-30 19:00:00,0.0000000000,41.0000000000,0.0000000000,26.7166700000
2023-04-30 19:15:00,0.0000000000,42.0000000000,0.0000000000,26.3666700000
2023-04-30 19:30:00,0.0000000000,41.0000000000,0.0000000000,25.9666700000
2023-04-30 19:45:00,0.0000000000,40.0000000000,0.0000000000,25.5000000000
2023-04-30 20:00:00,0.0000000000,40.0000000000,0.0000000000,25.2666700000
2023-04-30 20:15:00,0.0000000000,40.0000000000,0.0000000000,25.0833300000
2023-04-30 20:30:00,0.0000000000,39.0000000000,0.0000000000,24.6166700000
2023-04-30 20:45:00,0.0000000000,39.0000000000,0.0000000000,24.2833300000
2023-04-30 21:00:00,0.0000000000,39.0000000000,0.0000000000,24.0333300000
2023-04-30 21:15:00,0.0000000000,39.0000000000,0.0000000000,23.9500000000
2023-04-30 21:30:00,0.0000000000,39.0000000000,0.0000000000,24.0000000000
2023-04-30 21:45:00,0.0000000000,38.0000000000,0.0000000000,23.9833300000
2023-04-30 22:00:00,0.0000000000,37.0000000000,0.0000000000,23.9000000000
2023-04-30 22:15:00,0.0000000000,38.0000000000,0.0000000000,23.9000000000
2023-04-30 22:30:00,0.0000000000,38.0000000000,0.0000000000,23.8000000000
2023-04-30 22:45:00,0.0000000000,38.0000000000,0.0000000000,23.5666700000
2023-04-30 23:00:00,0.0000000000,38.0000000000,0.0000000000,23.4666700000
2023-04-30 23:15:00,0.0000000000,38.0000000000,0.0000000000,23.1166700000
2023-04-30 23:30:00,0.0000000000,38.0000000000,0.0000000000,22.8666700000
2023-04-30 23:45:00,0.0000000000,37.0000000000,0.0000000000,23.0833300000
