Datetime,Generated power_1391 (kW),Ambient temperature_1392 (degree C),Irradiance_1393 (W/m2),PV module temperature_1394 (C)
2023-02-06 00:00:00,0.0000000000,38.0000000000,0.0000000000,25.0666700000
2023-02-06 00:15:00,0.0000000000,38.0000000000,0.0000000000,24.9333300000
2023-02-06 00:30:00,0.0000000000,38.0000000000,0.0000000000,24.8000000000
2023-02-06 00:45:00,0.0000000000,38.0000000000,0.0000000000,24.6666700000
2023-02-06 01:00:00,0.0000000000,38.0000000000,0.0000000000,24.5833300000
2023-02-06 01:15:00,0.0000000000,38.0000000000,0.0000000000,24.4166700000
2023-02-06 01:30:00,0.0000000000,37.0000000000,0.0000000000,24.2666700000
2023-02-06 01:45:00,0.0000000000,38.0000000000,0.0000000000,24.0833300000
2023-02-06 02:00:00,0.0000000000,38.0000000000,0.0000000000,24.2333300000
2023-02-06 02:15:00,0.0000000000,38.0000000000,0.0000000000,24.2166700000
2023-02-06 02:30:00,0.0000000000,37.0000000000,0.0000000000,24.2500000000
2023-02-06 02:45:00,0.0000000000,38.0000000000,0.0000000000,24.3166700000
2023-02-06 03:00:00,0.0000000000,37.0000000000,0.0000000000,24.5000000000
2023-02-06 03:15:00,0.0000000000,37.0000000000,0.0000000000,24.5833300000
2023-02-06 03:30:00,0.0000000000,37.0000000000,0.0000000000,24.5000000000
2023-02-06 03:45:00,0.0000000000,37.0000000000,0.0000000000,24.5833300000
2023-02-06 04:00:00,0.0000000000,37.0000000000,0.0000000000,24.6333300000
2023-02-06 04:15:00,0.0000000000,38.0000000000,0.0000000000,24.5833300000
2023-02-06 04:30:00,0.0000000000,37.0000000000,0.0000000000,24.3500000000
2023-02-06 04:45:00,0.0000000000,38.0000000000,0.0000000000,24.0333300000
2023-02-06 05:00:00,0.0000000000,38.0000000000,0.0000000000,24.1666700000
2023-02-06 05:15:00,0.0000000000,37.0000000000,0.0000000000,24.4000000000
2023-02-06 05:30:00,0.0000000000,37.0000000000,0.0000000000,24.2500000000
2023-02-06 05:45:00,0.0000000000,38.0000000000,0.0000000000,23.9833300000
2023-02-06 06:00:00,0.0000000000,37.0000000000,0.0000000000,24.0500000000
2023-02-06 06:15:00,0.0000000000,37.0000000000,0.0000000000,24.1000000000
2023-02-06 06:30:00,0.4000000000,37.0000000000,0.2897680000,24.0166700000
2023-02-06 06:45:00,7.2000000000,37.0000000000,8.2100940000,24.0666700000
2023-02-06 07:00:00,18.8000000000,37.0000000000,24.1473300000,24.2666700000
2023-02-06 07:15:00,30.8000000000,37.0000000000,40.5675200000,24.5500000000
2023-02-06 07:30:00,64.8000000000,36.0000000000,74.0840200000,24.9833300000
2023-02-06 07:45:00,122.0000000000,37.0000000000,152.1282000000,26.1000000000
2023-02-06 08:00:00,131.6000000000,38.0000000000,165.7473000000,27.2166700000
2023-02-06 08:15:00,145.2000000000,39.0000000000,207.9568000000,30.2000000000
2023-02-06 08:30:00,182.4000000000,40.0000000000,220.9964000000,31.3500000000
2023-02-06 08:45:00,284.0000000000,40.0000000000,392.2493000000,34.2833300000
2023-02-06 09:00:00,312.0000000000,42.0000000000,436.5838000000,36.6833300000
2023-02-06 09:15:00,344.0000000000,44.0000000000,476.9581000000,38.9166700000
2023-02-06 09:30:00,376.0000000000,46.0000000000,516.7529000000,40.6166600000
2023-02-06 09:45:00,404.0000000000,46.0000000000,552.6842000000,43.1166600000
2023-02-06 10:00:00,440.0000000000,46.0000000000,606.0015000000,45.6000000000
2023-02-06 10:15:00,472.0000000000,47.0000000000,652.2678000000,48.3666600000
2023-02-06 10:30:00,496.0000000000,47.0000000000,688.9717000000,50.6000000000
2023-02-06 10:45:00,512.0000000000,47.0000000000,720.4598000000,51.5000000000
2023-02-06 11:00:00,516.0000000000,46.0000000000,732.9199000000,53.3333300000
2023-02-06 11:15:00,488.0000000000,46.0000000000,690.8069000000,54.5500000000
2023-02-06 11:30:00,460.0000000000,47.0000000000,722.1985000000,56.2333300000
2023-02-06 11:45:00,456.0000000000,46.0000000000,533.5595000000,54.1333400000
2023-02-06 12:00:00,596.0000000000,46.0000000000,836.1738000000,57.9666700000
2023-02-06 12:15:00,492.0000000000,47.0000000000,791.2598000000,61.7833300000
2023-02-06 12:30:00,208.0000000000,47.0000000000,351.8749000000,57.0666700000
2023-02-06 12:45:00,172.0000000000,46.0000000000,238.8654000000,47.9166700000
2023-02-06 13:00:00,156.0000000000,46.0000000000,234.3257000000,44.1500000000
2023-02-06 13:15:00,124.0000000000,45.0000000000,182.2641000000,41.6000000000
2023-02-06 13:30:00,140.0000000000,45.0000000000,191.9230000000,40.4333300000
2023-02-06 13:45:00,68.0000000000,45.0000000000,107.1176000000,39.0500000000
2023-02-06 14:00:00,48.0000000000,44.0000000000,74.8567400000,36.1166600000
2023-02-06 14:15:00,0.0000000000,44.0000000000,86.4474600000,28.4000000000
2023-02-06 14:30:00,0.0000000000,43.0000000000,90.2144400000,26.2166700000
2023-02-06 14:45:00,0.0000000000,42.0000000000,79.5896100000,25.9833300000
2023-02-06 15:00:00,0.0000000000,41.0000000000,58.7263200000,25.7666700000
2023-02-06 15:15:00,0.0000000000,40.0000000000,58.4365500000,25.1833300000
2023-02-06 15:30:00,0.0000000000,40.0000000000,63.4591900000,26.6500000000
2023-02-06 15:45:00,0.0000000000,40.0000000000,76.3055700000,27.9666700000
2023-02-06 16:00:00,0.0000000000,40.0000000000,99.9699700000,29.5500000000
2023-02-06 16:15:00,0.0000000000,40.0000000000,130.1059000000,31.7000000000
2023-02-06 16:30:00,204.0000000000,39.0000000000,201.4854000000,34.0666700000
2023-02-06 16:45:00,204.0000000000,40.0000000000,282.6204000000,38.2666700000
2023-02-06 17:00:00,156.0000000000,41.0000000000,227.5645000000,40.2666700000
2023-02-06 17:15:00,112.0000000000,41.0000000000,165.9405000000,38.9666700000
2023-02-06 17:30:00,68.0000000000,41.0000000000,106.0551000000,35.8833400000
2023-02-06 17:45:00,40.0000000000,42.0000000000,62.5898900000,33.3000000000
2023-02-06 18:00:00,12.0000000000,42.0000000000,23.2780300000,31.1166700000
2023-02-06 18:15:00,0.0000000000,41.0000000000,1.2556610000,29.5333300000
2023-02-06 18:30:00,0.0000000000,40.0000000000,0.0000000000,28.6833300000
2023-02-06 18:45:00,0.0000000000,41.0000000000,0.0000000000,28.0666700000
2023-02-06 19:00:00,0.0000000000,41.0000000000,0.0000000000,27.6166700000
2023-02-06 19:15:00,0.0000000000,40.0000000000,0.0000000000,27.1333300000
2023-02-06 19:30:00,0.0000000000,40.0000000000,0.0000000000,26.9000000000
2023-02-06 19:45:00,0.0000000000,40.0000000000,0.0000000000,26.6833300000
2023-02-06 20:00:00,0.0000000000,39.0000000000,0.0000000000,26.3666700000
2023-02-06 20:15:00,0.0000000000,40.0000000000,0.0000000000,26.1500000000
2023-02-06 20:30:00,0.0000000000,40.0000000000,0.0000000000,25.9166700000
2023-02-06 20:45:00,0.0000000000,40.0000000000,0.0000000000,25.8500000000
2023-02-06 21:00:00,0.0000000000,39.0000000000,0.0000000000,25.9333300000
2023-02-06 21:15:00,0.0000000000,39.0000000000,0.0000000000,26.2000000000
2023-02-06 21:30:00,0.0000000000,38.0000000000,0.0000000000,26.1333300000
2023-02-06 21:45:00,0.0000000000,38.0000000000,0.0000000000,25.8166700000
2023-02-06 22:00:00,0.0000000000,39.0000000000,0.0000000000,25.6000000000
2023-02-06 22:15:00,0.0000000000,38.0000000000,0.0000000000,25.5333300000
2023-02-06 22:30:00,0.0000000000,38.0000000000,0.0000000000,25.3666700000
2023-02-06 22:45:00,0.0000000000,38.0000000000,0.0000000000,25.3000000000
2023-02-06 23:00:00,0.0000000000,38.0000000000,0.0000000000,25.1666700000
2023-02-06 23:15:00,0.0000000000,38.0000000000,0.0000000000,25.1000000000
2023-02-06 23:30:00,0.0000000000,38.0000000000,0.0000000000,24.9500000000
2023-02-06 23:45:00,0.0000000000,38.0000000000,0.0000000000,24.7833300000
2023-02-07 00:00:00,0.0000000000,37.0000000000,0.0000000000,24.6500000000
2023-02-07 00:15:00,0.0000000000,38.0000000000,0.0000000000,24.5166700000
2023-02-07 00:30:00,0.0000000000,38.0000000000,0.0000000000,24.4833300000
2023-02-07 00:45:00,0.0000000000,38.0000000000,0.0000000000,24.4500000000
2023-02-07 01:00:00,0.0000000000,37.0000000000,0.0000000000,24.5000000000
2023-02-07 01:15:00,0.0000000000,38.0000000000,0.0000000000,24.4166700000
2023-02-07 01:30:00,0.0000000000,38.0000000000,0.0000000000,24.4000000000
2023-02-07 01:45:00,0.0000000000,37.0000000000,0.0000000000,24.2166700000
2023-02-07 02:00:00,0.0000000000,37.0000000000,0.0000000000,24.0833300000
2023-02-07 02:15:00,0.0000000000,37.0000000000,0.0000000000,23.9833300000
2023-02-07 02:30:00,0.0000000000,37.0000000000,0.0000000000,23.8833300000
2023-02-07 02:45:00,0.0000000000,37.0000000000,0.0000000000,23.7500000000
2023-02-07 03:00:00,0.0000000000,37.0000000000,0.0000000000,23.6500000000
2023-02-07 03:15:00,0.0000000000,37.0000000000,0.0000000000,23.5833300000
2023-02-07 03:30:00,0.0000000000,37.0000000000,0.0000000000,23.4166700000
2023-02-07 03:45:00,0.0000000000,37.0000000000,0.0000000000,23.5500000000
2023-02-07 04:00:00,0.0000000000,37.0000000000,0.0000000000,23.7000000000
2023-02-07 04:15:00,0.0000000000,36.0000000000,0.0000000000,23.7000000000
2023-02-07 04:30:00,0.0000000000,36.0000000000,0.0000000000,23.6500000000
2023-02-07 04:45:00,0.0000000000,36.0000000000,0.0000000000,23.5833300000
2023-02-07 05:00:00,0.0000000000,36.0000000000,0.0000000000,23.4500000000
2023-02-07 05:15:00,0.0000000000,36.0000000000,0.0000000000,23.4000000000
2023-02-07 05:30:00,0.0000000000,36.0000000000,0.0000000000,23.5333300000
2023-02-07 05:45:00,0.0000000000,37.0000000000,0.0000000000,23.6000000000
2023-02-07 06:00:00,0.0000000000,36.0000000000,0.0000000000,23.5500000000
2023-02-07 06:15:00,0.0000000000,36.0000000000,0.0000000000,23.5000000000
2023-02-07 06:30:00,1.2000000000,36.0000000000,0.7727147000,23.5666700000
2023-02-07 06:45:00,10.0000000000,36.0000000000,11.7839000000,23.8666700000
2023-02-07 07:00:00,29.6000000000,36.0000000000,35.9312300000,24.1666700000
2023-02-07 07:15:00,64.0000000000,37.0000000000,81.4248000000,24.6666700000
2023-02-07 07:30:00,98.0000000000,37.0000000000,127.9809000000,25.4000000000
2023-02-07 07:45:00,138.0000000000,37.0000000000,183.1334000000,26.0500000000
2023-02-07 08:00:00,150.4000000000,39.0000000000,205.7353000000,26.8000000000
2023-02-07 08:15:00,156.0000000000,40.0000000000,207.6671000000,27.7833300000
2023-02-07 08:30:00,205.6000000000,40.0000000000,273.4444000000,31.0333300000
2023-02-07 08:45:00,247.6000000000,41.0000000000,328.5969000000,34.6500000000
2023-02-07 09:00:00,312.0000000000,43.0000000000,432.7202000000,38.1166600000
2023-02-07 09:15:00,236.0000000000,44.0000000000,374.8632000000,40.5000000000
2023-02-07 09:30:00,244.0000000000,44.0000000000,295.3702000000,38.1166600000
2023-02-07 09:45:00,432.0000000000,43.0000000000,636.3305000000,41.4833300000
2023-02-07 10:00:00,376.0000000000,45.0000000000,578.3770000000,45.9166700000
2023-02-07 10:15:00,464.0000000000,45.0000000000,604.9390000000,45.2500000000
2023-02-07 10:30:00,508.0000000000,46.0000000000,692.6421000000,46.9166700000
2023-02-07 10:45:00,508.0000000000,46.0000000000,730.4085000000,48.4333300000
2023-02-07 11:00:00,408.0000000000,46.0000000000,608.5128000000,49.7166700000
2023-02-07 11:15:00,460.0000000000,45.0000000000,609.6719000000,47.3500000000
2023-02-07 11:30:00,572.0000000000,46.0000000000,787.9758000000,50.6333400000
2023-02-07 11:45:00,576.0000000000,46.0000000000,847.2816000000,53.4833300000
2023-02-07 12:00:00,456.0000000000,46.0000000000,693.2217000000,53.2833300000
2023-02-07 12:15:00,576.0000000000,46.0000000000,746.7322000000,52.2500000000
2023-02-07 12:30:00,548.0000000000,46.0000000000,836.6568000000,54.8833400000
2023-02-07 12:45:00,564.0000000000,46.0000000000,768.1749000000,52.2000000000
2023-02-07 13:00:00,504.0000000000,46.0000000000,717.2724000000,50.9500000000
2023-02-07 13:15:00,568.0000000000,46.0000000000,799.7597000000,51.8666600000
2023-02-07 13:30:00,548.0000000000,46.0000000000,798.6006000000,53.9500000000
2023-02-07 13:45:00,492.0000000000,46.0000000000,739.7777000000,52.8000000000
2023-02-07 14:00:00,484.0000000000,46.0000000000,686.7502000000,50.7166700000
2023-02-07 14:15:00,472.0000000000,45.0000000000,677.8640000000,49.3833400000
2023-02-07 14:30:00,480.0000000000,45.0000000000,677.2844000000,49.6500000000
2023-02-07 14:45:00,440.0000000000,45.0000000000,629.6659000000,49.1000000000
2023-02-07 15:00:00,404.0000000000,45.0000000000,575.5759000000,48.0000000000
2023-02-07 15:15:00,348.0000000000,46.0000000000,499.1736000000,46.8333300000
2023-02-07 15:30:00,312.0000000000,44.0000000000,439.8678000000,44.5666700000
2023-02-07 15:45:00,268.0000000000,44.0000000000,384.2324000000,43.1666700000
2023-02-07 16:00:00,216.0000000000,44.0000000000,319.5175000000,40.7833300000
2023-02-07 16:15:00,184.0000000000,45.0000000000,269.2910000000,38.7166700000
2023-02-07 16:30:00,164.0000000000,44.0000000000,235.2916000000,36.7333300000
2023-02-07 16:45:00,168.0000000000,44.0000000000,236.4507000000,36.2166700000
2023-02-07 17:00:00,120.0000000000,43.0000000000,186.6106000000,35.8333300000
2023-02-07 17:15:00,96.0000000000,43.0000000000,148.5544000000,34.6500000000
2023-02-07 17:30:00,44.0000000000,43.0000000000,77.5612300000,33.1000000000
2023-02-07 17:45:00,24.0000000000,43.0000000000,37.5732500000,31.2500000000
2023-02-07 18:00:00,4.0000000000,43.0000000000,11.3975400000,29.8000000000
2023-02-07 18:15:00,0.0000000000,42.0000000000,0.1931787000,28.7666700000
2023-02-07 18:30:00,0.0000000000,43.0000000000,0.0000000000,28.1000000000
2023-02-07 18:45:00,0.0000000000,41.0000000000,0.0000000000,27.5666700000
2023-02-07 19:00:00,0.0000000000,42.0000000000,0.0000000000,27.2000000000
2023-02-07 19:15:00,0.0000000000,41.0000000000,0.0000000000,26.8666700000
2023-02-07 19:30:00,0.0000000000,41.0000000000,0.0000000000,26.4166700000
2023-02-07 19:45:00,0.0000000000,40.0000000000,0.0000000000,26.2000000000
2023-02-07 20:00:00,0.0000000000,40.0000000000,0.0000000000,26.3833300000
2023-02-07 20:15:00,0.0000000000,40.0000000000,0.0000000000,26.4000000000
2023-02-07 20:30:00,0.0000000000,40.0000000000,0.0000000000,26.3166700000
2023-02-07 20:45:00,0.0000000000,40.0000000000,0.0000000000,26.1500000000
2023-02-07 21:00:00,0.0000000000,40.0000000000,0.0000000000,26.0166700000
2023-02-07 21:15:00,0.0000000000,39.0000000000,0.0000000000,26.0000000000
2023-02-07 21:30:00,0.0000000000,39.0000000000,0.0000000000,25.9000000000
2023-02-07 21:45:00,0.0000000000,39.0000000000,0.0000000000,25.7500000000
2023-02-07 22:00:00,0.0000000000,39.0000000000,0.0000000000,25.5500000000
2023-02-07 22:15:00,0.0000000000,39.0000000000,0.0000000000,25.5000000000
2023-02-07 22:30:00,0.0000000000,38.0000000000,0.0000000000,25.6333300000
2023-02-07 22:45:00,0.0000000000,39.0000000000,0.0000000000,25.6833300000
2023-02-07 23:00:00,0.0000000000,39.0000000000,0.0000000000,25.4666700000
2023-02-07 23:15:00,0.0000000000,39.0000000000,0.0000000000,25.3833300000
2023-02-07 23:30:00,0.0000000000,39.0000000000,0.0000000000,25.2833300000
2023-02-07 23:45:00,0.0000000000,38.0000000000,0.0000000000,25.1833300000
2023-02-08 00:00:00,0.0000000000,38.0000000000,0.0000000000,25.1166700000
2023-02-08 00:15:00,0.0000000000,38.0000000000,0.0000000000,25.1833300000
2023-02-08 00:30:00,0.0000000000,38.0000000000,0.0000000000,25.0500000000
2023-02-08 00:45:00,0.0000000000,38.0000000000,0.0000000000,24.8166700000
2023-02-08 01:00:00,0.0000000000,38.0000000000,0.0000000000,24.7666700000
2023-02-08 01:15:00,0.0000000000,38.0000000000,0.0000000000,24.5666700000
2023-02-08 01:30:00,0.0000000000,38.0000000000,0.0000000000,24.6000000000
2023-02-08 01:45:00,0.0000000000,38.0000000000,0.0000000000,24.7000000000
2023-02-08 02:00:00,0.0000000000,38.0000000000,0.0000000000,24.6000000000
2023-02-08 02:15:00,0.0000000000,38.0000000000,0.0000000000,24.4666700000
2023-02-08 02:30:00,0.0000000000,38.0000000000,0.0000000000,24.4333300000
2023-02-08 02:45:00,0.0000000000,37.0000000000,0.0000000000,24.2833300000
2023-02-08 03:00:00,0.0000000000,37.0000000000,0.0000000000,24.0000000000
2023-02-08 03:15:00,0.0000000000,38.0000000000,0.0000000000,24.1500000000
2023-02-08 03:30:00,0.0000000000,37.0000000000,0.0000000000,24.2833300000
2023-02-08 03:45:00,0.0000000000,38.0000000000,0.0000000000,24.0500000000
2023-02-08 04:00:00,0.0000000000,38.0000000000,0.0000000000,23.9833300000
2023-02-08 04:15:00,0.0000000000,37.0000000000,0.0000000000,24.0000000000
2023-02-08 04:30:00,0.0000000000,37.0000000000,0.0000000000,23.8666700000
2023-02-08 04:45:00,0.0000000000,37.0000000000,0.0000000000,23.7500000000
2023-02-08 05:00:00,0.0000000000,37.0000000000,0.0000000000,23.7000000000
2023-02-08 05:15:00,0.0000000000,37.0000000000,0.0000000000,23.7833300000
2023-02-08 05:30:00,0.0000000000,37.0000000000,0.0000000000,23.7166700000
2023-02-08 05:45:00,0.0000000000,37.0000000000,0.0000000000,23.5666700000
2023-02-08 06:00:00,0.0000000000,36.0000000000,0.0000000000,23.3833300000
2023-02-08 06:15:00,0.0000000000,37.0000000000,0.0000000000,23.4500000000
2023-02-08 06:30:00,2.4000000000,36.0000000000,1.5454290000,23.4833300000
2023-02-08 06:45:00,12.0000000000,36.0000000000,15.2611200000,23.5500000000
2023-02-08 07:00:00,24.0000000000,36.0000000000,32.2608300000,23.7666700000
2023-02-08 07:15:00,52.0000000000,36.0000000000,70.8965700000,24.2000000000
2023-02-08 07:30:00,94.0000000000,37.0000000000,126.2423000000,25.0000000000
2023-02-08 07:45:00,139.6000000000,38.0000000000,189.3151000000,26.0333300000
2023-02-08 08:00:00,176.0000000000,39.0000000000,239.3484000000,27.0666700000
2023-02-08 08:15:00,220.0000000000,41.0000000000,296.0463000000,29.3000000000
2023-02-08 08:30:00,249.2000000000,42.0000000000,336.1309000000,33.1833300000
2023-02-08 08:45:00,256.8000000000,42.0000000000,356.8010000000,34.7166700000
2023-02-08 09:00:00,332.0000000000,44.0000000000,461.0209000000,37.8833400000
2023-02-08 09:15:00,336.0000000000,45.0000000000,464.1118000000,40.2166700000
2023-02-08 09:30:00,340.0000000000,45.0000000000,485.4580000000,41.6500000000
2023-02-08 09:45:00,364.0000000000,46.0000000000,516.0768000000,41.4166700000
2023-02-08 10:00:00,464.0000000000,46.0000000000,649.2735000000,44.9666700000
2023-02-08 10:15:00,492.0000000000,46.0000000000,733.8857000000,47.8333300000
2023-02-08 10:30:00,556.0000000000,46.0000000000,773.1976000000,50.2500000000
2023-02-08 10:45:00,548.0000000000,46.0000000000,787.2031000000,53.1833300000
2023-02-08 11:00:00,572.0000000000,46.0000000000,825.9354000000,55.1833300000
2023-02-08 11:15:00,588.0000000000,46.0000000000,859.9349000000,57.6500000000
2023-02-08 11:30:00,572.0000000000,46.0000000000,847.8612000000,58.9666700000
2023-02-08 11:45:00,636.0000000000,46.0000000000,890.5536000000,59.7500000000
2023-02-08 12:00:00,488.0000000000,46.0000000000,694.6705000000,59.0333300000
2023-02-08 12:15:00,612.0000000000,46.0000000000,876.4517000000,59.5500000000
2023-02-08 12:30:00,600.0000000000,46.0000000000,899.5364000000,61.7833300000
2023-02-08 12:45:00,596.0000000000,47.0000000000,874.5198000000,62.2666700000
2023-02-08 13:00:00,612.0000000000,47.0000000000,882.2470000000,60.1833300000
2023-02-08 13:15:00,596.0000000000,47.0000000000,883.3094000000,59.7500000000
2023-02-08 13:30:00,568.0000000000,47.0000000000,838.4920000000,61.0833300000
2023-02-08 13:45:00,552.0000000000,46.0000000000,812.0266000000,58.9833300000
2023-02-08 14:00:00,484.0000000000,46.0000000000,689.3581000000,56.0500000000
2023-02-08 14:15:00,520.0000000000,46.0000000000,767.9818000000,54.4666700000
2023-02-08 14:30:00,448.0000000000,45.0000000000,662.0233000000,53.2500000000
2023-02-08 14:45:00,456.0000000000,46.0000000000,660.1881000000,51.6500000000
2023-02-08 15:00:00,428.0000000000,47.0000000000,614.7911000000,49.1833300000
2023-02-08 15:15:00,388.0000000000,46.0000000000,559.4454000000,48.0166700000
2023-02-08 15:30:00,340.0000000000,46.0000000000,493.3783000000,46.5833300000
2023-02-08 15:45:00,324.0000000000,45.0000000000,466.3333000000,45.2166700000
2023-02-08 16:00:00,272.0000000000,45.0000000000,405.7718000000,43.8500000000
2023-02-08 16:15:00,236.0000000000,44.0000000000,352.8408000000,42.4333300000
2023-02-08 16:30:00,188.0000000000,44.0000000000,288.8987000000,40.7000000000
2023-02-08 16:45:00,144.0000000000,44.0000000000,227.6611000000,39.3833400000
2023-02-08 17:00:00,104.0000000000,44.0000000000,175.6960000000,37.8333300000
2023-02-08 17:15:00,72.0000000000,44.0000000000,123.4412000000,36.3666600000
2023-02-08 17:30:00,44.0000000000,44.0000000000,79.0100700000,34.8500000000
2023-02-08 17:45:00,20.0000000000,44.0000000000,40.3743400000,32.9666700000
2023-02-08 18:00:00,8.0000000000,43.0000000000,11.7839000000,31.1333300000
2023-02-08 18:15:00,0.0000000000,43.0000000000,0.4829467000,29.8833300000
2023-02-08 18:30:00,0.0000000000,43.0000000000,0.0000000000,29.0500000000
2023-02-08 18:45:00,0.0000000000,41.0000000000,0.0000000000,28.3500000000
2023-02-08 19:00:00,0.0000000000,42.0000000000,0.0000000000,27.7833300000
2023-02-08 19:15:00,0.0000000000,41.0000000000,0.0000000000,27.4500000000
2023-02-08 19:30:00,0.0000000000,41.0000000000,0.0000000000,27.0166700000
2023-02-08 19:45:00,0.0000000000,41.0000000000,0.0000000000,26.6000000000
2023-02-08 20:00:00,0.0000000000,41.0000000000,0.0000000000,26.2166700000
2023-02-08 20:15:00,0.0000000000,40.0000000000,0.0000000000,25.8833300000
2023-02-08 20:30:00,0.0000000000,40.0000000000,0.0000000000,25.7833300000
2023-02-08 20:45:00,0.0000000000,40.0000000000,0.0000000000,25.6833300000
2023-02-08 21:00:00,0.0000000000,40.0000000000,0.0000000000,25.6000000000
2023-02-08 21:15:00,0.0000000000,40.0000000000,0.0000000000,25.6666700000
2023-02-08 21:30:00,0.0000000000,39.0000000000,0.0000000000,25.6166700000
2023-02-08 21:45:00,0.0000000000,39.0000000000,0.0000000000,25.7666700000
2023-02-08 22:00:00,0.0000000000,39.0000000000,0.0000000000,25.6166700000
2023-02-08 22:15:00,0.0000000000,39.0000000000,0.0000000000,25.6666700000
2023-02-08 22:30:00,0.0000000000,39.0000000000,0.0000000000,25.8833300000
2023-02-08 22:45:00,0.0000000000,39.0000000000,0.0000000000,25.8833300000
2023-02-08 23:00:00,0.0000000000,39.0000000000,0.0000000000,25.8000000000
2023-02-08 23:15:00,0.0000000000,38.0000000000,0.0000000000,25.8500000000
2023-02-08 23:30:00,0.0000000000,39.0000000000,0.0000000000,25.8000000000
2023-02-08 23:45:00,0.0000000000,38.0000000000,0.0000000000,25.7000000000
2023-02-09 00:00:00,0.0000000000,38.0000000000,0.0000000000,25.7000000000
2023-02-09 00:15:00,0.0000000000,38.0000000000,0.0000000000,25.7000000000
2023-02-09 00:30:00,0.0000000000,38.0000000000,0.0000000000,25.5666700000
2023-02-09 00:45:00,0.0000000000,38.0000000000,0.0000000000,25.5500000000
2023-02-09 01:00:00,0.0000000000,38.0000000000,0.0000000000,25.6333300000
2023-02-09 01:15:00,0.0000000000,38.0000000000,0.0000000000,25.6500000000
2023-02-09 01:30:00,0.0000000000,38.0000000000,0.0000000000,25.6500000000
2023-02-09 01:45:00,0.0000000000,38.0000000000,0.0000000000,25.4666700000
2023-02-09 02:00:00,0.0000000000,38.0000000000,0.0000000000,25.3000000000
2023-02-09 02:15:00,0.0000000000,38.0000000000,0.0000000000,25.2833300000
2023-02-09 02:30:00,0.0000000000,38.0000000000,0.0000000000,25.2833300000
2023-02-09 02:45:00,0.0000000000,38.0000000000,0.0000000000,25.1333300000
2023-02-09 03:00:00,0.0000000000,38.0000000000,0.0000000000,24.9166700000
2023-02-09 03:15:00,0.0000000000,38.0000000000,0.0000000000,24.8000000000
2023-02-09 03:30:00,0.0000000000,38.0000000000,0.0000000000,24.5666700000
2023-02-09 03:45:00,0.0000000000,38.0000000000,0.0000000000,24.6333300000
2023-02-09 04:00:00,0.0000000000,38.0000000000,0.0000000000,24.7833300000
2023-02-09 04:15:00,0.0000000000,37.0000000000,0.0000000000,24.7500000000
2023-02-09 04:30:00,0.0000000000,38.0000000000,0.0000000000,24.6500000000
2023-02-09 04:45:00,0.0000000000,37.0000000000,0.0000000000,24.6000000000
2023-02-09 05:00:00,0.0000000000,38.0000000000,0.0000000000,24.5166700000
2023-02-09 05:15:00,0.0000000000,38.0000000000,0.0000000000,24.4166700000
2023-02-09 05:30:00,0.0000000000,38.0000000000,0.0000000000,24.4000000000
2023-02-09 05:45:00,0.0000000000,37.0000000000,0.0000000000,24.2666700000
2023-02-09 06:00:00,0.0000000000,38.0000000000,0.0000000000,24.1666700000
2023-02-09 06:15:00,0.0000000000,37.0000000000,0.0000000000,24.2000000000
2023-02-09 06:30:00,1.6000000000,37.0000000000,1.1590720000,24.1000000000
2023-02-09 06:45:00,11.2000000000,37.0000000000,11.7839000000,24.0500000000
2023-02-09 07:00:00,30.4000000000,37.0000000000,36.5107700000,24.3166700000
2023-02-09 07:15:00,63.6000000000,37.0000000000,83.1634200000,25.0000000000
2023-02-09 07:30:00,93.2000000000,38.0000000000,128.8502000000,25.9833300000
2023-02-09 07:45:00,129.6000000000,38.0000000000,182.5538000000,28.4666700000
2023-02-09 08:00:00,166.0000000000,39.0000000000,235.0984000000,31.1500000000
2023-02-09 08:15:00,203.2000000000,42.0000000000,287.2567000000,33.6833300000
2023-02-09 08:30:00,240.0000000000,43.0000000000,340.8638000000,36.2666700000
2023-02-09 08:45:00,298.0000000000,44.0000000000,419.6807000000,39.4166700000
2023-02-09 09:00:00,244.0000000000,45.0000000000,390.0277000000,41.8500000000
2023-02-09 09:15:00,180.0000000000,45.0000000000,283.1999000000,40.8666600000
2023-02-09 09:30:00,208.0000000000,44.0000000000,270.4502000000,37.8500000000
2023-02-09 09:45:00,196.0000000000,44.0000000000,257.5072000000,37.0333300000
2023-02-09 10:00:00,312.0000000000,43.0000000000,402.5844000000,38.5833300000
2023-02-09 10:15:00,484.0000000000,44.0000000000,637.6827000000,42.5666700000
2023-02-09 10:30:00,540.0000000000,45.0000000000,758.3229000000,47.9166700000
2023-02-09 10:45:00,516.0000000000,46.0000000000,763.3455000000,50.0666700000
2023-02-09 11:00:00,580.0000000000,46.0000000000,842.1624000000,52.4833300000
2023-02-09 11:15:00,428.0000000000,46.0000000000,730.1188000000,53.1000000000
2023-02-09 11:30:00,364.0000000000,47.0000000000,480.6285000000,48.8666600000
2023-02-09 11:45:00,484.0000000000,46.0000000000,719.8803000000,49.2666700000
2023-02-09 12:00:00,204.0000000000,46.0000000000,286.2908000000,45.3500000000
2023-02-09 12:15:00,164.0000000000,46.0000000000,241.1836000000,39.5833300000
2023-02-09 12:30:00,168.0000000000,45.0000000000,219.9339000000,37.1500000000
2023-02-09 12:45:00,300.0000000000,45.0000000000,420.3568000000,37.8166700000
2023-02-09 13:00:00,284.0000000000,44.0000000000,356.6078000000,38.1000000000
2023-02-09 13:15:00,272.0000000000,44.0000000000,358.7328000000,32.2000000000
2023-02-09 13:30:00,256.0000000000,43.0000000000,334.0059000000,31.6666700000
2023-02-09 13:45:00,220.0000000000,43.0000000000,327.5344000000,35.8166700000
2023-02-09 14:00:00,344.0000000000,44.0000000000,481.3047000000,41.1833300000
2023-02-09 14:15:00,336.0000000000,44.0000000000,472.4184000000,46.0666700000
2023-02-09 14:30:00,460.0000000000,44.0000000000,644.2509000000,48.0666700000
2023-02-09 14:45:00,432.0000000000,44.0000000000,669.2675000000,49.8166700000
2023-02-09 15:00:00,416.0000000000,46.0000000000,604.4561000000,49.8833400000
2023-02-09 15:15:00,376.0000000000,46.0000000000,562.4397000000,48.8000000000
2023-02-09 15:30:00,356.0000000000,44.0000000000,515.8836000000,48.2333300000
2023-02-09 15:45:00,304.0000000000,45.0000000000,450.2994000000,47.9166700000
2023-02-09 16:00:00,284.0000000000,44.0000000000,434.4589000000,47.3000000000
2023-02-09 16:15:00,248.0000000000,44.0000000000,365.4940000000,43.6666700000
2023-02-09 16:30:00,204.0000000000,43.0000000000,317.6823000000,41.6000000000
2023-02-09 16:45:00,160.0000000000,44.0000000000,252.3880000000,39.5666700000
2023-02-09 17:00:00,116.0000000000,45.0000000000,189.1219000000,38.0666700000
2023-02-09 17:15:00,60.0000000000,44.0000000000,111.4641000000,35.6833300000
2023-02-09 17:30:00,40.0000000000,43.0000000000,67.6125300000,32.8833400000
2023-02-09 17:45:00,16.0000000000,44.0000000000,30.7154100000,30.9833300000
2023-02-09 18:00:00,4.0000000000,42.0000000000,8.3066840000,29.6333300000
2023-02-09 18:15:00,0.0000000000,42.0000000000,0.1931787000,28.7833300000
2023-02-09 18:30:00,0.0000000000,42.0000000000,0.0000000000,28.1833300000
2023-02-09 18:45:00,0.0000000000,41.0000000000,0.0000000000,27.8833300000
2023-02-09 19:00:00,0.0000000000,41.0000000000,0.0000000000,27.6666700000
2023-02-09 19:15:00,0.0000000000,41.0000000000,0.0000000000,27.4500000000
2023-02-09 19:30:00,0.0000000000,40.0000000000,0.0000000000,27.1500000000
2023-02-09 19:45:00,0.0000000000,40.0000000000,0.0000000000,26.7666700000
2023-02-09 20:00:00,0.0000000000,40.0000000000,0.0000000000,26.6833300000
2023-02-09 20:15:00,0.0000000000,40.0000000000,0.0000000000,26.7000000000
2023-02-09 20:30:00,0.0000000000,40.0000000000,0.0000000000,26.5666700000
2023-02-09 20:45:00,0.0000000000,39.0000000000,0.0000000000,26.4166700000
2023-02-09 21:00:00,0.0000000000,39.0000000000,0.0000000000,26.4000000000
2023-02-09 21:15:00,0.0000000000,40.0000000000,0.0000000000,26.3333300000
2023-02-09 21:30:00,0.0000000000,39.0000000000,0.0000000000,26.0333300000
2023-02-09 21:45:00,0.0000000000,38.0000000000,0.0000000000,25.9833300000
2023-02-09 22:00:00,0.0000000000,38.0000000000,0.0000000000,25.9500000000
2023-02-09 22:15:00,0.0000000000,39.0000000000,0.0000000000,25.9333300000
2023-02-09 22:30:00,0.0000000000,38.0000000000,0.0000000000,25.6666700000
2023-02-09 22:45:00,0.0000000000,38.0000000000,0.0000000000,25.6000000000
2023-02-09 23:00:00,0.0000000000,39.0000000000,0.0000000000,25.5666700000
2023-02-09 23:15:00,0.0000000000,38.0000000000,0.0000000000,25.5000000000
2023-02-09 23:30:00,0.0000000000,39.0000000000,0.0000000000,25.4166700000
2023-02-09 23:45:00,0.0000000000,38.0000000000,0.0000000000,25.5333300000
2023-02-10 00:00:00,0.0000000000,38.0000000000,0.0000000000,25.5666700000
2023-02-10 00:15:00,0.0000000000,38.0000000000,0.0000000000,25.3666700000
2023-02-10 00:30:00,0.0000000000,38.0000000000,0.0000000000,25.1666700000
2023-02-10 00:45:00,0.0000000000,38.0000000000,0.0000000000,25.0833300000
2023-02-10 01:00:00,0.0000000000,38.0000000000,0.0000000000,25.1000000000
2023-02-10 01:15:00,0.0000000000,38.0000000000,0.0000000000,25.0166700000
2023-02-10 01:30:00,0.0000000000,38.0000000000,0.0000000000,25.0166700000
2023-02-10 01:45:00,0.0000000000,38.0000000000,0.0000000000,24.9500000000
2023-02-10 02:00:00,0.0000000000,38.0000000000,0.0000000000,24.8500000000
2023-02-10 02:15:00,0.0000000000,38.0000000000,0.0000000000,24.5666700000
2023-02-10 02:30:00,0.0000000000,37.0000000000,0.0000000000,24.3500000000
2023-02-10 02:45:00,0.0000000000,38.0000000000,0.0000000000,23.9500000000
2023-02-10 03:00:00,0.0000000000,37.0000000000,0.0000000000,23.7000000000
2023-02-10 03:15:00,0.0000000000,38.0000000000,0.0000000000,23.7166700000
2023-02-10 03:30:00,0.0000000000,37.0000000000,0.0000000000,23.7166700000
2023-02-10 03:45:00,0.0000000000,38.0000000000,0.0000000000,23.9666700000
2023-02-10 04:00:00,0.0000000000,37.0000000000,0.0000000000,24.0000000000
2023-02-10 04:15:00,0.0000000000,38.0000000000,0.0000000000,24.0000000000
2023-02-10 04:30:00,0.0000000000,37.0000000000,0.0000000000,24.0000000000
2023-02-10 04:45:00,0.0000000000,37.0000000000,0.0000000000,24.0000000000
2023-02-10 05:00:00,0.0000000000,37.0000000000,0.0000000000,24.0000000000
2023-02-10 05:15:00,0.0000000000,37.0000000000,0.0000000000,23.9833300000
2023-02-10 05:30:00,0.0000000000,37.0000000000,0.0000000000,23.8500000000
2023-02-10 05:45:00,0.0000000000,36.0000000000,0.0000000000,23.8000000000
2023-02-10 06:00:00,0.0000000000,37.0000000000,0.0000000000,23.7166700000
2023-02-10 06:15:00,0.0000000000,37.0000000000,0.0000000000,23.4833300000
2023-02-10 06:30:00,1.6000000000,37.0000000000,1.0624830000,23.5333300000
2023-02-10 06:45:00,8.8000000000,37.0000000000,10.5282400000,24.0166700000
2023-02-10 07:00:00,17.6000000000,37.0000000000,22.4087300000,24.4500000000
2023-02-10 07:15:00,42.4000000000,37.0000000000,50.9025800000,24.9000000000
2023-02-10 07:30:00,76.4000000000,37.0000000000,92.5325800000,25.5000000000
2023-02-10 07:45:00,107.2000000000,37.0000000000,139.5716000000,26.2166700000
2023-02-10 08:00:00,108.8000000000,38.0000000000,141.8897000000,26.8666700000
2023-02-10 08:15:00,120.8000000000,39.0000000000,158.3099000000,27.9500000000
2023-02-10 08:30:00,209.6000000000,39.0000000000,257.4106000000,31.1166700000
2023-02-10 08:45:00,360.4000000000,40.0000000000,493.0885000000,37.6500000000
2023-02-10 09:00:00,240.0000000000,43.0000000000,391.2834000000,41.8000000000
2023-02-10 09:15:00,176.0000000000,43.0000000000,240.8938000000,38.7500000000
2023-02-10 09:30:00,276.0000000000,42.0000000000,357.0908000000,37.7333300000
2023-02-10 09:45:00,220.0000000000,42.0000000000,325.2163000000,38.9333300000
2023-02-10 10:00:00,316.0000000000,43.0000000000,410.4081000000,38.0166700000
2023-02-10 10:15:00,276.0000000000,43.0000000000,427.6976000000,41.7000000000
2023-02-10 10:30:00,396.0000000000,43.0000000000,511.3439000000,41.7833300000
2023-02-10 10:45:00,304.0000000000,44.0000000000,492.2193000000,44.6166600000
2023-02-10 11:00:00,428.0000000000,44.0000000000,538.5822000000,42.4166700000
2023-02-10 11:15:00,600.0000000000,45.0000000000,876.4516000000,48.5500000000
2023-02-10 11:30:00,500.0000000000,45.0000000000,776.3850000000,51.0833300000
2023-02-10 11:45:00,488.0000000000,46.0000000000,700.4658000000,48.8500000000
2023-02-10 12:00:00,624.0000000000,46.0000000000,879.3493000000,50.6333400000
2023-02-10 12:15:00,548.0000000000,46.0000000000,870.7529000000,53.7833300000
2023-02-10 12:30:00,592.0000000000,46.0000000000,834.0489000000,52.3000000000
2023-02-10 12:45:00,592.0000000000,46.0000000000,886.1105000000,53.5500000000
2023-02-10 13:00:00,512.0000000000,45.0000000000,801.6915000000,56.0666700000
2023-02-10 13:15:00,552.0000000000,46.0000000000,822.8445000000,54.8166700000
2023-02-10 13:30:00,472.0000000000,46.0000000000,733.4994000000,53.0500000000
2023-02-10 13:45:00,492.0000000000,46.0000000000,797.2484000000,52.6166600000
2023-02-10 14:00:00,388.0000000000,46.0000000000,621.5524000000,52.4166700000
2023-02-10 14:15:00,440.0000000000,46.0000000000,605.5186000000,50.4000000000
2023-02-10 14:30:00,384.0000000000,46.0000000000,608.7060000000,50.8666600000
2023-02-10 14:45:00,432.0000000000,46.0000000000,619.6206000000,49.9500000000
2023-02-10 15:00:00,344.0000000000,45.0000000000,523.9972000000,50.2500000000
2023-02-10 15:15:00,348.0000000000,46.0000000000,499.5600000000,47.9833300000
2023-02-10 15:30:00,304.0000000000,45.0000000000,456.1914000000,47.1000000000
2023-02-10 15:45:00,284.0000000000,45.0000000000,406.6411000000,45.8333300000
2023-02-10 16:00:00,288.0000000000,45.0000000000,423.9306000000,45.5666700000
2023-02-10 16:15:00,232.0000000000,45.0000000000,359.0226000000,44.1000000000
2023-02-10 16:30:00,172.0000000000,45.0000000000,276.0523000000,41.2833300000
2023-02-10 16:45:00,128.0000000000,44.0000000000,208.2466000000,38.8000000000
2023-02-10 17:00:00,116.0000000000,45.0000000000,187.0936000000,37.3166700000
2023-02-10 17:15:00,76.0000000000,44.0000000000,130.1059000000,35.8500000000
2023-02-10 17:30:00,48.0000000000,43.0000000000,92.5325700000,34.0500000000
2023-02-10 17:45:00,20.0000000000,43.0000000000,43.9481500000,32.3166700000
2023-02-10 18:00:00,8.0000000000,43.0000000000,15.9372400000,30.7166700000
2023-02-10 18:15:00,4.0000000000,42.0000000000,1.1590720000,29.6666700000
2023-02-10 18:30:00,0.0000000000,42.0000000000,0.0000000000,28.9666700000
2023-02-10 18:45:00,0.0000000000,42.0000000000,0.0000000000,28.5000000000
2023-02-10 19:00:00,0.0000000000,42.0000000000,0.0000000000,28.1000000000
2023-02-10 19:15:00,0.0000000000,41.0000000000,0.0000000000,27.7666700000
2023-02-10 19:30:00,0.0000000000,41.0000000000,0.0000000000,27.3666700000
2023-02-10 19:45:00,0.0000000000,41.0000000000,0.0000000000,27.2833300000
2023-02-10 20:00:00,0.0000000000,40.0000000000,0.0000000000,27.2000000000
2023-02-10 20:15:00,0.0000000000,40.0000000000,0.0000000000,27.1833300000
2023-02-10 20:30:00,0.0000000000,40.0000000000,0.0000000000,26.9500000000
2023-02-10 20:45:00,0.0000000000,40.0000000000,0.0000000000,26.7000000000
2023-02-10 21:00:00,0.0000000000,40.0000000000,0.0000000000,26.5166700000
2023-02-10 21:15:00,0.0000000000,39.0000000000,0.0000000000,26.4166700000
2023-02-10 21:30:00,0.0000000000,40.0000000000,0.0000000000,26.4000000000
2023-02-10 21:45:00,0.0000000000,39.0000000000,0.0000000000,26.3333300000
2023-02-10 22:00:00,0.0000000000,40.0000000000,0.0000000000,26.1333300000
2023-02-10 22:15:00,0.0000000000,39.0000000000,0.0000000000,26.1000000000
2023-02-10 22:30:00,0.0000000000,39.0000000000,0.0000000000,26.2166700000
2023-02-10 22:45:00,0.0000000000,38.0000000000,0.0000000000,26.0500000000
2023-02-10 23:00:00,0.0000000000,39.0000000000,0.0000000000,25.9833300000
2023-02-10 23:15:00,0.0000000000,38.0000000000,0.0000000000,25.8833300000
2023-02-10 23:30:00,0.0000000000,38.0000000000,0.0000000000,25.7000000000
2023-02-10 23:45:00,0.0000000000,38.0000000000,0.0000000000,25.5166700000
2023-02-11 00:00:00,0.0000000000,38.0000000000,0.0000000000,25.5833300000
2023-02-11 00:15:00,0.0000000000,39.0000000000,0.0000000000,25.5500000000
2023-02-11 00:30:00,0.0000000000,38.0000000000,0.0000000000,25.5000000000
2023-02-11 00:45:00,0.0000000000,38.0000000000,0.0000000000,25.4833300000
2023-02-11 01:00:00,0.0000000000,38.0000000000,0.0000000000,25.3000000000
2023-02-11 01:15:00,0.0000000000,38.0000000000,0.0000000000,25.0666700000
2023-02-11 01:30:00,0.0000000000,38.0000000000,0.0000000000,25.0500000000
2023-02-11 01:45:00,0.0000000000,38.0000000000,0.0000000000,25.2333300000
2023-02-11 02:00:00,0.0000000000,38.0000000000,0.0000000000,25.2833300000
2023-02-11 02:15:00,0.0000000000,38.0000000000,0.0000000000,25.1833300000
2023-02-11 02:30:00,0.0000000000,38.0000000000,0.0000000000,25.1000000000
2023-02-11 02:45:00,0.0000000000,38.0000000000,0.0000000000,24.9500000000
2023-02-11 03:00:00,0.0000000000,38.0000000000,0.0000000000,24.7833300000
2023-02-11 03:15:00,0.0000000000,37.0000000000,0.0000000000,24.5666700000
2023-02-11 03:30:00,0.0000000000,37.0000000000,0.0000000000,24.4000000000
2023-02-11 03:45:00,0.0000000000,37.0000000000,0.0000000000,24.2166700000
2023-02-11 04:00:00,0.0000000000,37.0000000000,0.0000000000,24.1166700000
2023-02-11 04:15:00,0.0000000000,37.0000000000,0.0000000000,24.0166700000
2023-02-11 04:30:00,0.0000000000,37.0000000000,0.0000000000,24.0000000000
2023-02-11 04:45:00,0.0000000000,38.0000000000,0.0000000000,23.9500000000
2023-02-11 05:00:00,0.0000000000,37.0000000000,0.0000000000,23.8000000000
2023-02-11 05:15:00,0.0000000000,37.0000000000,0.0000000000,23.5666700000
2023-02-11 05:30:00,0.0000000000,37.0000000000,0.0000000000,23.4333300000
2023-02-11 05:45:00,0.0000000000,37.0000000000,0.0000000000,23.6000000000
2023-02-11 06:00:00,0.0000000000,37.0000000000,0.0000000000,23.7500000000
2023-02-11 06:15:00,0.0000000000,37.0000000000,0.0000000000,23.7333300000
2023-02-11 06:30:00,0.0000000000,37.0000000000,1.2556610000,23.8666700000
2023-02-11 06:45:00,12.0000000000,37.0000000000,11.9770800000,24.1000000000
2023-02-11 07:00:00,32.0000000000,37.0000000000,41.3402300000,24.4500000000
2023-02-11 07:15:00,60.0000000000,37.0000000000,83.8395400000,25.0000000000
2023-02-11 07:30:00,96.0000000000,37.0000000000,137.6398000000,25.7500000000
2023-02-11 07:45:00,144.0000000000,39.0000000000,204.1898000000,27.0166700000
2023-02-11 08:00:00,180.0000000000,40.0000000000,265.7173000000,30.1833300000
2023-02-11 08:15:00,220.0000000000,42.0000000000,323.0913000000,33.4500000000
2023-02-11 08:30:00,256.0000000000,44.0000000000,378.4370000000,36.0000000000
2023-02-11 08:45:00,296.0000000000,45.0000000000,428.8567000000,38.3333300000
2023-02-11 09:00:00,264.0000000000,46.0000000000,400.8457000000,39.8833400000
2023-02-11 09:15:00,188.0000000000,46.0000000000,287.2567000000,38.1000000000
2023-02-11 09:30:00,200.0000000000,45.0000000000,284.9385000000,36.9166700000
2023-02-11 09:45:00,340.0000000000,44.0000000000,412.2433000000,37.1333400000
2023-02-11 10:00:00,512.0000000000,45.0000000000,733.4994000000,44.2833300000
2023-02-11 10:15:00,532.0000000000,46.0000000000,740.5504000000,47.5666700000
2023-02-11 10:30:00,484.0000000000,46.0000000000,770.9761000000,48.3500000000
2023-02-11 10:45:00,496.0000000000,46.0000000000,738.7152000000,48.4333300000
2023-02-11 11:00:00,500.0000000000,46.0000000000,768.8511000000,49.6000000000
2023-02-11 11:15:00,412.0000000000,47.0000000000,659.1256000000,49.1833300000
2023-02-11 11:30:00,516.0000000000,47.0000000000,733.5959000000,49.3000000000
2023-02-11 11:45:00,620.0000000000,47.0000000000,894.9968000000,52.6000000000
2023-02-11 12:00:00,612.0000000000,43.0000000000,917.5987000000,57.1500000000
2023-02-11 12:15:00,604.0000000000,47.0000000000,914.3146000000,58.3833400000
2023-02-11 12:30:00,604.0000000000,47.0000000000,903.1103000000,57.9166700000
2023-02-11 12:45:00,512.0000000000,47.0000000000,794.6404000000,56.6333400000
2023-02-11 13:00:00,604.0000000000,47.0000000000,803.7198000000,54.7666700000
2023-02-11 13:15:00,600.0000000000,46.0000000000,906.2977000000,56.3666600000
2023-02-11 13:30:00,572.0000000000,47.0000000000,873.9403000000,58.6666700000
2023-02-11 13:45:00,520.0000000000,46.0000000000,798.4074000000,57.2500000000
2023-02-11 14:00:00,496.0000000000,46.0000000000,738.9084000000,55.7333300000
2023-02-11 14:15:00,516.0000000000,47.0000000000,759.2888000000,55.5500000000
2023-02-11 14:30:00,508.0000000000,46.0000000000,762.9592000000,53.3166700000
2023-02-11 14:45:00,484.0000000000,47.0000000000,722.0052000000,51.9500000000
2023-02-11 15:00:00,440.0000000000,46.0000000000,665.6937000000,52.0666700000
2023-02-11 15:15:00,404.0000000000,46.0000000000,598.2743000000,50.1500000000
2023-02-11 15:30:00,380.0000000000,46.0000000000,564.9510000000,49.8666600000
2023-02-11 15:45:00,348.0000000000,46.0000000000,520.4233000000,48.5000000000
2023-02-11 16:00:00,300.0000000000,46.0000000000,457.4471000000,46.5833300000
2023-02-11 16:15:00,256.0000000000,45.0000000000,393.1186000000,44.6166600000
2023-02-11 16:30:00,204.0000000000,45.0000000000,324.8299000000,42.4666700000
2023-02-11 16:45:00,160.0000000000,44.0000000000,259.9219000000,40.4500000000
2023-02-11 17:00:00,116.0000000000,44.0000000000,197.8149000000,39.1833300000
2023-02-11 17:15:00,76.0000000000,45.0000000000,140.2477000000,37.6500000000
2023-02-11 17:30:00,48.0000000000,44.0000000000,88.1860700000,35.0666700000
2023-02-11 17:45:00,20.0000000000,44.0000000000,45.8799400000,32.9166700000
2023-02-11 18:00:00,8.0000000000,44.0000000000,13.8122700000,31.2333300000
2023-02-11 18:15:00,0.0000000000,44.0000000000,0.7727147000,30.0666700000
2023-02-11 18:30:00,0.0000000000,43.0000000000,0.0000000000,29.3500000000
2023-02-11 18:45:00,0.0000000000,43.0000000000,0.0000000000,28.8833300000
2023-02-11 19:00:00,0.0000000000,43.0000000000,0.0000000000,28.3166700000
2023-02-11 19:15:00,0.0000000000,42.0000000000,0.0000000000,28.0500000000
2023-02-11 19:30:00,0.0000000000,42.0000000000,0.0000000000,27.8500000000
2023-02-11 19:45:00,0.0000000000,41.0000000000,0.0000000000,27.5000000000
2023-02-11 20:00:00,0.0000000000,41.0000000000,0.0000000000,27.1166700000
2023-02-11 20:15:00,0.0000000000,41.0000000000,0.0000000000,26.8666700000
2023-02-11 20:30:00,0.0000000000,40.0000000000,0.0000000000,26.8000000000
2023-02-11 20:45:00,0.0000000000,40.0000000000,0.0000000000,26.7166700000
2023-02-11 21:00:00,0.0000000000,40.0000000000,0.0000000000,26.6000000000
2023-02-11 21:15:00,0.0000000000,39.0000000000,0.0000000000,26.4833300000
2023-02-11 21:30:00,0.0000000000,40.0000000000,0.0000000000,26.3166700000
2023-02-11 21:45:00,0.0000000000,39.0000000000,0.0000000000,26.2666700000
2023-02-11 22:00:00,0.0000000000,39.0000000000,0.0000000000,26.1833300000
2023-02-11 22:15:00,0.0000000000,39.0000000000,0.0000000000,25.9500000000
2023-02-11 22:30:00,0.0000000000,39.0000000000,0.0000000000,25.8666700000
2023-02-11 22:45:00,0.0000000000,39.0000000000,0.0000000000,25.9000000000
2023-02-11 23:00:00,0.0000000000,39.0000000000,0.0000000000,25.9166700000
2023-02-11 23:15:00,0.0000000000,39.0000000000,0.0000000000,25.9500000000
2023-02-11 23:30:00,0.0000000000,39.0000000000,0.0000000000,25.8500000000
2023-02-11 23:45:00,0.0000000000,39.0000000000,0.0000000000,25.7166700000
2023-02-12 00:00:00,0.0000000000,38.0000000000,0.0000000000,25.7000000000
2023-02-12 00:15:00,0.0000000000,38.0000000000,0.0000000000,25.7000000000
2023-02-12 00:30:00,0.0000000000,38.0000000000,0.0000000000,25.5833300000
2023-02-12 00:45:00,0.0000000000,38.0000000000,0.0000000000,25.4666700000
2023-02-12 01:00:00,0.0000000000,38.0000000000,0.0000000000,25.3166700000
2023-02-12 01:15:00,0.0000000000,38.0000000000,0.0000000000,25.2666700000
2023-02-12 01:30:00,0.0000000000,38.0000000000,0.0000000000,25.3500000000
2023-02-12 01:45:00,0.0000000000,38.0000000000,0.0000000000,25.3500000000
2023-02-12 02:00:00,0.0000000000,38.0000000000,0.0000000000,25.2166700000
2023-02-12 02:15:00,0.0000000000,38.0000000000,0.0000000000,25.2833300000
2023-02-12 02:30:00,0.0000000000,38.0000000000,0.0000000000,25.2666700000
2023-02-12 02:45:00,0.0000000000,38.0000000000,0.0000000000,25.2166700000
2023-02-12 03:00:00,0.0000000000,38.0000000000,0.0000000000,25.1833300000
2023-02-12 03:15:00,0.0000000000,38.0000000000,0.0000000000,25.0666700000
2023-02-12 03:30:00,0.0000000000,38.0000000000,0.0000000000,25.0000000000
2023-02-12 03:45:00,0.0000000000,38.0000000000,0.0000000000,24.7000000000
2023-02-12 04:00:00,0.0000000000,37.0000000000,0.0000000000,24.7500000000
2023-02-12 04:15:00,0.0000000000,38.0000000000,0.0000000000,24.8500000000
2023-02-12 04:30:00,0.0000000000,38.0000000000,0.0000000000,24.5000000000
2023-02-12 04:45:00,0.0000000000,38.0000000000,0.0000000000,24.0666700000
2023-02-12 05:00:00,0.0000000000,37.0000000000,0.0000000000,23.8000000000
2023-02-12 05:15:00,0.0000000000,38.0000000000,0.0000000000,23.6500000000
2023-02-12 05:30:00,0.0000000000,37.0000000000,0.0000000000,23.6000000000
2023-02-12 05:45:00,0.0000000000,37.0000000000,0.0000000000,23.7000000000
2023-02-12 06:00:00,0.0000000000,37.0000000000,0.0000000000,23.7833300000
2023-02-12 06:15:00,0.0000000000,37.0000000000,0.0000000000,23.7000000000
2023-02-12 06:30:00,0.0000000000,36.0000000000,1.4488400000,23.7000000000
2023-02-12 06:45:00,16.0000000000,36.0000000000,16.7099600000,23.7500000000
2023-02-12 07:00:00,36.0000000000,37.0000000000,50.9025800000,24.1000000000
2023-02-12 07:15:00,68.0000000000,37.0000000000,98.8108900000,24.7833300000
2023-02-12 07:30:00,104.0000000000,37.0000000000,148.1680000000,25.5666700000
2023-02-12 07:45:00,132.0000000000,38.0000000000,194.0480000000,26.9500000000
2023-02-12 08:00:00,164.0000000000,39.0000000000,249.1039000000,30.2833300000
2023-02-12 08:15:00,204.0000000000,42.0000000000,298.0747000000,33.3500000000
2023-02-12 08:30:00,240.0000000000,44.0000000000,358.9260000000,35.6666700000
2023-02-12 08:45:00,276.0000000000,44.0000000000,401.3287000000,38.2666700000
2023-02-12 09:00:00,300.0000000000,46.0000000000,451.4586000000,39.8000000000
2023-02-12 09:15:00,380.0000000000,46.0000000000,520.5199000000,40.3166700000
2023-02-12 09:30:00,416.0000000000,46.0000000000,654.0063000000,43.8833400000
2023-02-12 09:45:00,360.0000000000,47.0000000000,520.9063000000,45.6333400000
2023-02-12 10:00:00,480.0000000000,46.0000000000,693.6080000000,44.7833300000
2023-02-12 10:15:00,524.0000000000,47.0000000000,763.0557000000,47.8333300000
2023-02-12 10:30:00,500.0000000000,47.0000000000,771.3624000000,49.8833400000
2023-02-12 10:45:00,480.0000000000,47.0000000000,658.9324000000,47.6333400000
2023-02-12 11:00:00,476.0000000000,47.0000000000,808.4528000000,49.7333300000
2023-02-12 11:15:00,596.0000000000,47.0000000000,831.6342000000,51.0000000000
2023-02-12 11:30:00,464.0000000000,48.0000000000,759.6751000000,50.7000000000
2023-02-12 11:45:00,548.0000000000,46.0000000000,824.6797000000,51.2833300000
2023-02-12 12:00:00,548.0000000000,46.0000000000,806.9073000000,52.6500000000
2023-02-12 12:15:00,596.0000000000,46.0000000000,885.2412000000,53.6666700000
2023-02-12 12:30:00,636.0000000000,48.0000000000,950.1493000000,56.9333300000
2023-02-12 12:45:00,612.0000000000,47.0000000000,947.4448000000,58.0500000000
2023-02-12 13:00:00,572.0000000000,47.0000000000,875.9687000000,56.5833300000
2023-02-12 13:15:00,536.0000000000,47.0000000000,905.0421000000,54.7000000000
2023-02-12 13:30:00,604.0000000000,47.0000000000,911.4169000000,56.4166700000
2023-02-12 13:45:00,592.0000000000,47.0000000000,919.1441000000,56.9500000000
2023-02-12 14:00:00,520.0000000000,47.0000000000,813.9583000000,56.1500000000
2023-02-12 14:15:00,544.0000000000,47.0000000000,805.4585000000,54.8000000000
2023-02-12 14:30:00,492.0000000000,46.0000000000,760.1580000000,54.7500000000
2023-02-12 14:45:00,472.0000000000,46.0000000000,701.3351000000,52.1333400000
2023-02-12 15:00:00,440.0000000000,47.0000000000,668.3016000000,51.9166700000
2023-02-12 15:15:00,408.0000000000,47.0000000000,612.7628000000,52.0500000000
2023-02-12 15:30:00,360.0000000000,46.0000000000,551.1387000000,49.6333400000
2023-02-12 15:45:00,332.0000000000,46.0000000000,502.6509000000,47.6166600000
2023-02-12 16:00:00,288.0000000000,45.0000000000,447.3052000000,46.3166700000
2023-02-12 16:15:00,252.0000000000,45.0000000000,390.3175000000,45.6500000000
2023-02-12 16:30:00,224.0000000000,45.0000000000,348.1080000000,44.6333400000
2023-02-12 16:45:00,176.0000000000,45.0000000000,289.5748000000,43.3666600000
2023-02-12 17:00:00,132.0000000000,45.0000000000,220.6100000000,41.0500000000
2023-02-12 17:15:00,80.0000000000,45.0000000000,149.1339000000,37.9833300000
2023-02-12 17:30:00,44.0000000000,45.0000000000,86.1576800000,35.3666600000
2023-02-12 17:45:00,16.0000000000,44.0000000000,36.4141800000,33.2166700000
2023-02-12 18:00:00,8.0000000000,44.0000000000,13.9088600000,31.5166700000
2023-02-12 18:15:00,0.0000000000,44.0000000000,0.6761253000,30.3166700000
2023-02-12 18:30:00,0.0000000000,43.0000000000,0.0000000000,29.4166700000
2023-02-12 18:45:00,0.0000000000,43.0000000000,0.0000000000,28.8000000000
2023-02-12 19:00:00,0.0000000000,41.0000000000,0.0000000000,28.2833300000
2023-02-12 19:15:00,0.0000000000,42.0000000000,0.0000000000,27.7666700000
2023-02-12 19:30:00,0.0000000000,41.0000000000,0.0000000000,27.4333300000
2023-02-12 19:45:00,0.0000000000,41.0000000000,0.0000000000,27.2000000000
2023-02-12 20:00:00,0.0000000000,41.0000000000,0.0000000000,26.9333300000
2023-02-12 20:15:00,0.0000000000,40.0000000000,0.0000000000,26.7833300000
2023-02-12 20:30:00,0.0000000000,40.0000000000,0.0000000000,26.5333300000
2023-02-12 20:45:00,0.0000000000,40.0000000000,0.0000000000,26.2333300000
2023-02-12 21:00:00,0.0000000000,40.0000000000,0.0000000000,26.2166700000
2023-02-12 21:15:00,0.0000000000,40.0000000000,0.0000000000,26.0000000000
2023-02-12 21:30:00,0.0000000000,40.0000000000,0.0000000000,25.7666700000
2023-02-12 21:45:00,0.0000000000,39.0000000000,0.0000000000,25.6666700000
2023-02-12 22:00:00,0.0000000000,39.0000000000,0.0000000000,25.8500000000
2023-02-12 22:15:00,0.0000000000,39.0000000000,0.0000000000,25.7166700000
2023-02-12 22:30:00,0.0000000000,39.0000000000,0.0000000000,25.8500000000
2023-02-12 22:45:00,0.0000000000,39.0000000000,0.0000000000,25.7833300000
2023-02-12 23:00:00,0.0000000000,38.0000000000,0.0000000000,25.8500000000
2023-02-12 23:15:00,0.0000000000,39.0000000000,0.0000000000,25.8333300000
2023-02-12 23:30:00,0.0000000000,38.0000000000,0.0000000000,25.6000000000
2023-02-12 23:45:00,0.0000000000,38.0000000000,0.0000000000,25.3833300000
2023-02-13 00:00:00,0.0000000000,39.0000000000,0.0000000000,25.1833300000
2023-02-13 00:15:00,0.0000000000,38.0000000000,0.0000000000,24.9166700000
2023-02-13 00:30:00,0.0000000000,38.0000000000,0.0000000000,24.8500000000
2023-02-13 00:45:00,0.0000000000,38.0000000000,0.0000000000,24.7000000000
2023-02-13 01:00:00,0.0000000000,38.0000000000,0.0000000000,24.7166700000
2023-02-13 01:15:00,0.0000000000,38.0000000000,0.0000000000,24.6666700000
2023-02-13 01:30:00,0.0000000000,38.0000000000,0.0000000000,24.8000000000
2023-02-13 01:45:00,0.0000000000,38.0000000000,0.0000000000,24.8166700000
2023-02-13 02:00:00,0.0000000000,38.0000000000,0.0000000000,24.7333300000
2023-02-13 02:15:00,0.0000000000,38.0000000000,0.0000000000,24.7666700000
2023-02-13 02:30:00,0.0000000000,38.0000000000,0.0000000000,24.6833300000
2023-02-13 02:45:00,0.0000000000,38.0000000000,0.0000000000,24.5500000000
2023-02-13 03:00:00,0.0000000000,38.0000000000,0.0000000000,24.4500000000
2023-02-13 03:15:00,0.0000000000,37.0000000000,0.0000000000,24.4500000000
2023-02-13 03:30:00,0.0000000000,38.0000000000,0.0000000000,24.4500000000
2023-02-13 03:45:00,0.0000000000,38.0000000000,0.0000000000,24.3333300000
2023-02-13 04:00:00,0.0000000000,38.0000000000,0.0000000000,24.1833300000
2023-02-13 04:15:00,0.0000000000,38.0000000000,0.0000000000,24.0166700000
2023-02-13 04:30:00,0.0000000000,38.0000000000,0.0000000000,23.9833300000
2023-02-13 04:45:00,0.0000000000,38.0000000000,0.0000000000,23.8500000000
2023-02-13 05:00:00,0.0000000000,37.0000000000,0.0000000000,23.6500000000
2023-02-13 05:15:00,0.0000000000,37.0000000000,0.0000000000,23.4333300000
2023-02-13 05:30:00,0.0000000000,37.0000000000,0.0000000000,23.4166700000
2023-02-13 05:45:00,0.0000000000,37.0000000000,0.0000000000,23.4000000000
2023-02-13 06:00:00,0.0000000000,37.0000000000,0.0000000000,23.3000000000
2023-02-13 06:15:00,0.0000000000,36.0000000000,0.0000000000,23.1166700000
2023-02-13 06:30:00,1.6000000000,36.0000000000,0.9658933000,23.1666700000
2023-02-13 06:45:00,8.0000000000,37.0000000000,10.2384700000,23.3666700000
2023-02-13 07:00:00,29.6000000000,36.0000000000,38.6357300000,23.6166700000
2023-02-13 07:15:00,62.4000000000,36.0000000000,89.7314800000,24.2000000000
2023-02-13 07:30:00,100.8000000000,37.0000000000,142.8556000000,25.0500000000
2023-02-13 07:45:00,140.4000000000,38.0000000000,198.6843000000,26.1833300000
2023-02-13 08:00:00,157.6000000000,39.0000000000,235.5814000000,28.4000000000
2023-02-13 08:15:00,190.4000000000,40.0000000000,282.3307000000,31.3166700000
2023-02-13 08:30:00,225.2000000000,42.0000000000,324.3470000000,33.3833400000
2023-02-13 08:45:00,270.8000000000,43.0000000000,387.2266000000,35.4833300000
2023-02-13 09:00:00,252.0000000000,44.0000000000,409.0558000000,37.2833300000
2023-02-13 09:15:00,340.0000000000,45.0000000000,482.9467000000,38.6000000000
2023-02-13 09:30:00,384.0000000000,45.0000000000,,41.5666700000
2023-02-13 09:45:00,328.0000000000,45.0000000000,,43.3500000000
2023-02-13 10:00:00,484.0000000000,44.0000000000,,45.1166600000
2023-02-13 10:15:00,368.0000000000,45.0000000000,,46.9500000000
2023-02-13 10:30:00,536.0000000000,46.0000000000,,48.3500000000
2023-02-13 10:45:00,456.0000000000,46.0000000000,,51.5166700000
2023-02-13 11:00:00,572.0000000000,46.0000000000,,52.8166700000
2023-02-13 11:15:00,600.0000000000,47.0000000000,903.7864000000,53.7000000000
2023-02-13 11:30:00,572.0000000000,47.0000000000,860.3212000000,54.3333300000
2023-02-13 11:45:00,536.0000000000,47.0000000000,821.5889000000,53.9000000000
2023-02-13 12:00:00,540.0000000000,48.0000000000,772.7147000000,52.9666700000
2023-02-13 12:15:00,568.0000000000,47.0000000000,856.6508000000,53.9166700000
2023-02-13 12:30:00,588.0000000000,47.0000000000,901.0819000000,54.9833300000
2023-02-13 12:45:00,632.0000000000,47.0000000000,854.8156000000,55.6500000000
2023-02-13 13:00:00,592.0000000000,46.0000000000,954.4958000000,58.3833400000
2023-02-13 13:15:00,524.0000000000,47.0000000000,778.4135000000,55.6666700000
2023-02-13 13:30:00,416.0000000000,46.0000000000,610.7343000000,49.9000000000
2023-02-13 13:45:00,584.0000000000,46.0000000000,858.2928000000,51.3500000000
2023-02-13 14:00:00,532.0000000000,46.0000000000,825.5490000000,52.9666700000
2023-02-13 14:15:00,456.0000000000,46.0000000000,679.0230000000,50.8000000000
2023-02-13 14:30:00,484.0000000000,46.0000000000,732.9199000000,49.2666700000
2023-02-13 14:45:00,452.0000000000,46.0000000000,679.3128000000,49.0000000000
2023-02-13 15:00:00,416.0000000000,46.0000000000,628.0239000000,47.9333300000
2023-02-13 15:15:00,384.0000000000,45.0000000000,575.3827000000,46.6166600000
2023-02-13 15:30:00,340.0000000000,45.0000000000,514.3382000000,45.5000000000
2023-02-13 15:45:00,292.0000000000,45.0000000000,452.2313000000,43.7500000000
2023-02-13 16:00:00,272.0000000000,46.0000000000,410.8910000000,42.3000000000
2023-02-13 16:15:00,224.0000000000,44.0000000000,356.8010000000,41.7166700000
2023-02-13 16:30:00,184.0000000000,44.0000000000,285.7112000000,40.9333300000
2023-02-13 16:45:00,144.0000000000,44.0000000000,241.0870000000,39.2166700000
2023-02-13 17:00:00,92.0000000000,44.0000000000,158.3099000000,36.5333300000
2023-02-13 17:15:00,72.0000000000,44.0000000000,126.3389000000,34.5500000000
2023-02-13 17:30:00,48.0000000000,43.0000000000,87.8962900000,33.4000000000
2023-02-13 17:45:00,24.0000000000,44.0000000000,45.2038000000,32.0000000000
2023-02-13 18:00:00,4.0000000000,43.0000000000,15.4542900000,30.5166700000
2023-02-13 18:15:00,4.0000000000,43.0000000000,1.0624830000,29.4166700000
2023-02-13 18:30:00,0.0000000000,43.0000000000,0.0000000000,28.7500000000
2023-02-13 18:45:00,0.0000000000,42.0000000000,0.0000000000,28.2166700000
2023-02-13 19:00:00,0.0000000000,42.0000000000,0.0000000000,27.8166700000
2023-02-13 19:15:00,0.0000000000,41.0000000000,0.0000000000,27.7000000000
2023-02-13 19:30:00,0.0000000000,41.0000000000,0.0000000000,27.5333300000
2023-02-13 19:45:00,0.0000000000,41.0000000000,0.0000000000,27.2500000000
2023-02-13 20:00:00,0.0000000000,41.0000000000,0.0000000000,27.1500000000
2023-02-13 20:15:00,0.0000000000,40.0000000000,0.0000000000,26.9666700000
2023-02-13 20:30:00,0.0000000000,40.0000000000,0.0000000000,26.8500000000
2023-02-13 20:45:00,0.0000000000,40.0000000000,0.0000000000,26.8000000000
2023-02-13 21:00:00,0.0000000000,40.0000000000,0.0000000000,26.6833300000
2023-02-13 21:15:00,0.0000000000,40.0000000000,0.0000000000,26.3666700000
2023-02-13 21:30:00,0.0000000000,40.0000000000,0.0000000000,26.2333300000
2023-02-13 21:45:00,0.0000000000,39.0000000000,0.0000000000,25.9833300000
2023-02-13 22:00:00,0.0000000000,39.0000000000,0.0000000000,26.0833300000
2023-02-13 22:15:00,0.0000000000,39.0000000000,0.0000000000,26.0833300000
2023-02-13 22:30:00,0.0000000000,39.0000000000,0.0000000000,25.9166700000
2023-02-13 22:45:00,0.0000000000,39.0000000000,0.0000000000,25.4833300000
2023-02-13 23:00:00,0.0000000000,39.0000000000,0.0000000000,25.4500000000
2023-02-13 23:15:00,0.0000000000,38.0000000000,0.0000000000,25.3833300000
2023-02-13 23:30:00,0.0000000000,39.0000000000,0.0000000000,25.3500000000
2023-02-13 23:45:00,0.0000000000,38.0000000000,0.0000000000,25.2166700000
2023-02-14 00:00:00,0.0000000000,39.0000000000,0.0000000000,25.2500000000
2023-02-14 00:15:00,0.0000000000,38.0000000000,0.0000000000,25.3833300000
2023-02-14 00:30:00,0.0000000000,39.0000000000,0.0000000000,25.3166700000
2023-02-14 00:45:00,0.0000000000,38.0000000000,0.0000000000,25.3500000000
2023-02-14 01:00:00,0.0000000000,38.0000000000,0.0000000000,25.3500000000
2023-02-14 01:15:00,0.0000000000,39.0000000000,0.0000000000,25.1833300000
2023-02-14 01:30:00,0.0000000000,38.0000000000,0.0000000000,25.1000000000
2023-02-14 01:45:00,0.0000000000,38.0000000000,0.0000000000,24.8833300000
2023-02-14 02:00:00,0.0000000000,38.0000000000,0.0000000000,24.8166700000
2023-02-14 02:15:00,0.0000000000,38.0000000000,0.0000000000,24.7666700000
2023-02-14 02:30:00,0.0000000000,38.0000000000,0.0000000000,24.7500000000
2023-02-14 02:45:00,0.0000000000,38.0000000000,0.0000000000,24.7000000000
2023-02-14 03:00:00,0.0000000000,38.0000000000,0.0000000000,24.6166700000
2023-02-14 03:15:00,0.0000000000,38.0000000000,0.0000000000,24.5833300000
2023-02-14 03:30:00,0.0000000000,38.0000000000,0.0000000000,24.4500000000
2023-02-14 03:45:00,0.0000000000,38.0000000000,0.0000000000,24.4666700000
2023-02-14 04:00:00,0.0000000000,37.0000000000,0.0000000000,24.3000000000
2023-02-14 04:15:00,0.0000000000,38.0000000000,0.0000000000,24.2000000000
2023-02-14 04:30:00,0.0000000000,37.0000000000,0.0000000000,24.1333300000
2023-02-14 04:45:00,0.0000000000,38.0000000000,0.0000000000,23.5500000000
2023-02-14 05:00:00,0.0000000000,38.0000000000,0.0000000000,23.0833300000
2023-02-14 05:15:00,0.0000000000,38.0000000000,0.0000000000,23.9000000000
2023-02-14 05:30:00,0.0000000000,37.0000000000,0.0000000000,24.0166700000
2023-02-14 05:45:00,0.0000000000,37.0000000000,0.0000000000,23.7500000000
2023-02-14 06:00:00,0.0000000000,37.0000000000,0.0000000000,23.5833300000
2023-02-14 06:15:00,0.0000000000,37.0000000000,0.0000000000,23.5833300000
2023-02-14 06:30:00,1.2000000000,37.0000000000,0.8693040000,23.5500000000
2023-02-14 06:45:00,8.4000000000,36.0000000000,10.1418800000,23.5833300000
2023-02-14 07:00:00,23.2000000000,36.0000000000,29.0733900000,23.6833300000
2023-02-14 07:15:00,61.2000000000,36.0000000000,81.4248000000,24.2500000000
2023-02-14 07:30:00,98.4000000000,37.0000000000,139.3784000000,25.0833300000
2023-02-14 07:45:00,116.0000000000,38.0000000000,169.3211000000,25.8166700000
2023-02-14 08:00:00,140.8000000000,39.0000000000,195.5934000000,26.4500000000
2023-02-14 08:15:00,199.2000000000,40.0000000000,283.7795000000,29.5666700000
2023-02-14 08:30:00,252.8000000000,42.0000000000,368.3917000000,33.7833300000
2023-02-14 08:45:00,292.0000000000,44.0000000000,433.0100000000,36.4666700000
2023-02-14 09:00:00,328.0000000000,45.0000000000,490.0943000000,38.7333300000
2023-02-14 09:15:00,340.0000000000,46.0000000000,513.0825000000,41.2500000000
2023-02-14 09:30:00,384.0000000000,47.0000000000,542.7355000000,42.5833300000
2023-02-14 09:45:00,420.0000000000,47.0000000000,616.5297000000,44.0166700000
2023-02-14 10:00:00,460.0000000000,46.0000000000,675.6424000000,46.1166600000
2023-02-14 10:15:00,500.0000000000,46.0000000000,731.8574000000,47.7833300000
2023-02-14 10:30:00,524.0000000000,47.0000000000,772.0386000000,49.6833300000
2023-02-14 10:45:00,544.0000000000,46.0000000000,812.7026000000,51.1833300000
2023-02-14 11:00:00,548.0000000000,47.0000000000,790.5837000000,53.2666700000
2023-02-14 11:15:00,584.0000000000,45.0000000000,883.3094000000,55.7333300000
2023-02-14 11:30:00,496.0000000000,46.0000000000,769.9136000000,57.5000000000
2023-02-14 11:45:00,492.0000000000,46.0000000000,751.9480000000,54.0166700000
2023-02-14 12:00:00,556.0000000000,46.0000000000,800.4358000000,53.3000000000
2023-02-14 12:15:00,512.0000000000,46.0000000000,850.5657000000,57.2333300000
2023-02-14 12:30:00,576.0000000000,46.0000000000,787.4929000000,55.0833300000
2023-02-14 12:45:00,592.0000000000,47.0000000000,887.3662000000,56.9333300000
2023-02-14 13:00:00,500.0000000000,47.0000000000,796.7654000000,58.2666700000
2023-02-14 13:15:00,584.0000000000,44.0000000000,869.4972000000,57.0833300000
2023-02-14 13:30:00,572.0000000000,46.0000000000,872.2017000000,59.9000000000
2023-02-14 13:45:00,408.0000000000,45.0000000000,712.7327000000,59.0333300000
2023-02-14 14:00:00,480.0000000000,47.0000000000,612.7628000000,51.9500000000
2023-02-14 14:15:00,492.0000000000,50.0000000000,756.7775000000,53.9666700000
2023-02-14 14:30:00,460.0000000000,46.0000000000,696.7955000000,54.1666700000
2023-02-14 14:45:00,444.0000000000,46.0000000000,690.2274000000,55.6666700000
2023-02-14 15:00:00,412.0000000000,44.0000000000,628.6034000000,54.2166700000
2023-02-14 15:15:00,380.0000000000,45.0000000000,584.6552000000,53.2500000000
2023-02-14 15:30:00,352.0000000000,46.0000000000,548.8206000000,53.3333300000
2023-02-14 15:45:00,304.0000000000,46.0000000000,473.9638000000,52.1166600000
2023-02-14 16:00:00,248.0000000000,46.0000000000,395.2436000000,48.4000000000
2023-02-14 16:15:00,232.0000000000,45.0000000000,358.0567000000,46.1333400000
2023-02-14 16:30:00,188.0000000000,46.0000000000,307.1541000000,44.8166700000
2023-02-14 16:45:00,140.0000000000,46.0000000000,235.5813000000,42.9833300000
2023-02-14 17:00:00,96.0000000000,45.0000000000,163.5258000000,39.9166700000
2023-02-14 17:15:00,60.0000000000,45.0000000000,108.6630000000,37.4500000000
2023-02-14 17:30:00,36.0000000000,44.0000000000,72.2488300000,35.4333300000
2023-02-14 17:45:00,20.0000000000,45.0000000000,36.8971300000,33.6500000000
2023-02-14 18:00:00,12.0000000000,44.0000000000,15.9372400000,32.3166700000
2023-02-14 18:15:00,0.0000000000,44.0000000000,2.8010910000,31.3666700000
2023-02-14 18:30:00,0.0000000000,43.0000000000,0.0965893300,30.6666700000
2023-02-14 18:45:00,0.0000000000,43.0000000000,0.0000000000,30.2500000000
2023-02-14 19:00:00,0.0000000000,43.0000000000,0.0000000000,29.8166700000
2023-02-14 19:15:00,0.0000000000,42.0000000000,0.0000000000,29.5333300000
2023-02-14 19:30:00,0.0000000000,42.0000000000,0.0000000000,29.1500000000
2023-02-14 19:45:00,0.0000000000,42.0000000000,0.0000000000,28.6000000000
2023-02-14 20:00:00,0.0000000000,41.0000000000,0.0000000000,28.0666700000
2023-02-14 20:15:00,0.0000000000,41.0000000000,0.0000000000,27.6833300000
2023-02-14 20:30:00,0.0000000000,41.0000000000,0.0000000000,27.3166700000
2023-02-14 20:45:00,0.0000000000,40.0000000000,0.0000000000,27.0333300000
2023-02-14 21:00:00,0.0000000000,41.0000000000,0.0000000000,26.8666700000
2023-02-14 21:15:00,0.0000000000,41.0000000000,0.0000000000,26.9000000000
2023-02-14 21:30:00,0.0000000000,40.0000000000,0.0000000000,26.6666700000
2023-02-14 21:45:00,0.0000000000,40.0000000000,0.0000000000,26.3500000000
2023-02-14 22:00:00,0.0000000000,39.0000000000,0.0000000000,26.2000000000
2023-02-14 22:15:00,0.0000000000,40.0000000000,0.0000000000,26.1333300000
2023-02-14 22:30:00,0.0000000000,40.0000000000,0.0000000000,26.2166700000
2023-02-14 22:45:00,0.0000000000,40.0000000000,0.0000000000,26.3500000000
2023-02-14 23:00:00,0.0000000000,40.0000000000,0.0000000000,26.3166700000
2023-02-14 23:15:00,0.0000000000,40.0000000000,0.0000000000,25.9666700000
2023-02-14 23:30:00,0.0000000000,40.0000000000,0.0000000000,25.8833300000
2023-02-14 23:45:00,0.0000000000,39.0000000000,0.0000000000,25.8666700000
2023-02-15 00:00:00,0.0000000000,40.0000000000,0.0000000000,25.8500000000
2023-02-15 00:15:00,0.0000000000,39.0000000000,0.0000000000,25.7000000000
2023-02-15 00:30:00,0.0000000000,39.0000000000,0.0000000000,25.5666700000
2023-02-15 00:45:00,0.0000000000,39.0000000000,0.0000000000,25.4000000000
2023-02-15 01:00:00,0.0000000000,38.0000000000,0.0000000000,25.2833300000
2023-02-15 01:15:00,0.0000000000,39.0000000000,0.0000000000,25.1833300000
2023-02-15 01:30:00,0.0000000000,38.0000000000,0.0000000000,25.1000000000
2023-02-15 01:45:00,0.0000000000,38.0000000000,0.0000000000,25.1000000000
2023-02-15 02:00:00,0.0000000000,38.0000000000,0.0000000000,25.1000000000
2023-02-15 02:15:00,0.0000000000,38.0000000000,0.0000000000,25.0833300000
2023-02-15 02:30:00,0.0000000000,38.0000000000,0.0000000000,24.8666700000
2023-02-15 02:45:00,0.0000000000,38.0000000000,0.0000000000,24.8500000000
2023-02-15 03:00:00,0.0000000000,38.0000000000,0.0000000000,25.0333300000
2023-02-15 03:15:00,0.0000000000,38.0000000000,0.0000000000,25.1833300000
2023-02-15 03:30:00,0.0000000000,38.0000000000,0.0000000000,25.4333300000
2023-02-15 03:45:00,0.0000000000,38.0000000000,0.0000000000,25.4000000000
2023-02-15 04:00:00,0.0000000000,38.0000000000,0.0000000000,25.4500000000
2023-02-15 04:15:00,0.0000000000,38.0000000000,0.0000000000,25.6666700000
2023-02-15 04:30:00,0.0000000000,38.0000000000,0.0000000000,25.9666700000
2023-02-15 04:45:00,0.0000000000,38.0000000000,0.0000000000,25.6500000000
2023-02-15 05:00:00,0.0000000000,38.0000000000,0.0000000000,25.3000000000
2023-02-15 05:15:00,0.0000000000,38.0000000000,0.0000000000,25.1500000000
2023-02-15 05:30:00,0.0000000000,38.0000000000,0.0000000000,25.0166700000
2023-02-15 05:45:00,0.0000000000,37.0000000000,0.0000000000,25.1500000000
2023-02-15 06:00:00,0.0000000000,38.0000000000,0.0000000000,25.4500000000
2023-02-15 06:15:00,0.0000000000,38.0000000000,0.0000000000,25.5166700000
2023-02-15 06:30:00,0.0000000000,38.0000000000,0.0000000000,25.6000000000
2023-02-15 06:45:00,0.0000000000,37.0000000000,0.0000000000,25.7000000000
2023-02-15 07:00:00,2.0000000000,38.0000000000,2.5113230000,25.3333300000
2023-02-15 07:15:00,6.0000000000,37.0000000000,10.4316500000,23.7333300000
2023-02-15 07:30:00,7.6000000000,36.0000000000,11.5907200000,23.0833300000
2023-02-15 07:45:00,13.6000000000,35.0000000000,16.9997200000,23.0500000000
2023-02-15 08:00:00,23.2000000000,35.0000000000,28.4938500000,23.4000000000
2023-02-15 08:15:00,23.6000000000,35.0000000000,28.7836200000,23.4500000000
2023-02-15 08:30:00,16.0000000000,36.0000000000,21.9257800000,23.4000000000
2023-02-15 08:45:00,18.0000000000,35.0000000000,19.7042300000,23.4000000000
2023-02-15 09:00:00,12.0000000000,36.0000000000,17.0963200000,23.4333300000
2023-02-15 09:15:00,8.0000000000,36.0000000000,12.2668500000,23.3500000000
2023-02-15 09:30:00,8.0000000000,36.0000000000,11.3975400000,23.3500000000
2023-02-15 09:45:00,12.0000000000,36.0000000000,13.0395600000,23.4500000000
2023-02-15 10:00:00,12.0000000000,36.0000000000,15.6474800000,23.5500000000
2023-02-15 10:15:00,16.0000000000,35.0000000000,18.9315100000,23.6166700000
2023-02-15 10:30:00,20.0000000000,36.0000000000,22.1189600000,23.7166700000
2023-02-15 10:45:00,20.0000000000,36.0000000000,25.0166400000,23.8500000000
2023-02-15 11:00:00,28.0000000000,36.0000000000,29.1699800000,23.9000000000
2023-02-15 11:15:00,28.0000000000,35.0000000000,31.6813000000,23.9000000000
2023-02-15 11:30:00,28.0000000000,36.0000000000,34.0960400000,24.0000000000
2023-02-15 11:45:00,40.0000000000,36.0000000000,43.1754300000,24.2500000000
2023-02-15 12:00:00,56.0000000000,36.0000000000,59.2092600000,24.6333300000
2023-02-15 12:15:00,84.0000000000,36.0000000000,84.8054400000,25.1000000000
2023-02-15 12:30:00,136.0000000000,36.0000000000,138.5091000000,25.9333300000
2023-02-15 12:45:00,176.0000000000,36.0000000000,185.5482000000,27.3833300000
2023-02-15 13:00:00,172.0000000000,37.0000000000,192.7923000000,27.9666700000
2023-02-15 13:15:00,152.0000000000,37.0000000000,168.9348000000,27.5500000000
2023-02-15 13:30:00,144.0000000000,37.0000000000,157.1508000000,27.5500000000
2023-02-15 13:45:00,144.0000000000,37.0000000000,159.3724000000,27.9166700000
2023-02-15 14:00:00,148.0000000000,37.0000000000,163.3326000000,28.2166700000
2023-02-15 14:15:00,168.0000000000,38.0000000000,176.9517000000,29.0000000000
2023-02-15 14:30:00,172.0000000000,38.0000000000,195.0139000000,31.1500000000
2023-02-15 14:45:00,176.0000000000,38.0000000000,194.7241000000,32.6333400000
2023-02-15 15:00:00,192.0000000000,37.0000000000,217.8089000000,33.6000000000
2023-02-15 15:15:00,200.0000000000,38.0000000000,236.2575000000,34.5000000000
2023-02-15 15:30:00,164.0000000000,38.0000000000,197.3320000000,34.8833400000
2023-02-15 15:45:00,148.0000000000,39.0000000000,176.2755000000,33.6500000000
2023-02-15 16:00:00,112.0000000000,38.0000000000,142.3727000000,33.2666700000
2023-02-15 16:15:00,92.0000000000,38.0000000000,107.7937000000,32.6833300000
2023-02-15 16:30:00,92.0000000000,38.0000000000,107.8903000000,31.2666700000
2023-02-15 16:45:00,84.0000000000,39.0000000000,103.6404000000,30.9000000000
2023-02-15 17:00:00,56.0000000000,38.0000000000,71.3795200000,30.3666700000
2023-02-15 17:15:00,36.0000000000,38.0000000000,45.7833400000,29.0333300000
2023-02-15 17:30:00,28.0000000000,38.0000000000,37.4766600000,28.0777800000
2023-02-15 17:45:00,20.0000000000,0.0000000000,0.0000000000,0.0000000000
2023-02-15 18:00:00,16.0000000000,38.0000000000,3.7669840000,26.6666700000
2023-02-15 18:15:00,0.0000000000,38.0000000000,0.3863573000,26.0666700000
2023-02-15 18:30:00,0.0000000000,37.0000000000,0.0000000000,25.4500000000
2023-02-15 18:45:00,0.0000000000,38.0000000000,0.0000000000,25.2000000000
2023-02-15 19:00:00,0.0000000000,38.0000000000,0.0000000000,25.2000000000
2023-02-15 19:15:00,0.0000000000,38.0000000000,0.0000000000,25.2000000000
2023-02-15 19:30:00,0.0000000000,37.0000000000,0.0000000000,25.1833300000
2023-02-15 19:45:00,0.0000000000,37.0000000000,0.0000000000,25.1000000000
2023-02-15 20:00:00,0.0000000000,37.0000000000,0.0000000000,25.0166700000
2023-02-15 20:15:00,0.0000000000,37.0000000000,0.0000000000,25.0000000000
2023-02-15 20:30:00,0.0000000000,37.0000000000,0.0000000000,25.0000000000
2023-02-15 20:45:00,0.0000000000,37.0000000000,0.0000000000,25.0500000000
2023-02-15 21:00:00,0.0000000000,37.0000000000,0.0000000000,25.1000000000
2023-02-15 21:15:00,0.0000000000,37.0000000000,0.0000000000,25.0333300000
2023-02-15 21:30:00,0.0000000000,37.0000000000,0.0000000000,24.8333300000
2023-02-15 21:45:00,0.0000000000,37.0000000000,0.0000000000,24.7000000000
2023-02-15 22:00:00,0.0000000000,37.0000000000,0.0000000000,24.6166700000
2023-02-15 22:15:00,0.0000000000,36.0000000000,0.0000000000,24.5500000000
2023-02-15 22:30:00,0.0000000000,36.0000000000,0.0000000000,24.3500000000
2023-02-15 22:45:00,0.0000000000,37.0000000000,0.0000000000,24.0500000000
2023-02-15 23:00:00,0.0000000000,36.0000000000,0.0000000000,23.8500000000
2023-02-15 23:15:00,0.0000000000,36.0000000000,0.0000000000,23.6500000000
2023-02-15 23:30:00,0.0000000000,36.0000000000,0.0000000000,23.6500000000
2023-02-15 23:45:00,0.0000000000,37.0000000000,0.0000000000,23.7833300000
2023-02-16 00:00:00,0.0000000000,37.0000000000,0.0000000000,23.6000000000
2023-02-16 00:15:00,0.0000000000,37.0000000000,0.0000000000,23.3666700000
2023-02-16 00:30:00,0.0000000000,37.0000000000,0.0000000000,23.2333300000
2023-02-16 00:45:00,0.0000000000,36.0000000000,0.0000000000,22.9666700000
2023-02-16 01:00:00,0.0000000000,36.0000000000,0.0000000000,22.8000000000
2023-02-16 01:15:00,0.0000000000,36.0000000000,0.0000000000,23.2333300000
2023-02-16 01:30:00,0.0000000000,36.0000000000,0.0000000000,23.6333300000
2023-02-16 01:45:00,0.0000000000,36.0000000000,0.0000000000,23.5666700000
2023-02-16 02:00:00,0.0000000000,36.0000000000,0.0000000000,23.0166700000
2023-02-16 02:15:00,0.0000000000,36.0000000000,0.0000000000,23.1166700000
2023-02-16 02:30:00,0.0000000000,36.0000000000,0.0000000000,22.5666700000
2023-02-16 02:45:00,0.0000000000,36.0000000000,0.0000000000,22.6833300000
2023-02-16 03:00:00,0.0000000000,36.0000000000,0.0000000000,22.7500000000
2023-02-16 03:15:00,0.0000000000,36.0000000000,0.0000000000,22.6000000000
2023-02-16 03:30:00,0.0000000000,34.0000000000,0.0000000000,22.4500000000
2023-02-16 03:45:00,0.0000000000,34.0000000000,0.0000000000,22.1666700000
2023-02-16 04:00:00,0.0000000000,34.0000000000,0.0000000000,22.0000000000
2023-02-16 04:15:00,0.0000000000,35.0000000000,0.0000000000,21.9333300000
2023-02-16 04:30:00,0.0000000000,35.0000000000,0.0000000000,21.6666700000
2023-02-16 04:45:00,0.0000000000,35.0000000000,0.0000000000,21.5166700000
2023-02-16 05:00:00,0.0000000000,35.0000000000,0.0000000000,21.5500000000
2023-02-16 05:15:00,0.0000000000,36.0000000000,0.0000000000,21.6000000000
2023-02-16 05:30:00,0.0000000000,35.0000000000,0.0000000000,21.6666700000
2023-02-16 05:45:00,0.0000000000,35.0000000000,0.0000000000,21.8166700000
2023-02-16 06:00:00,0.0000000000,34.0000000000,0.0000000000,21.9500000000
2023-02-16 06:15:00,0.0000000000,35.0000000000,0.0000000000,22.0000000000
2023-02-16 06:30:00,0.0000000000,35.0000000000,0.0000000000,22.0166700000
2023-02-16 06:45:00,1.2000000000,35.0000000000,1.5454290000,22.1000000000
2023-02-16 07:00:00,4.8000000000,35.0000000000,5.6021810000,22.2500000000
2023-02-16 07:15:00,10.4000000000,35.0000000000,12.0736600000,22.6000000000
2023-02-16 07:30:00,20.0000000000,35.0000000000,22.6019000000,23.1000000000
2023-02-16 07:45:00,29.2000000000,36.0000000000,33.4199100000,23.6333300000
2023-02-16 08:00:00,47.6000000000,36.0000000000,52.4480100000,24.3166700000
2023-02-16 08:15:00,52.4000000000,36.0000000000,61.3342200000,25.4166700000
2023-02-16 08:30:00,66.0000000000,36.0000000000,74.1806000000,26.2333300000
2023-02-16 08:45:00,76.0000000000,37.0000000000,87.9928800000,27.1333300000
2023-02-16 09:00:00,104.0000000000,36.0000000000,113.7822000000,28.2000000000
2023-02-16 09:15:00,120.0000000000,36.0000000000,133.6796000000,29.6666700000
2023-02-16 09:30:00,128.0000000000,37.0000000000,145.0771000000,30.7000000000
2023-02-16 09:45:00,164.0000000000,36.0000000000,184.2924000000,31.7000000000
2023-02-16 10:00:00,156.0000000000,37.0000000000,184.8720000000,32.6166600000
2023-02-16 10:15:00,188.0000000000,38.0000000000,210.0818000000,32.4500000000
2023-02-16 10:30:00,228.0000000000,37.0000000000,258.2799000000,32.7666700000
2023-02-16 10:45:00,260.0000000000,38.0000000000,305.6086000000,33.9666700000
2023-02-16 11:00:00,348.0000000000,38.0000000000,389.4482000000,35.3666600000
2023-02-16 11:15:00,488.0000000000,38.0000000000,575.2861000000,39.2000000000
2023-02-16 11:30:00,452.0000000000,39.0000000000,591.7063000000,42.0166700000
2023-02-16 11:45:00,348.0000000000,39.0000000000,431.3680000000,40.0000000000
2023-02-16 12:00:00,436.0000000000,39.0000000000,512.8893000000,38.3333300000
2023-02-16 12:15:00,428.0000000000,40.0000000000,541.9628000000,40.8166700000
2023-02-16 12:30:00,364.0000000000,39.0000000000,452.9074000000,39.6833300000
2023-02-16 12:45:00,484.0000000000,40.0000000000,557.2239000000,38.3666600000
2023-02-16 13:00:00,604.0000000000,40.0000000000,740.1641000000,42.3500000000
2023-02-16 13:15:00,608.0000000000,40.0000000000,821.7820000000,48.8333300000
2023-02-16 13:30:00,736.0000000000,40.0000000000,934.8881000000,48.8833400000
2023-02-16 13:45:00,700.0000000000,40.0000000000,986.4669000000,52.6333400000
2023-02-16 14:00:00,652.0000000000,40.0000000000,871.1392000000,50.5666700000
2023-02-16 14:15:00,624.0000000000,40.0000000000,824.3900000000,48.6166600000
2023-02-16 14:30:00,572.0000000000,40.0000000000,768.1750000000,47.9833300000
2023-02-16 14:45:00,456.0000000000,40.0000000000,627.1545000000,47.2333300000
2023-02-16 15:00:00,336.0000000000,40.0000000000,420.5500000000,41.9500000000
2023-02-16 15:15:00,460.0000000000,40.0000000000,529.5993000000,41.0000000000
2023-02-16 15:30:00,452.0000000000,40.0000000000,588.2290000000,44.5500000000
2023-02-16 15:45:00,416.0000000000,40.0000000000,540.6105000000,45.0000000000
2023-02-16 16:00:00,312.0000000000,41.0000000000,427.7941000000,43.4666700000
2023-02-16 16:15:00,180.0000000000,40.0000000000,262.0469000000,40.2833300000
2023-02-16 16:30:00,108.0000000000,40.0000000000,135.8046000000,35.7000000000
2023-02-16 16:45:00,136.0000000000,40.0000000000,168.4518000000,33.7333300000
2023-02-16 17:00:00,100.0000000000,40.0000000000,136.8671000000,33.7666700000
2023-02-16 17:15:00,72.0000000000,39.0000000000,94.0780100000,32.4333300000
2023-02-16 17:30:00,40.0000000000,40.0000000000,57.2774700000,30.8500000000
2023-02-16 17:45:00,12.0000000000,39.0000000000,24.9200500000,29.3500000000
2023-02-16 18:00:00,4.0000000000,40.0000000000,6.8578420000,28.0166700000
2023-02-16 18:15:00,0.0000000000,39.0000000000,0.3863573000,27.0666700000
2023-02-16 18:30:00,0.0000000000,38.0000000000,0.0000000000,26.3500000000
2023-02-16 18:45:00,0.0000000000,40.0000000000,0.0000000000,25.7166700000
2023-02-16 19:00:00,0.0000000000,39.0000000000,0.0000000000,25.3000000000
2023-02-16 19:15:00,0.0000000000,39.0000000000,0.0000000000,24.9500000000
2023-02-16 19:30:00,0.0000000000,39.0000000000,0.0000000000,24.8000000000
2023-02-16 19:45:00,0.0000000000,39.0000000000,0.0000000000,24.8333300000
2023-02-16 20:00:00,0.0000000000,39.0000000000,0.0000000000,24.8500000000
2023-02-16 20:15:00,0.0000000000,38.0000000000,0.0000000000,25.0333300000
2023-02-16 20:30:00,0.0000000000,38.0000000000,0.0000000000,24.9500000000
2023-02-16 20:45:00,0.0000000000,38.0000000000,0.0000000000,24.6500000000
2023-02-16 21:00:00,0.0000000000,38.0000000000,0.0000000000,24.3666700000
2023-02-16 21:15:00,0.0000000000,38.0000000000,0.0000000000,24.2666700000
2023-02-16 21:30:00,0.0000000000,38.0000000000,0.0000000000,24.2333300000
2023-02-16 21:45:00,0.0000000000,38.0000000000,0.0000000000,23.8166700000
2023-02-16 22:00:00,0.0000000000,38.0000000000,0.0000000000,23.5166700000
2023-02-16 22:15:00,0.0000000000,38.0000000000,0.0000000000,23.4166700000
2023-02-16 22:30:00,0.0000000000,37.0000000000,0.0000000000,23.4166700000
2023-02-16 22:45:00,0.0000000000,38.0000000000,0.0000000000,23.5666700000
2023-02-16 23:00:00,0.0000000000,38.0000000000,0.0000000000,23.4333300000
2023-02-16 23:15:00,0.0000000000,37.0000000000,0.0000000000,23.1666700000
2023-02-16 23:30:00,0.0000000000,37.0000000000,0.0000000000,23.2500000000
2023-02-16 23:45:00,0.0000000000,37.0000000000,0.0000000000,23.3833300000
2023-02-17 00:00:00,0.0000000000,37.0000000000,0.0000000000,23.1000000000
2023-02-17 00:15:00,0.0000000000,37.0000000000,0.0000000000,22.6666700000
2023-02-17 00:30:00,0.0000000000,37.0000000000,0.0000000000,22.2166700000
2023-02-17 00:45:00,0.0000000000,37.0000000000,0.0000000000,22.0500000000
2023-02-17 01:00:00,0.0000000000,37.0000000000,0.0000000000,21.9833300000
2023-02-17 01:15:00,0.0000000000,36.0000000000,0.0000000000,22.2833300000
2023-02-17 01:30:00,0.0000000000,36.0000000000,0.0000000000,23.2666700000
2023-02-17 01:45:00,0.0000000000,37.0000000000,0.0000000000,23.7500000000
2023-02-17 02:00:00,0.0000000000,36.0000000000,0.0000000000,23.7000000000
2023-02-17 02:15:00,0.0000000000,36.0000000000,0.0000000000,23.4000000000
2023-02-17 02:30:00,0.0000000000,37.0000000000,0.0000000000,23.1500000000
2023-02-17 02:45:00,0.0000000000,36.0000000000,0.0000000000,23.2333300000
2023-02-17 03:00:00,0.0000000000,37.0000000000,0.0000000000,23.2333300000
2023-02-17 03:15:00,0.0000000000,36.0000000000,0.0000000000,22.9500000000
2023-02-17 03:30:00,0.0000000000,36.0000000000,0.0000000000,22.6666700000
2023-02-17 03:45:00,0.0000000000,36.0000000000,0.0000000000,22.6666700000
2023-02-17 04:00:00,0.0000000000,36.0000000000,0.0000000000,23.1000000000
2023-02-17 04:15:00,0.0000000000,37.0000000000,0.0000000000,23.5333300000
2023-02-17 04:30:00,0.0000000000,36.0000000000,0.0000000000,23.6500000000
2023-02-17 04:45:00,0.0000000000,36.0000000000,0.0000000000,23.5500000000
2023-02-17 05:00:00,0.0000000000,36.0000000000,0.0000000000,23.1833300000
2023-02-17 05:15:00,0.0000000000,36.0000000000,0.0000000000,22.9500000000
2023-02-17 05:30:00,0.0000000000,36.0000000000,0.0000000000,22.6500000000
2023-02-17 05:45:00,0.0000000000,36.0000000000,0.0000000000,22.4833300000
2023-02-17 06:00:00,0.0000000000,36.0000000000,0.0000000000,22.2666700000
2023-02-17 06:15:00,0.0000000000,36.0000000000,0.0000000000,22.2666700000
2023-02-17 06:30:00,1.6000000000,36.0000000000,1.4488400000,22.0500000000
2023-02-17 06:45:00,6.4000000000,36.0000000000,6.8578430000,22.2500000000
2023-02-17 07:00:00,13.2000000000,36.0000000000,15.2611100000,22.7833300000
2023-02-17 07:15:00,21.6000000000,36.0000000000,24.8234600000,23.6833300000
2023-02-17 07:30:00,31.2000000000,36.0000000000,35.5448800000,24.3000000000
2023-02-17 07:45:00,44.0000000000,36.0000000000,49.2605600000,24.8333300000
2023-02-17 08:00:00,62.0000000000,36.0000000000,69.0613700000,25.2500000000
2023-02-17 08:15:00,88.0000000000,36.0000000000,96.7825000000,25.8166700000
2023-02-17 08:30:00,116.0000000000,36.0000000000,132.7137000000,26.8500000000
2023-02-17 08:45:00,160.8000000000,36.0000000000,177.5312000000,28.1333300000
2023-02-17 09:00:00,204.0000000000,37.0000000000,241.4733000000,29.9666700000
2023-02-17 09:15:00,224.0000000000,37.0000000000,264.6547000000,31.8000000000
2023-02-17 09:30:00,232.0000000000,38.0000000000,283.4897000000,32.9500000000
2023-02-17 09:45:00,264.0000000000,38.0000000000,310.4381000000,34.2666700000
2023-02-17 10:00:00,368.0000000000,38.0000000000,429.0498000000,35.3333300000
2023-02-17 10:15:00,412.0000000000,38.0000000000,524.8665000000,39.3000000000
2023-02-17 10:30:00,440.0000000000,40.0000000000,522.5483000000,41.3000000000
2023-02-17 10:45:00,580.0000000000,40.0000000000,714.5679000000,44.0500000000
2023-02-17 11:00:00,384.0000000000,41.0000000000,562.0533000000,45.4166700000
2023-02-17 11:15:00,344.0000000000,41.0000000000,395.2435000000,39.5666700000
2023-02-17 11:30:00,636.0000000000,40.0000000000,750.8855000000,41.3666600000
2023-02-17 11:45:00,452.0000000000,40.0000000000,623.3876000000,44.6500000000
2023-02-17 12:00:00,616.0000000000,40.0000000000,780.3452000000,45.2500000000
2023-02-17 12:15:00,548.0000000000,41.0000000000,720.3633000000,47.5166700000
2023-02-17 12:30:00,508.0000000000,41.0000000000,672.7447000000,45.8666600000
2023-02-17 12:45:00,472.0000000000,41.0000000000,596.7289000000,44.3500000000
2023-02-17 13:00:00,544.0000000000,40.0000000000,733.5960000000,46.7833300000
2023-02-17 13:15:00,380.0000000000,42.0000000000,500.3328000000,46.7666700000
2023-02-17 13:30:00,384.0000000000,42.0000000000,480.6285000000,42.8666600000
2023-02-17 13:45:00,372.0000000000,42.0000000000,464.4981000000,41.3833400000
2023-02-17 14:00:00,372.0000000000,41.0000000000,466.3333000000,41.4166700000
2023-02-17 14:15:00,356.0000000000,42.0000000000,447.5950000000,41.6500000000
2023-02-17 14:30:00,528.0000000000,42.0000000000,675.1594000000,43.1166600000
2023-02-17 14:45:00,452.0000000000,42.0000000000,565.3373000000,45.5666700000
2023-02-17 15:00:00,420.0000000000,41.0000000000,595.0869000000,45.6833300000
2023-02-17 15:15:00,220.0000000000,41.0000000000,294.1145000000,41.1666700000
2023-02-17 15:30:00,232.0000000000,42.0000000000,272.4785000000,36.1500000000
2023-02-17 15:45:00,236.0000000000,41.0000000000,296.1429000000,35.5000000000
2023-02-17 16:00:00,224.0000000000,40.0000000000,280.0125000000,35.0833300000
2023-02-17 16:15:00,184.0000000000,40.0000000000,248.2346000000,34.6666700000
2023-02-17 16:30:00,136.0000000000,40.0000000000,174.2471000000,33.1666700000
2023-02-17 16:45:00,96.0000000000,40.0000000000,125.9525000000,31.1666700000
2023-02-17 17:00:00,76.0000000000,39.0000000000,100.0666000000,29.8666700000
2023-02-17 17:15:00,56.0000000000,40.0000000000,73.4079000000,29.0000000000
2023-02-17 17:30:00,28.0000000000,40.0000000000,43.6583800000,28.1500000000
2023-02-17 17:45:00,12.0000000000,39.0000000000,20.1871700000,27.2333300000
2023-02-17 18:00:00,4.0000000000,39.0000000000,5.7953600000,26.2500000000
2023-02-17 18:15:00,0.0000000000,38.0000000000,0.1931787000,25.4666700000
2023-02-17 18:30:00,0.0000000000,38.0000000000,0.0000000000,24.8833300000
2023-02-17 18:45:00,0.0000000000,38.0000000000,0.0000000000,24.1833300000
2023-02-17 19:00:00,0.0000000000,38.0000000000,0.0000000000,23.7500000000
2023-02-17 19:15:00,0.0000000000,37.0000000000,0.0000000000,23.8666700000
2023-02-17 19:30:00,0.0000000000,38.0000000000,0.0000000000,24.2333300000
2023-02-17 19:45:00,0.0000000000,37.0000000000,0.0000000000,24.2833300000
2023-02-17 20:00:00,0.0000000000,37.0000000000,0.0000000000,24.2000000000
2023-02-17 20:15:00,0.0000000000,37.0000000000,0.0000000000,24.2000000000
2023-02-17 20:30:00,0.0000000000,38.0000000000,0.0000000000,24.2000000000
2023-02-17 20:45:00,0.0000000000,38.0000000000,0.0000000000,24.1333300000
2023-02-17 21:00:00,0.0000000000,37.0000000000,0.0000000000,23.8666700000
2023-02-17 21:15:00,0.0000000000,37.0000000000,0.0000000000,23.8666700000
2023-02-17 21:30:00,0.0000000000,36.0000000000,0.0000000000,23.7166700000
2023-02-17 21:45:00,0.0000000000,37.0000000000,0.0000000000,23.6166700000
2023-02-17 22:00:00,0.0000000000,36.0000000000,0.0000000000,23.6666700000
2023-02-17 22:15:00,0.0000000000,36.0000000000,0.0000000000,23.7833300000
2023-02-17 22:30:00,0.0000000000,36.0000000000,0.0000000000,23.7000000000
2023-02-17 22:45:00,0.0000000000,37.0000000000,0.0000000000,23.7000000000
2023-02-17 23:00:00,0.0000000000,37.0000000000,0.0000000000,23.6833300000
2023-02-17 23:15:00,0.0000000000,37.0000000000,0.0000000000,23.4666700000
2023-02-17 23:30:00,0.0000000000,36.0000000000,0.0000000000,22.6666700000
2023-02-17 23:45:00,0.0000000000,36.0000000000,0.0000000000,21.5166700000
2023-02-18 00:00:00,0.0000000000,36.0000000000,0.0000000000,20.8833300000
2023-02-18 00:15:00,0.0000000000,36.0000000000,0.0000000000,20.3833300000
2023-02-18 00:30:00,0.0000000000,36.0000000000,0.0000000000,20.2833300000
2023-02-18 00:45:00,0.0000000000,35.0000000000,0.0000000000,20.0833300000
2023-02-18 01:00:00,0.0000000000,35.0000000000,0.0000000000,20.3166700000
2023-02-18 01:15:00,0.0000000000,35.0000000000,0.0000000000,20.8833300000
2023-02-18 01:30:00,0.0000000000,36.0000000000,0.0000000000,21.2500000000
2023-02-18 01:45:00,0.0000000000,36.0000000000,0.0000000000,21.5000000000
2023-02-18 02:00:00,0.0000000000,35.0000000000,0.0000000000,21.6666700000
2023-02-18 02:15:00,0.0000000000,35.0000000000,0.0000000000,21.6333300000
2023-02-18 02:30:00,0.0000000000,35.0000000000,0.0000000000,21.6500000000
2023-02-18 02:45:00,0.0000000000,36.0000000000,0.0000000000,21.5333300000
2023-02-18 03:00:00,0.0000000000,36.0000000000,0.0000000000,21.1166700000
2023-02-18 03:15:00,0.0000000000,35.0000000000,0.0000000000,21.1333300000
2023-02-18 03:30:00,0.0000000000,35.0000000000,0.0000000000,21.6166700000
2023-02-18 03:45:00,0.0000000000,36.0000000000,0.0000000000,21.3833300000
2023-02-18 04:00:00,0.0000000000,36.0000000000,0.0000000000,20.8666700000
2023-02-18 04:15:00,0.0000000000,35.0000000000,0.0000000000,21.0000000000
2023-02-18 04:30:00,0.0000000000,35.0000000000,0.0000000000,21.3833300000
2023-02-18 04:45:00,0.0000000000,35.0000000000,0.0000000000,21.3833300000
2023-02-18 05:00:00,0.0000000000,36.0000000000,0.0000000000,21.0000000000
2023-02-18 05:15:00,0.0000000000,34.0000000000,0.0000000000,20.8000000000
2023-02-18 05:30:00,0.0000000000,34.0000000000,0.0000000000,20.9500000000
2023-02-18 05:45:00,0.0000000000,35.0000000000,0.0000000000,21.3333300000
2023-02-18 06:00:00,0.0000000000,35.0000000000,0.0000000000,21.6333300000
2023-02-18 06:15:00,0.0000000000,34.0000000000,0.0000000000,21.8333300000
2023-02-18 06:30:00,0.0000000000,35.0000000000,1.3522510000,21.9666700000
2023-02-18 06:45:00,12.0000000000,35.0000000000,11.5907200000,22.2666700000
2023-02-18 07:00:00,20.0000000000,35.0000000000,25.2098100000,22.8500000000
2023-02-18 07:15:00,20.0000000000,36.0000000000,25.2098200000,23.3500000000
2023-02-18 07:30:00,32.0000000000,35.0000000000,37.4766600000,23.7166700000
2023-02-18 07:45:00,68.0000000000,35.0000000000,70.8965700000,24.4666700000
2023-02-18 08:00:00,100.0000000000,35.0000000000,115.6174000000,26.2833300000
2023-02-18 08:15:00,96.0000000000,36.0000000000,115.6174000000,27.6333300000
2023-02-18 08:30:00,128.0000000000,36.0000000000,145.3669000000,28.5666700000
2023-02-18 08:45:00,164.0000000000,36.0000000000,187.7697000000,30.0000000000
2023-02-18 09:00:00,200.0000000000,36.0000000000,234.3257000000,31.6333300000
2023-02-18 09:15:00,324.0000000000,38.0000000000,368.5849000000,34.6333400000
2023-02-18 09:30:00,408.0000000000,39.0000000000,485.4580000000,37.8166700000
2023-02-18 09:45:00,488.0000000000,41.0000000000,605.3254000000,41.7000000000
2023-02-18 10:00:00,516.0000000000,43.0000000000,656.2279000000,42.4166700000
2023-02-18 10:15:00,552.0000000000,43.0000000000,740.4539000000,44.9500000000
2023-02-18 10:30:00,636.0000000000,43.0000000000,795.3166000000,44.5166700000
2023-02-18 10:45:00,692.0000000000,44.0000000000,891.2298000000,47.8500000000
2023-02-18 11:00:00,652.0000000000,44.0000000000,905.6216000000,51.3166700000
2023-02-18 11:15:00,548.0000000000,44.0000000000,719.0110000000,49.7166700000
2023-02-18 11:30:00,676.0000000000,44.0000000000,867.7586000000,48.8166700000
2023-02-18 11:45:00,696.0000000000,43.0000000000,927.8372000000,52.5166700000
2023-02-18 12:00:00,372.0000000000,43.0000000000,570.6498000000,52.0833300000
2023-02-18 12:15:00,516.0000000000,43.0000000000,622.0353000000,46.3500000000
2023-02-18 12:30:00,680.0000000000,44.0000000000,865.1506000000,49.9000000000
2023-02-18 12:45:00,660.0000000000,44.0000000000,878.5766000000,54.2166700000
2023-02-18 13:00:00,652.0000000000,43.0000000000,871.9119000000,54.4000000000
2023-02-18 13:15:00,616.0000000000,44.0000000000,829.5092000000,55.5333300000
2023-02-18 13:30:00,612.0000000000,43.0000000000,807.1970000000,55.9000000000
2023-02-18 13:45:00,600.0000000000,43.0000000000,797.4415000000,55.1500000000
2023-02-18 14:00:00,592.0000000000,43.0000000000,793.2882000000,54.9333300000
2023-02-18 14:15:00,564.0000000000,43.0000000000,762.9592000000,56.2166700000
2023-02-18 14:30:00,540.0000000000,44.0000000000,722.7780000000,54.8166700000
2023-02-18 14:45:00,512.0000000000,43.0000000000,677.1878000000,52.9833300000
2023-02-18 15:00:00,476.0000000000,42.0000000000,632.5635000000,52.3500000000
2023-02-18 15:15:00,456.0000000000,43.0000000000,596.5358000000,52.4333300000
2023-02-18 15:30:00,376.0000000000,43.0000000000,510.6678000000,51.8833400000
2023-02-18 15:45:00,276.0000000000,43.0000000000,410.7945000000,49.1833300000
2023-02-18 16:00:00,220.0000000000,43.0000000000,271.8024000000,43.4000000000
2023-02-18 16:15:00,208.0000000000,42.0000000000,287.5464000000,40.9000000000
2023-02-18 16:30:00,224.0000000000,42.0000000000,258.9560000000,39.2666700000
2023-02-18 16:45:00,192.0000000000,42.0000000000,280.4954000000,40.6333400000
2023-02-18 17:00:00,116.0000000000,42.0000000000,173.8608000000,39.3500000000
2023-02-18 17:15:00,84.0000000000,42.0000000000,120.3503000000,36.3166700000
2023-02-18 17:30:00,48.0000000000,42.0000000000,77.6578200000,33.9833300000
2023-02-18 17:45:00,24.0000000000,41.0000000000,41.4368200000,31.7166700000
2023-02-18 18:00:00,12.0000000000,42.0000000000,15.2611200000,29.7833300000
2023-02-18 18:15:00,0.0000000000,40.0000000000,1.3522510000,28.5666700000
2023-02-18 18:30:00,0.0000000000,40.0000000000,0.0000000000,27.7833300000
2023-02-18 18:45:00,0.0000000000,41.0000000000,0.0000000000,27.0333300000
2023-02-18 19:00:00,0.0000000000,40.0000000000,0.0000000000,26.2166700000
2023-02-18 19:15:00,0.0000000000,40.0000000000,0.0000000000,25.1333300000
2023-02-18 19:30:00,0.0000000000,40.0000000000,0.0000000000,24.6166700000
2023-02-18 19:45:00,0.0000000000,40.0000000000,0.0000000000,24.4000000000
2023-02-18 20:00:00,0.0000000000,39.0000000000,0.0000000000,24.7666700000
2023-02-18 20:15:00,0.0000000000,39.0000000000,0.0000000000,24.6500000000
2023-02-18 20:30:00,0.0000000000,39.0000000000,0.0000000000,24.2000000000
2023-02-18 20:45:00,0.0000000000,39.0000000000,0.0000000000,23.5333300000
2023-02-18 21:00:00,0.0000000000,39.0000000000,0.0000000000,23.2666700000
2023-02-18 21:15:00,0.0000000000,39.0000000000,0.0000000000,24.1166700000
2023-02-18 21:30:00,0.0000000000,39.0000000000,0.0000000000,24.3166700000
2023-02-18 21:45:00,0.0000000000,38.0000000000,0.0000000000,23.8000000000
2023-02-18 22:00:00,0.0000000000,38.0000000000,0.0000000000,23.2166700000
2023-02-18 22:15:00,0.0000000000,38.0000000000,0.0000000000,22.8833300000
2023-02-18 22:30:00,0.0000000000,38.0000000000,0.0000000000,23.0500000000
2023-02-18 22:45:00,0.0000000000,38.0000000000,0.0000000000,23.4000000000
2023-02-18 23:00:00,0.0000000000,37.0000000000,0.0000000000,22.9166700000
2023-02-18 23:15:00,0.0000000000,37.0000000000,0.0000000000,22.4333300000
2023-02-18 23:30:00,0.0000000000,37.0000000000,0.0000000000,22.5833300000
2023-02-18 23:45:00,0.0000000000,37.0000000000,0.0000000000,22.4500000000
2023-02-19 00:00:00,0.0000000000,37.0000000000,0.0000000000,22.2166700000
2023-02-19 00:15:00,0.0000000000,37.0000000000,0.0000000000,21.8500000000
2023-02-19 00:30:00,0.0000000000,37.0000000000,0.0000000000,21.9166700000
2023-02-19 00:45:00,0.0000000000,37.0000000000,0.0000000000,22.0500000000
2023-02-19 01:00:00,0.0000000000,36.0000000000,0.0000000000,21.4000000000
2023-02-19 01:15:00,0.0000000000,37.0000000000,0.0000000000,20.8833300000
2023-02-19 01:30:00,0.0000000000,36.0000000000,0.0000000000,20.5833300000
2023-02-19 01:45:00,0.0000000000,36.0000000000,0.0000000000,20.2000000000
2023-02-19 02:00:00,0.0000000000,36.0000000000,0.0000000000,20.0333300000
2023-02-19 02:15:00,0.0000000000,36.0000000000,0.0000000000,19.6833300000
2023-02-19 02:30:00,0.0000000000,35.0000000000,0.0000000000,19.3500000000
2023-02-19 02:45:00,0.0000000000,36.0000000000,0.0000000000,19.2166700000
2023-02-19 03:00:00,0.0000000000,35.0000000000,0.0000000000,19.2000000000
2023-02-19 03:15:00,0.0000000000,36.0000000000,0.0000000000,19.3500000000
2023-02-19 03:30:00,0.0000000000,35.0000000000,0.0000000000,19.5500000000
2023-02-19 03:45:00,0.0000000000,36.0000000000,0.0000000000,19.5833300000
2023-02-19 04:00:00,0.0000000000,36.0000000000,0.0000000000,19.3500000000
2023-02-19 04:15:00,0.0000000000,36.0000000000,0.0000000000,19.3666700000
2023-02-19 04:30:00,0.0000000000,36.0000000000,0.0000000000,19.9166700000
2023-02-19 04:45:00,0.0000000000,36.0000000000,0.0000000000,20.4500000000
2023-02-19 05:00:00,0.0000000000,35.0000000000,0.0000000000,20.6000000000
2023-02-19 05:15:00,0.0000000000,36.0000000000,0.0000000000,20.5000000000
2023-02-19 05:30:00,0.0000000000,35.0000000000,0.0000000000,20.4000000000
2023-02-19 05:45:00,0.0000000000,35.0000000000,0.0000000000,20.3500000000
2023-02-19 06:00:00,0.0000000000,35.0000000000,0.0000000000,20.1500000000
2023-02-19 06:15:00,0.0000000000,36.0000000000,0.0000000000,20.0166700000
2023-02-19 06:30:00,4.0000000000,35.0000000000,3.4772160000,20.2500000000
2023-02-19 06:45:00,16.0000000000,35.0000000000,20.6701200000,20.6000000000
2023-02-19 07:00:00,36.0000000000,35.0000000000,44.0447300000,21.2500000000
2023-02-19 07:15:00,60.0000000000,35.0000000000,82.8736500000,22.4500000000
2023-02-19 07:30:00,96.0000000000,35.0000000000,122.5719000000,24.4666700000
2023-02-19 07:45:00,140.0000000000,35.0000000000,177.0482000000,26.8666700000
2023-02-19 08:00:00,184.0000000000,38.0000000000,238.0927000000,29.6666700000
2023-02-19 08:15:00,232.0000000000,39.0000000000,293.8247000000,32.3333300000
2023-02-19 08:30:00,272.0000000000,40.0000000000,345.1137000000,34.5000000000
2023-02-19 08:45:00,304.0000000000,42.0000000000,384.5222000000,35.5666700000
2023-02-19 09:00:00,348.0000000000,44.0000000000,434.9418000000,37.3333300000
2023-02-19 09:15:00,380.0000000000,44.0000000000,488.5489000000,41.0000000000
2023-02-19 09:30:00,392.0000000000,45.0000000000,497.1453000000,43.9000000000
2023-02-19 09:45:00,452.0000000000,46.0000000000,576.9281000000,45.9666700000
2023-02-19 10:00:00,488.0000000000,46.0000000000,631.0181000000,48.4333300000
2023-02-19 10:15:00,520.0000000000,46.0000000000,682.2105000000,51.0833300000
2023-02-19 10:30:00,548.0000000000,47.0000000000,722.1984000000,53.2166700000
2023-02-19 10:45:00,560.0000000000,46.0000000000,750.5957000000,55.1500000000
2023-02-19 11:00:00,580.0000000000,46.0000000000,783.8224000000,56.8166700000
2023-02-19 11:15:00,584.0000000000,46.0000000000,798.6006000000,58.4500000000
2023-02-19 11:30:00,612.0000000000,46.0000000000,839.4579000000,60.1000000000
2023-02-19 11:45:00,612.0000000000,45.0000000000,847.8611000000,60.0333300000
2023-02-19 12:00:00,624.0000000000,45.0000000000,848.3441000000,59.8000000000
2023-02-19 12:15:00,608.0000000000,46.0000000000,837.6227000000,59.1833300000
2023-02-19 12:30:00,584.0000000000,46.0000000000,792.3223000000,58.8666600000
2023-02-19 12:45:00,604.0000000000,46.0000000000,821.2991000000,60.1166600000
2023-02-19 13:00:00,584.0000000000,46.0000000000,809.9981000000,61.1500000000
2023-02-19 13:15:00,568.0000000000,45.0000000000,763.6353000000,59.6166600000
2023-02-19 13:30:00,572.0000000000,45.0000000000,787.8792000000,60.5333300000
2023-02-19 13:45:00,560.0000000000,45.0000000000,764.0216000000,60.6333400000
2023-02-19 14:00:00,548.0000000000,45.0000000000,744.1242000000,60.6500000000
2023-02-19 14:15:00,500.0000000000,46.0000000000,693.4148000000,58.2833300000
2023-02-19 14:30:00,492.0000000000,45.0000000000,670.2333000000,57.0666700000
2023-02-19 14:45:00,460.0000000000,45.0000000000,627.5409000000,57.1666700000
2023-02-19 15:00:00,420.0000000000,45.0000000000,568.0419000000,54.9666700000
2023-02-19 15:15:00,360.0000000000,45.0000000000,492.9919000000,51.9833300000
2023-02-19 15:30:00,316.0000000000,44.0000000000,427.6976000000,49.6833300000
2023-02-19 15:45:00,300.0000000000,44.0000000000,396.2094000000,47.6166600000
2023-02-19 16:00:00,292.0000000000,45.0000000000,386.6471000000,46.8833400000
2023-02-19 16:15:00,244.0000000000,44.0000000000,335.7445000000,45.7166700000
2023-02-19 16:30:00,204.0000000000,44.0000000000,282.6204000000,42.8666600000
2023-02-19 16:45:00,156.0000000000,45.0000000000,224.3770000000,40.7666700000
2023-02-19 17:00:00,96.0000000000,44.0000000000,144.0147000000,38.3000000000
2023-02-19 17:15:00,56.0000000000,44.0000000000,87.1235700000,35.5333300000
2023-02-19 17:30:00,28.0000000000,44.0000000000,43.4652000000,33.3000000000
2023-02-19 17:45:00,16.0000000000,44.0000000000,28.7836200000,31.8833300000
2023-02-19 18:00:00,8.0000000000,43.0000000000,11.3009500000,30.7500000000
2023-02-19 18:15:00,0.0000000000,43.0000000000,0.5795360000,29.7500000000
2023-02-19 18:30:00,0.0000000000,42.0000000000,0.0000000000,28.5000000000
2023-02-19 18:45:00,0.0000000000,42.0000000000,0.0000000000,27.0833300000
2023-02-19 19:00:00,0.0000000000,42.0000000000,0.0000000000,26.7333300000
2023-02-19 19:15:00,0.0000000000,41.0000000000,0.0000000000,26.7333300000
2023-02-19 19:30:00,0.0000000000,41.0000000000,0.0000000000,26.6666700000
2023-02-19 19:45:00,0.0000000000,41.0000000000,0.0000000000,26.4833300000
2023-02-19 20:00:00,0.0000000000,40.0000000000,0.0000000000,26.4666700000
2023-02-19 20:15:00,0.0000000000,40.0000000000,0.0000000000,26.0166700000
2023-02-19 20:30:00,0.0000000000,40.0000000000,0.0000000000,25.2833300000
2023-02-19 20:45:00,0.0000000000,40.0000000000,0.0000000000,24.6166700000
2023-02-19 21:00:00,0.0000000000,41.0000000000,0.0000000000,24.3166700000
2023-02-19 21:15:00,0.0000000000,40.0000000000,0.0000000000,24.2500000000
2023-02-19 21:30:00,0.0000000000,40.0000000000,0.0000000000,24.1000000000
2023-02-19 21:45:00,0.0000000000,39.0000000000,0.0000000000,23.9500000000
2023-02-19 22:00:00,0.0000000000,40.0000000000,0.0000000000,23.8333300000
2023-02-19 22:15:00,0.0000000000,39.0000000000,0.0000000000,23.6000000000
2023-02-19 22:30:00,0.0000000000,39.0000000000,0.0000000000,23.4333300000
2023-02-19 22:45:00,0.0000000000,39.0000000000,0.0000000000,23.1666700000
2023-02-19 23:00:00,0.0000000000,39.0000000000,0.0000000000,23.2000000000
2023-02-19 23:15:00,0.0000000000,39.0000000000,0.0000000000,23.6666700000
2023-02-19 23:30:00,0.0000000000,38.0000000000,0.0000000000,24.8333300000
2023-02-19 23:45:00,0.0000000000,39.0000000000,0.0000000000,25.1500000000
2023-02-20 00:00:00,0.0000000000,39.0000000000,0.0000000000,25.2500000000
2023-02-20 00:15:00,0.0000000000,39.0000000000,0.0000000000,25.2833300000
2023-02-20 00:30:00,0.0000000000,38.0000000000,0.0000000000,25.1333300000
2023-02-20 00:45:00,0.0000000000,38.0000000000,0.0000000000,24.8666700000
2023-02-20 01:00:00,0.0000000000,38.0000000000,0.0000000000,24.6666700000
2023-02-20 01:15:00,0.0000000000,38.0000000000,0.0000000000,24.7000000000
2023-02-20 01:30:00,0.0000000000,38.0000000000,0.0000000000,25.0333300000
2023-02-20 01:45:00,0.0000000000,38.0000000000,0.0000000000,25.6666700000
2023-02-20 02:00:00,0.0000000000,38.0000000000,0.0000000000,25.6666700000
2023-02-20 02:15:00,0.0000000000,38.0000000000,0.0000000000,25.6666700000
2023-02-20 02:30:00,0.0000000000,38.0000000000,0.0000000000,25.7833300000
2023-02-20 02:45:00,0.0000000000,38.0000000000,0.0000000000,25.5333300000
2023-02-20 03:00:00,0.0000000000,38.0000000000,0.0000000000,25.1333300000
2023-02-20 03:15:00,0.0000000000,37.0000000000,0.0000000000,24.6000000000
2023-02-20 03:30:00,0.0000000000,37.0000000000,0.0000000000,24.0666700000
2023-02-20 03:45:00,0.0000000000,37.0000000000,0.0000000000,23.7500000000
2023-02-20 04:00:00,0.0000000000,37.0000000000,0.0000000000,23.5000000000
2023-02-20 04:15:00,0.0000000000,36.0000000000,0.0000000000,23.3500000000
2023-02-20 04:30:00,0.0000000000,37.0000000000,0.0000000000,23.1666700000
2023-02-20 04:45:00,0.0000000000,36.0000000000,0.0000000000,23.1000000000
2023-02-20 05:00:00,0.0000000000,37.0000000000,0.0000000000,22.9666700000
2023-02-20 05:15:00,0.0000000000,36.0000000000,0.0000000000,22.8166700000
2023-02-20 05:30:00,0.0000000000,36.0000000000,0.0000000000,22.7166700000
2023-02-20 05:45:00,0.0000000000,36.0000000000,0.0000000000,22.6833300000
2023-02-20 06:00:00,0.0000000000,35.0000000000,0.0000000000,22.6000000000
2023-02-20 06:15:00,0.4000000000,36.0000000000,0.0965893300,22.4166700000
2023-02-20 06:30:00,3.2000000000,36.0000000000,2.4147330000,22.4500000000
2023-02-20 06:45:00,17.2000000000,36.0000000000,19.6076300000,22.8333300000
2023-02-20 07:00:00,41.6000000000,36.0000000000,54.5729800000,23.3166700000
2023-02-20 07:15:00,72.0000000000,36.0000000000,96.5893200000,24.2333300000
2023-02-20 07:30:00,108.8000000000,36.0000000000,147.4919000000,25.6333300000
2023-02-20 07:45:00,154.8000000000,37.0000000000,202.7410000000,27.0500000000
2023-02-20 08:00:00,206.0000000000,38.0000000000,265.9104000000,28.6833300000
2023-02-20 08:15:00,252.8000000000,40.0000000000,324.7333000000,30.3500000000
2023-02-20 08:30:00,297.6000000000,40.0000000000,375.2496000000,31.7000000000
2023-02-20 08:45:00,348.0000000000,42.0000000000,439.9644000000,33.4000000000
2023-02-20 09:00:00,380.0000000000,43.0000000000,482.5603000000,35.0666700000
2023-02-20 09:15:00,416.0000000000,44.0000000000,518.4916000000,36.5166700000
2023-02-20 09:30:00,436.0000000000,44.0000000000,557.1273000000,37.4500000000
2023-02-20 09:45:00,492.0000000000,44.0000000000,611.7969000000,38.4000000000
2023-02-20 10:00:00,524.0000000000,44.0000000000,669.5573000000,40.5666700000
2023-02-20 10:15:00,584.0000000000,44.0000000000,751.6582000000,43.6166600000
2023-02-20 10:30:00,576.0000000000,43.0000000000,769.4307000000,46.0833300000
2023-02-20 10:45:00,600.0000000000,44.0000000000,774.4532000000,47.8166700000
2023-02-20 11:00:00,596.0000000000,43.0000000000,790.2939000000,48.7333300000
2023-02-20 11:15:00,624.0000000000,43.0000000000,829.5092000000,50.2833300000
2023-02-20 11:30:00,632.0000000000,43.0000000000,844.4806000000,51.2500000000
2023-02-20 11:45:00,628.0000000000,42.0000000000,840.2306000000,51.1500000000
2023-02-20 12:00:00,664.0000000000,42.0000000000,881.7640000000,52.2833300000
2023-02-20 12:15:00,668.0000000000,42.0000000000,901.7580000000,53.9666700000
2023-02-20 12:30:00,640.0000000000,43.0000000000,883.9856000000,55.4833300000
2023-02-20 12:45:00,640.0000000000,43.0000000000,857.4235000000,54.3166700000
2023-02-20 13:00:00,656.0000000000,43.0000000000,884.2754000000,54.7833300000
2023-02-20 13:15:00,640.0000000000,42.0000000000,876.7414000000,57.6500000000
2023-02-20 13:30:00,616.0000000000,43.0000000000,853.3668000000,58.4833300000
2023-02-20 13:45:00,588.0000000000,43.0000000000,800.5324000000,56.3666600000
2023-02-20 14:00:00,552.0000000000,42.0000000000,755.2320000000,56.5333300000
2023-02-20 14:15:00,560.0000000000,43.0000000000,754.5558000000,55.4666700000
2023-02-20 14:30:00,528.0000000000,42.0000000000,717.3690000000,55.1000000000
2023-02-20 14:45:00,500.0000000000,42.0000000000,676.3185000000,54.4166700000
2023-02-20 15:00:00,464.0000000000,43.0000000000,630.1488000000,52.6500000000
2023-02-20 15:15:00,404.0000000000,43.0000000000,545.5366000000,52.5166700000
2023-02-20 15:30:00,392.0000000000,43.0000000000,517.8154000000,51.6666700000
2023-02-20 15:45:00,352.0000000000,43.0000000000,470.3900000000,50.0833300000
2023-02-20 16:00:00,308.0000000000,43.0000000000,412.8228000000,48.5000000000
2023-02-20 16:15:00,260.0000000000,42.0000000000,353.3238000000,46.3500000000
2023-02-20 16:30:00,216.0000000000,42.0000000000,297.6883000000,44.6166600000
2023-02-20 16:45:00,164.0000000000,42.0000000000,233.2632000000,42.5833300000
2023-02-20 17:00:00,112.0000000000,42.0000000000,160.8213000000,40.3000000000
2023-02-20 17:15:00,64.0000000000,42.0000000000,99.1006500000,36.9500000000
2023-02-20 17:30:00,44.0000000000,41.0000000000,70.3170300000,33.3000000000
2023-02-20 17:45:00,28.0000000000,42.0000000000,39.8913900000,30.9500000000
2023-02-20 18:00:00,8.0000000000,42.0000000000,13.5225100000,29.0166700000
2023-02-20 18:15:00,0.0000000000,41.0000000000,0.7727147000,27.3166700000
2023-02-20 18:30:00,0.0000000000,42.0000000000,0.0000000000,25.8166700000
2023-02-20 18:45:00,0.0000000000,41.0000000000,0.0000000000,24.7000000000
2023-02-20 19:00:00,0.0000000000,40.0000000000,0.0000000000,23.9000000000
2023-02-20 19:15:00,0.0000000000,40.0000000000,0.0000000000,23.5833300000
2023-02-20 19:30:00,0.0000000000,40.0000000000,0.0000000000,23.4500000000
2023-02-20 19:45:00,0.0000000000,40.0000000000,0.0000000000,23.8666700000
2023-02-20 20:00:00,0.0000000000,39.0000000000,0.0000000000,24.0166700000
2023-02-20 20:15:00,0.0000000000,39.0000000000,0.0000000000,24.1666700000
2023-02-20 20:30:00,0.0000000000,39.0000000000,0.0000000000,23.8000000000
2023-02-20 20:45:00,0.0000000000,40.0000000000,0.0000000000,23.3000000000
2023-02-20 21:00:00,0.0000000000,39.0000000000,0.0000000000,23.2666700000
2023-02-20 21:15:00,0.0000000000,39.0000000000,0.0000000000,22.7666700000
2023-02-20 21:30:00,0.0000000000,38.0000000000,0.0000000000,22.2166700000
2023-02-20 21:45:00,0.0000000000,38.0000000000,0.0000000000,21.9833300000
2023-02-20 22:00:00,0.0000000000,38.0000000000,0.0000000000,21.7666700000
2023-02-20 22:15:00,0.0000000000,38.0000000000,0.0000000000,21.7000000000
2023-02-20 22:30:00,0.0000000000,38.0000000000,0.0000000000,21.5333300000
2023-02-20 22:45:00,0.0000000000,38.0000000000,0.0000000000,21.3833300000
2023-02-20 23:00:00,0.0000000000,38.0000000000,0.0000000000,21.8166700000
2023-02-20 23:15:00,0.0000000000,38.0000000000,0.0000000000,22.1833300000
2023-02-20 23:30:00,0.0000000000,38.0000000000,0.0000000000,22.4333300000
2023-02-20 23:45:00,0.0000000000,38.0000000000,0.0000000000,22.7333300000
2023-02-21 00:00:00,0.0000000000,37.0000000000,0.0000000000,22.7333300000
2023-02-21 00:15:00,0.0000000000,37.0000000000,0.0000000000,22.5000000000
2023-02-21 00:30:00,0.0000000000,37.0000000000,0.0000000000,22.1166700000
2023-02-21 00:45:00,0.0000000000,37.0000000000,0.0000000000,21.6166700000
2023-02-21 01:00:00,0.0000000000,36.0000000000,0.0000000000,21.1833300000
2023-02-21 01:15:00,0.0000000000,37.0000000000,0.0000000000,20.9166700000
2023-02-21 01:30:00,0.0000000000,37.0000000000,0.0000000000,20.3000000000
2023-02-21 01:45:00,0.0000000000,37.0000000000,0.0000000000,19.7500000000
2023-02-21 02:00:00,0.0000000000,37.0000000000,0.0000000000,19.2666700000
2023-02-21 02:15:00,0.0000000000,36.0000000000,0.0000000000,18.9666700000
2023-02-21 02:30:00,0.0000000000,36.0000000000,0.0000000000,18.8000000000
2023-02-21 02:45:00,0.0000000000,36.0000000000,0.0000000000,18.7000000000
2023-02-21 03:00:00,0.0000000000,36.0000000000,0.0000000000,18.7333300000
2023-02-21 03:15:00,0.0000000000,36.0000000000,0.0000000000,19.5166700000
2023-02-21 03:30:00,0.0000000000,36.0000000000,0.0000000000,20.4166700000
2023-02-21 03:45:00,0.0000000000,36.0000000000,0.0000000000,20.7333300000
2023-02-21 04:00:00,0.0000000000,35.0000000000,0.0000000000,20.4666700000
2023-02-21 04:15:00,0.0000000000,36.0000000000,0.0000000000,19.9166700000
2023-02-21 04:30:00,0.0000000000,35.0000000000,0.0000000000,19.3333300000
2023-02-21 04:45:00,0.0000000000,36.0000000000,0.0000000000,19.1500000000
2023-02-21 05:00:00,0.0000000000,36.0000000000,0.0000000000,19.3500000000
2023-02-21 05:15:00,0.0000000000,35.0000000000,0.0000000000,19.7166700000
2023-02-21 05:30:00,0.0000000000,35.0000000000,0.0000000000,19.9166700000
2023-02-21 05:45:00,0.0000000000,36.0000000000,0.0000000000,20.2500000000
2023-02-21 06:00:00,0.0000000000,36.0000000000,0.0000000000,20.6333300000
2023-02-21 06:15:00,0.8000000000,36.0000000000,0.2897680000,22.1500000000
2023-02-21 06:30:00,6.4000000000,36.0000000000,5.7953600000,22.4500000000
2023-02-21 06:45:00,22.8000000000,36.0000000000,28.2040800000,22.7166700000
2023-02-21 07:00:00,47.2000000000,35.0000000000,60.4649200000,23.3000000000
2023-02-21 07:15:00,74.0000000000,35.0000000000,101.4188000000,24.3166700000
2023-02-21 07:30:00,115.6000000000,36.0000000000,155.7020000000,25.7166700000
2023-02-21 07:45:00,158.0000000000,36.0000000000,210.4682000000,27.5666700000
2023-02-21 08:00:00,204.4000000000,38.0000000000,267.7456000000,29.5166700000
2023-02-21 08:15:00,252.4000000000,39.0000000000,326.4720000000,31.5833300000
2023-02-21 08:30:00,300.4000000000,41.0000000000,385.3914000000,33.4333300000
2023-02-21 08:45:00,345.6000000000,43.0000000000,443.8280000000,34.9833300000
2023-02-21 09:00:00,396.0000000000,44.0000000000,501.2021000000,36.6666700000
2023-02-21 09:15:00,432.0000000000,45.0000000000,553.8433000000,38.3000000000
2023-02-21 09:30:00,472.0000000000,45.0000000000,606.9673000000,40.1333400000
2023-02-21 09:45:00,508.0000000000,46.0000000000,655.2620000000,42.6833300000
2023-02-21 10:00:00,536.0000000000,47.0000000000,699.9829000000,44.6666700000
2023-02-21 10:15:00,564.0000000000,46.0000000000,741.9026000000,46.4166700000
2023-02-21 10:30:00,596.0000000000,44.0000000000,783.7258000000,47.1833300000
2023-02-21 10:45:00,620.0000000000,45.0000000000,817.6287000000,47.3500000000
2023-02-21 11:00:00,636.0000000000,44.0000000000,847.1851000000,48.2000000000
2023-02-21 11:15:00,656.0000000000,44.0000000000,872.1050000000,49.0333300000
2023-02-21 11:30:00,664.0000000000,43.0000000000,892.1957000000,50.5500000000
2023-02-21 11:45:00,672.0000000000,44.0000000000,905.6216000000,51.4333300000
2023-02-21 12:00:00,676.0000000000,43.0000000000,909.0988000000,51.9833300000
2023-02-21 12:15:00,680.0000000000,44.0000000000,915.8601000000,51.8500000000
2023-02-21 12:30:00,676.0000000000,43.0000000000,911.5135000000,51.5666700000
2023-02-21 12:45:00,672.0000000000,43.0000000000,909.2920000000,51.7333300000
2023-02-21 13:00:00,660.0000000000,44.0000000000,898.8604000000,53.0166700000
2023-02-21 13:15:00,656.0000000000,44.0000000000,885.5310000000,52.3166700000
2023-02-21 13:30:00,640.0000000000,43.0000000000,869.4006000000,51.9000000000
2023-02-21 13:45:00,616.0000000000,43.0000000000,841.5829000000,52.5166700000
2023-02-21 14:00:00,596.0000000000,44.0000000000,809.1288000000,53.3666600000
2023-02-21 14:15:00,568.0000000000,44.0000000000,777.5442000000,52.9833300000
2023-02-21 14:30:00,540.0000000000,44.0000000000,734.7551000000,51.8000000000
2023-02-21 14:45:00,508.0000000000,44.0000000000,687.4263000000,52.5666700000
2023-02-21 15:00:00,464.0000000000,43.0000000000,635.6544000000,52.7666700000
2023-02-21 15:15:00,420.0000000000,43.0000000000,560.5079000000,50.9833300000
2023-02-21 15:30:00,388.0000000000,43.0000000000,523.1278000000,50.9166700000
2023-02-21 15:45:00,348.0000000000,44.0000000000,473.5775000000,49.7333300000
2023-02-21 16:00:00,300.0000000000,43.0000000000,407.1240000000,46.4666700000
2023-02-21 16:15:00,256.0000000000,43.0000000000,356.0283000000,44.1833300000
2023-02-21 16:30:00,216.0000000000,44.0000000000,295.2736000000,43.1166600000
2023-02-21 16:45:00,164.0000000000,43.0000000000,236.5473000000,41.5166700000
2023-02-21 17:00:00,124.0000000000,43.0000000000,181.5880000000,39.4833300000
2023-02-21 17:15:00,48.0000000000,43.0000000000,86.2542600000,36.2833300000
2023-02-21 17:30:00,40.0000000000,43.0000000000,49.4537400000,32.4333300000
2023-02-21 17:45:00,44.0000000000,42.0000000000,60.9478700000,31.2833300000
2023-02-21 18:00:00,16.0000000000,42.0000000000,28.4938500000,30.5500000000
2023-02-21 18:15:00,0.0000000000,42.0000000000,2.9942690000,28.9333300000
2023-02-21 18:30:00,0.0000000000,42.0000000000,0.0000000000,27.2833300000
2023-02-21 18:45:00,0.0000000000,41.0000000000,0.0000000000,25.4333300000
2023-02-21 19:00:00,0.0000000000,42.0000000000,0.0000000000,24.1666700000
2023-02-21 19:15:00,0.0000000000,41.0000000000,0.0000000000,23.7500000000
2023-02-21 19:30:00,0.0000000000,40.0000000000,0.0000000000,23.7833300000
2023-02-21 19:45:00,0.0000000000,40.0000000000,0.0000000000,23.9166700000
2023-02-21 20:00:00,0.0000000000,40.0000000000,0.0000000000,24.0000000000
2023-02-21 20:15:00,0.0000000000,39.0000000000,0.0000000000,24.2333300000
2023-02-21 20:30:00,0.0000000000,40.0000000000,0.0000000000,24.1333300000
2023-02-21 20:45:00,0.0000000000,39.0000000000,0.0000000000,23.6000000000
2023-02-21 21:00:00,0.0000000000,39.0000000000,0.0000000000,22.8666700000
2023-02-21 21:15:00,0.0000000000,39.0000000000,0.0000000000,22.2833300000
2023-02-21 21:30:00,0.0000000000,38.0000000000,0.0000000000,22.0000000000
2023-02-21 21:45:00,0.0000000000,39.0000000000,0.0000000000,21.5833300000
2023-02-21 22:00:00,0.0000000000,39.0000000000,0.0000000000,21.0333300000
2023-02-21 22:15:00,0.0000000000,38.0000000000,0.0000000000,21.0500000000
2023-02-21 22:30:00,0.0000000000,38.0000000000,0.0000000000,21.3333300000
2023-02-21 22:45:00,0.0000000000,38.0000000000,0.0000000000,22.2500000000
2023-02-21 23:00:00,0.0000000000,38.0000000000,0.0000000000,23.0500000000
2023-02-21 23:15:00,0.0000000000,38.0000000000,0.0000000000,23.0666700000
2023-02-21 23:30:00,0.0000000000,38.0000000000,0.0000000000,22.9833300000
2023-02-21 23:45:00,0.0000000000,38.0000000000,0.0000000000,22.8833300000
2023-02-22 00:00:00,0.0000000000,38.0000000000,0.0000000000,22.5833300000
2023-02-22 00:15:00,0.0000000000,37.0000000000,0.0000000000,22.1500000000
2023-02-22 00:30:00,0.0000000000,37.0000000000,0.0000000000,21.9333300000
2023-02-22 00:45:00,0.0000000000,37.0000000000,0.0000000000,21.7666700000
2023-02-22 01:00:00,0.0000000000,36.0000000000,0.0000000000,21.7333300000
2023-02-22 01:15:00,0.0000000000,37.0000000000,0.0000000000,21.4166700000
2023-02-22 01:30:00,0.0000000000,37.0000000000,0.0000000000,21.3500000000
2023-02-22 01:45:00,0.0000000000,37.0000000000,0.0000000000,21.4000000000
2023-02-22 02:00:00,0.0000000000,37.0000000000,0.0000000000,21.3166700000
2023-02-22 02:15:00,0.0000000000,36.0000000000,0.0000000000,21.3000000000
2023-02-22 02:30:00,0.0000000000,36.0000000000,0.0000000000,21.2166700000
2023-02-22 02:45:00,0.0000000000,36.0000000000,0.0000000000,21.0333300000
2023-02-22 03:00:00,0.0000000000,38.0000000000,0.0000000000,20.8500000000
2023-02-22 03:15:00,0.0000000000,36.0000000000,0.0000000000,20.4500000000
2023-02-22 03:30:00,0.0000000000,36.0000000000,0.0000000000,20.3833300000
2023-02-22 03:45:00,0.0000000000,36.0000000000,0.0000000000,20.5666700000
2023-02-22 04:00:00,0.0000000000,36.0000000000,0.0000000000,20.7833300000
2023-02-22 04:15:00,0.0000000000,36.0000000000,0.0000000000,20.8833300000
2023-02-22 04:30:00,0.0000000000,36.0000000000,0.0000000000,20.8000000000
2023-02-22 04:45:00,0.0000000000,35.0000000000,0.0000000000,20.5166700000
2023-02-22 05:00:00,0.0000000000,35.0000000000,0.0000000000,20.3166700000
2023-02-22 05:15:00,0.0000000000,35.0000000000,0.0000000000,20.8833300000
2023-02-22 05:30:00,0.0000000000,35.0000000000,0.0000000000,21.8333300000
2023-02-22 05:45:00,0.0000000000,36.0000000000,0.0000000000,22.1166700000
2023-02-22 06:00:00,0.0000000000,35.0000000000,0.0000000000,22.0000000000
2023-02-22 06:15:00,0.0000000000,35.0000000000,0.0000000000,21.8000000000
2023-02-22 06:30:00,4.4000000000,35.0000000000,3.2840380000,21.5166700000
2023-02-22 06:45:00,18.4000000000,35.0000000000,23.9541500000,21.5666700000
2023-02-22 07:00:00,41.2000000000,35.0000000000,58.8229100000,22.2666700000
2023-02-22 07:15:00,73.6000000000,35.0000000000,105.2824000000,23.4666700000
2023-02-22 07:30:00,112.8000000000,35.0000000000,154.5429000000,24.9666700000
2023-02-22 07:45:00,163.2000000000,37.0000000000,220.5134000000,26.9000000000
2023-02-22 08:00:00,214.8000000000,38.0000000000,282.6204000000,29.1500000000
2023-02-22 08:15:00,263.6000000000,40.0000000000,342.6990000000,31.4500000000
2023-02-22 08:30:00,310.8000000000,40.0000000000,400.1696000000,33.1833300000
2023-02-22 08:45:00,360.8000000000,43.0000000000,459.1857000000,34.7666700000
2023-02-22 09:00:00,404.0000000000,44.0000000000,515.3041000000,35.9666700000
2023-02-22 09:15:00,444.0000000000,45.0000000000,568.8146000000,37.9000000000
2023-02-22 09:30:00,488.0000000000,45.0000000000,622.3251000000,39.5833300000
2023-02-22 09:45:00,520.0000000000,46.0000000000,671.6822000000,39.9000000000
2023-02-22 10:00:00,560.0000000000,45.0000000000,721.0394000000,41.7833300000
2023-02-22 10:15:00,584.0000000000,46.0000000000,764.1182000000,43.0333300000
2023-02-22 10:30:00,612.0000000000,45.0000000000,800.4359000000,44.2333300000
2023-02-22 10:45:00,628.0000000000,45.0000000000,829.8956000000,45.2166700000
2023-02-22 11:00:00,648.0000000000,45.0000000000,860.9973000000,46.1166600000
2023-02-22 11:15:00,664.0000000000,44.0000000000,884.7583000000,46.9333300000
2023-02-22 11:30:00,676.0000000000,44.0000000000,901.9512000000,47.5333300000
2023-02-22 11:45:00,680.0000000000,44.0000000000,921.4622000000,49.5500000000
2023-02-22 12:00:00,692.0000000000,43.0000000000,932.9564000000,50.1333400000
2023-02-22 12:15:00,688.0000000000,44.0000000000,935.2745000000,51.5333300000
2023-02-22 12:30:00,684.0000000000,44.0000000000,930.9280000000,52.1666700000
2023-02-22 12:45:00,680.0000000000,43.0000000000,923.1042000000,51.2666700000
2023-02-22 13:00:00,672.0000000000,43.0000000000,912.5760000000,51.9333300000
2023-02-22 13:15:00,664.0000000000,43.0000000000,900.0194000000,51.8166700000
2023-02-22 13:30:00,652.0000000000,43.0000000000,883.5026000000,52.3500000000
2023-02-22 13:45:00,636.0000000000,43.0000000000,861.1905000000,52.1166600000
2023-02-22 14:00:00,608.0000000000,42.0000000000,829.7990000000,52.4000000000
2023-02-22 14:15:00,568.0000000000,43.0000000000,786.8167000000,54.6666700000
2023-02-22 14:30:00,536.0000000000,43.0000000000,722.0052000000,53.0500000000
2023-02-22 14:45:00,516.0000000000,43.0000000000,691.7728000000,51.1666700000
2023-02-22 15:00:00,476.0000000000,43.0000000000,652.2678000000,52.4166700000
2023-02-22 15:15:00,436.0000000000,43.0000000000,591.6097000000,51.8166700000
2023-02-22 15:30:00,400.0000000000,42.0000000000,540.7071000000,49.6500000000
2023-02-22 15:45:00,348.0000000000,43.0000000000,477.5377000000,49.7000000000
2023-02-22 16:00:00,312.0000000000,43.0000000000,424.7033000000,47.2666700000
2023-02-22 16:15:00,260.0000000000,43.0000000000,355.9317000000,45.1166600000
2023-02-22 16:30:00,216.0000000000,43.0000000000,298.8474000000,43.1833300000
2023-02-22 16:45:00,164.0000000000,43.0000000000,240.1211000000,40.8000000000
2023-02-22 17:00:00,128.0000000000,43.0000000000,184.7754000000,38.1833300000
2023-02-22 17:15:00,84.0000000000,42.0000000000,132.5206000000,36.1666700000
2023-02-22 17:30:00,56.0000000000,42.0000000000,83.8395400000,33.9500000000
2023-02-22 17:45:00,24.0000000000,43.0000000000,41.8231800000,31.9166700000
2023-02-22 18:00:00,8.0000000000,43.0000000000,13.4259200000,30.1666700000
2023-02-22 18:15:00,0.0000000000,42.0000000000,0.5795360000,28.8166700000
2023-02-22 18:30:00,0.0000000000,42.0000000000,0.0000000000,27.7166700000
2023-02-22 18:45:00,0.0000000000,42.0000000000,0.0000000000,26.3500000000
2023-02-22 19:00:00,0.0000000000,42.0000000000,0.0000000000,25.5666700000
2023-02-22 19:15:00,0.0000000000,41.0000000000,0.0000000000,25.0000000000
2023-02-22 19:30:00,0.0000000000,41.0000000000,0.0000000000,24.3166700000
2023-02-22 19:45:00,0.0000000000,41.0000000000,0.0000000000,23.7166700000
2023-02-22 20:00:00,0.0000000000,40.0000000000,0.0000000000,23.2666700000
2023-02-22 20:15:00,0.0000000000,40.0000000000,0.0000000000,22.9666700000
2023-02-22 20:30:00,0.0000000000,40.0000000000,0.0000000000,22.9666700000
2023-02-22 20:45:00,0.0000000000,39.0000000000,0.0000000000,23.0500000000
2023-02-22 21:00:00,0.0000000000,40.0000000000,0.0000000000,23.0166700000
2023-02-22 21:15:00,0.0000000000,40.0000000000,0.0000000000,22.8166700000
2023-02-22 21:30:00,0.0000000000,39.0000000000,0.0000000000,22.7166700000
2023-02-22 21:45:00,0.0000000000,39.0000000000,0.0000000000,23.2666700000
2023-02-22 22:00:00,0.0000000000,39.0000000000,0.0000000000,22.8333300000
2023-02-22 22:15:00,0.0000000000,39.0000000000,0.0000000000,21.9000000000
2023-02-22 22:30:00,0.0000000000,39.0000000000,0.0000000000,21.7000000000
2023-02-22 22:45:00,0.0000000000,39.0000000000,0.0000000000,22.3000000000
2023-02-22 23:00:00,0.0000000000,38.0000000000,0.0000000000,23.2833300000
2023-02-22 23:15:00,0.0000000000,38.0000000000,0.0000000000,23.3833300000
2023-02-22 23:30:00,0.0000000000,38.0000000000,0.0000000000,23.0333300000
2023-02-22 23:45:00,0.0000000000,38.0000000000,0.0000000000,22.4166700000
2023-02-23 00:00:00,0.0000000000,38.0000000000,0.0000000000,22.0500000000
2023-02-23 00:15:00,0.0000000000,38.0000000000,0.0000000000,21.7666700000
2023-02-23 00:30:00,0.0000000000,38.0000000000,0.0000000000,21.9500000000
2023-02-23 00:45:00,0.0000000000,38.0000000000,0.0000000000,21.8500000000
2023-02-23 01:00:00,0.0000000000,37.0000000000,0.0000000000,21.6000000000
2023-02-23 01:15:00,0.0000000000,37.0000000000,0.0000000000,22.2333300000
2023-02-23 01:30:00,0.0000000000,37.0000000000,0.0000000000,22.6333300000
2023-02-23 01:45:00,0.0000000000,37.0000000000,0.0000000000,22.5000000000
2023-02-23 02:00:00,0.0000000000,36.0000000000,0.0000000000,21.9166700000
2023-02-23 02:15:00,0.0000000000,37.0000000000,0.0000000000,21.6000000000
2023-02-23 02:30:00,0.0000000000,37.0000000000,0.0000000000,21.7500000000
2023-02-23 02:45:00,0.0000000000,37.0000000000,0.0000000000,21.9000000000
2023-02-23 03:00:00,0.0000000000,36.0000000000,0.0000000000,21.9166700000
2023-02-23 03:15:00,0.0000000000,36.0000000000,0.0000000000,21.9166700000
2023-02-23 03:30:00,0.0000000000,37.0000000000,0.0000000000,21.6833300000
2023-02-23 03:45:00,0.0000000000,36.0000000000,0.0000000000,21.4333300000
2023-02-23 04:00:00,0.0000000000,36.0000000000,0.0000000000,20.9000000000
2023-02-23 04:15:00,0.0000000000,36.0000000000,0.0000000000,20.4000000000
2023-02-23 04:30:00,0.0000000000,36.0000000000,0.0000000000,20.1500000000
2023-02-23 04:45:00,0.0000000000,36.0000000000,0.0000000000,20.1833300000
2023-02-23 05:00:00,0.0000000000,36.0000000000,0.0000000000,20.4333300000
2023-02-23 05:15:00,0.0000000000,36.0000000000,0.0000000000,20.5500000000
2023-02-23 05:30:00,0.0000000000,36.0000000000,0.0000000000,20.4500000000
2023-02-23 05:45:00,0.0000000000,36.0000000000,0.0000000000,20.1000000000
2023-02-23 06:00:00,0.0000000000,36.0000000000,0.0000000000,19.4833300000
2023-02-23 06:15:00,0.4000000000,36.0000000000,0.0965893300,19.0500000000
2023-02-23 06:30:00,6.0000000000,35.0000000000,5.5055920000,19.3666700000
2023-02-23 06:45:00,21.6000000000,36.0000000000,26.5620700000,19.9833300000
2023-02-23 07:00:00,46.4000000000,35.0000000000,63.6523700000,21.1000000000
2023-02-23 07:15:00,81.2000000000,36.0000000000,111.6573000000,22.9500000000
2023-02-23 07:30:00,118.0000000000,36.0000000000,160.7247000000,25.6166700000
2023-02-23 07:45:00,157.6000000000,37.0000000000,213.5590000000,28.2166700000
2023-02-23 08:00:00,204.0000000000,38.0000000000,269.8706000000,30.9500000000
2023-02-23 08:15:00,250.8000000000,41.0000000000,327.5344000000,33.9833300000
2023-02-23 08:30:00,300.0000000000,42.0000000000,388.7721000000,37.0333300000
2023-02-23 08:45:00,343.2000000000,44.0000000000,446.9189000000,40.4000000000
2023-02-23 09:00:00,384.0000000000,46.0000000000,501.7816000000,43.4666700000
2023-02-23 09:15:00,432.0000000000,47.0000000000,567.4623000000,46.6833300000
2023-02-23 09:30:00,468.0000000000,47.0000000000,618.3649000000,48.5000000000
2023-02-23 09:45:00,488.0000000000,48.0000000000,649.3701000000,50.4833300000
2023-02-23 10:00:00,508.0000000000,48.0000000000,690.0342000000,51.6666700000
2023-02-23 10:15:00,544.0000000000,48.0000000000,713.9883000000,51.7166700000
2023-02-23 10:30:00,572.0000000000,46.0000000000,775.5157000000,53.9166700000
2023-02-23 10:45:00,600.0000000000,46.0000000000,826.9979000000,56.7666700000
2023-02-23 11:00:00,612.0000000000,46.0000000000,847.7646000000,59.4000000000
2023-02-23 11:15:00,624.0000000000,46.0000000000,872.6846000000,61.2333300000
2023-02-23 11:30:00,636.0000000000,45.0000000000,889.4912000000,60.1833300000
2023-02-23 11:45:00,640.0000000000,45.0000000000,896.5422000000,59.8833400000
2023-02-23 12:00:00,640.0000000000,45.0000000000,892.2922000000,59.1500000000
2023-02-23 12:15:00,644.0000000000,46.0000000000,892.0025000000,56.9000000000
2023-02-23 12:30:00,640.0000000000,46.0000000000,901.0819000000,58.4000000000
2023-02-23 12:45:00,644.0000000000,45.0000000000,893.9343000000,58.1500000000
2023-02-23 13:00:00,628.0000000000,44.0000000000,884.1787000000,59.7333300000
2023-02-23 13:15:00,608.0000000000,44.0000000000,850.2759000000,61.2166700000
2023-02-23 13:30:00,616.0000000000,45.0000000000,856.8441000000,59.5666700000
2023-02-23 13:45:00,412.0000000000,46.0000000000,632.5635000000,56.4000000000
2023-02-23 14:00:00,440.0000000000,45.0000000000,538.5822000000,49.4500000000
2023-02-23 14:15:00,504.0000000000,44.0000000000,655.0688000000,52.4500000000
2023-02-23 14:30:00,508.0000000000,44.0000000000,691.2899000000,54.4333300000
2023-02-23 14:45:00,476.0000000000,45.0000000000,653.9098000000,55.0000000000
2023-02-23 15:00:00,444.0000000000,44.0000000000,606.0981000000,54.9166700000
2023-02-23 15:15:00,428.0000000000,44.0000000000,580.7916000000,54.2833300000
2023-02-23 15:30:00,388.0000000000,45.0000000000,533.7526000000,54.0333300000
2023-02-23 15:45:00,344.0000000000,44.0000000000,466.5265000000,51.8166700000
2023-02-23 16:00:00,296.0000000000,44.0000000000,405.8684000000,48.6666700000
2023-02-23 16:15:00,252.0000000000,44.0000000000,345.9830000000,45.3666600000
2023-02-23 16:30:00,196.0000000000,43.0000000000,278.2739000000,43.9000000000
2023-02-23 16:45:00,140.0000000000,43.0000000000,207.5705000000,41.0500000000
2023-02-23 17:00:00,116.0000000000,43.0000000000,166.1337000000,38.4166700000
2023-02-23 17:15:00,84.0000000000,43.0000000000,129.5263000000,36.5333300000
2023-02-23 17:30:00,48.0000000000,43.0000000000,77.7544200000,34.4833300000
2023-02-23 17:45:00,28.0000000000,43.0000000000,43.5617900000,32.0500000000
2023-02-23 18:00:00,8.0000000000,42.0000000000,13.7156800000,29.6666700000
2023-02-23 18:15:00,0.0000000000,42.0000000000,0.4829467000,27.7333300000
2023-02-23 18:30:00,0.0000000000,42.0000000000,0.0000000000,26.5500000000
2023-02-23 18:45:00,0.0000000000,41.0000000000,0.0000000000,25.7166700000
2023-02-23 19:00:00,0.0000000000,41.0000000000,0.0000000000,25.3333300000
2023-02-23 19:15:00,0.0000000000,41.0000000000,0.0000000000,25.2666700000
2023-02-23 19:30:00,0.0000000000,40.0000000000,0.0000000000,24.9166700000
2023-02-23 19:45:00,0.0000000000,40.0000000000,0.0000000000,24.1000000000
2023-02-23 20:00:00,0.0000000000,40.0000000000,0.0000000000,23.4500000000
2023-02-23 20:15:00,0.0000000000,40.0000000000,0.0000000000,23.0000000000
2023-02-23 20:30:00,0.0000000000,40.0000000000,0.0000000000,22.5000000000
2023-02-23 20:45:00,0.0000000000,40.0000000000,0.0000000000,22.2000000000
2023-02-23 21:00:00,0.0000000000,39.0000000000,0.0000000000,22.1333300000
2023-02-23 21:15:00,0.0000000000,40.0000000000,0.0000000000,22.0000000000
2023-02-23 21:30:00,0.0000000000,40.0000000000,0.0000000000,22.2000000000
2023-02-23 21:45:00,0.0000000000,39.0000000000,0.0000000000,23.4333300000
2023-02-23 22:00:00,0.0000000000,39.0000000000,0.0000000000,23.4333300000
2023-02-23 22:15:00,0.0000000000,39.0000000000,0.0000000000,22.9166700000
2023-02-23 22:30:00,0.0000000000,39.0000000000,0.0000000000,22.1000000000
2023-02-23 22:45:00,0.0000000000,39.0000000000,0.0000000000,21.3500000000
2023-02-23 23:00:00,0.0000000000,39.0000000000,0.0000000000,21.1666700000
2023-02-23 23:15:00,0.0000000000,39.0000000000,0.0000000000,21.2166700000
2023-02-23 23:30:00,0.0000000000,38.0000000000,0.0000000000,21.0166700000
2023-02-23 23:45:00,0.0000000000,38.0000000000,0.0000000000,21.8500000000
2023-02-24 00:00:00,0.0000000000,38.0000000000,0.0000000000,22.8500000000
2023-02-24 00:15:00,0.0000000000,38.0000000000,0.0000000000,22.9000000000
2023-02-24 00:30:00,0.0000000000,38.0000000000,0.0000000000,22.0500000000
2023-02-24 00:45:00,0.0000000000,38.0000000000,0.0000000000,21.2666700000
2023-02-24 01:00:00,0.0000000000,37.0000000000,0.0000000000,20.6666700000
2023-02-24 01:15:00,0.0000000000,37.0000000000,0.0000000000,20.7333300000
2023-02-24 01:30:00,0.0000000000,37.0000000000,0.0000000000,20.2500000000
2023-02-24 01:45:00,0.0000000000,37.0000000000,0.0000000000,19.8333300000
2023-02-24 02:00:00,0.0000000000,37.0000000000,0.0000000000,19.4166700000
2023-02-24 02:15:00,0.0000000000,37.0000000000,0.0000000000,19.2333300000
2023-02-24 02:30:00,0.0000000000,36.0000000000,0.0000000000,19.3166700000
2023-02-24 02:45:00,0.0000000000,36.0000000000,0.0000000000,19.3166700000
2023-02-24 03:00:00,0.0000000000,36.0000000000,0.0000000000,19.2000000000
2023-02-24 03:15:00,0.0000000000,37.0000000000,0.0000000000,19.4500000000
2023-02-24 03:30:00,0.0000000000,36.0000000000,0.0000000000,19.1333300000
2023-02-24 03:45:00,0.0000000000,36.0000000000,0.0000000000,18.5833300000
2023-02-24 04:00:00,0.0000000000,36.0000000000,0.0000000000,18.5833300000
2023-02-24 04:15:00,0.0000000000,35.0000000000,0.0000000000,18.8833300000
2023-02-24 04:30:00,0.0000000000,36.0000000000,0.0000000000,18.5500000000
2023-02-24 04:45:00,0.0000000000,36.0000000000,0.0000000000,18.5666700000
2023-02-24 05:00:00,0.0000000000,36.0000000000,0.0000000000,18.2333300000
2023-02-24 05:15:00,0.0000000000,35.0000000000,0.0000000000,18.5333300000
2023-02-24 05:30:00,0.0000000000,35.0000000000,0.0000000000,18.3166700000
2023-02-24 05:45:00,0.0000000000,36.0000000000,0.0000000000,18.1500000000
2023-02-24 06:00:00,0.0000000000,35.0000000000,0.0000000000,17.7000000000
2023-02-24 06:15:00,0.4000000000,35.0000000000,0.0000000000,17.2000000000
2023-02-24 06:30:00,5.2000000000,35.0000000000,4.7328780000,17.4833300000
2023-02-24 06:45:00,21.2000000000,36.0000000000,25.4995900000,17.8666700000
2023-02-24 07:00:00,46.4000000000,35.0000000000,61.1410400000,18.6666700000
2023-02-24 07:15:00,79.2000000000,35.0000000000,105.4756000000,20.2333300000
2023-02-24 07:30:00,119.6000000000,35.0000000000,157.4406000000,22.2833300000
2023-02-24 07:45:00,162.0000000000,36.0000000000,212.3033000000,24.0833300000
2023-02-24 08:00:00,203.2000000000,38.0000000000,267.8422000000,27.3666700000
2023-02-24 08:15:00,249.2000000000,39.0000000000,327.0515000000,31.7833300000
2023-02-24 08:30:00,294.8000000000,42.0000000000,386.2607000000,35.2333300000
2023-02-24 08:45:00,336.4000000000,43.0000000000,442.8621000000,37.9000000000
2023-02-24 09:00:00,384.0000000000,44.0000000000,499.8498000000,40.1666700000
2023-02-24 09:15:00,420.0000000000,46.0000000000,553.5535000000,42.1333400000
2023-02-24 09:30:00,464.0000000000,47.0000000000,605.7117000000,43.3500000000
2023-02-24 09:45:00,488.0000000000,47.0000000000,650.5292000000,45.6000000000
2023-02-24 10:00:00,528.0000000000,47.0000000000,697.9545000000,47.9500000000
2023-02-24 10:15:00,548.0000000000,46.0000000000,742.9651000000,50.7833300000
2023-02-24 10:30:00,580.0000000000,46.0000000000,787.1065000000,53.6333400000
2023-02-24 10:45:00,596.0000000000,46.0000000000,826.2252000000,56.7166700000
2023-02-24 11:00:00,612.0000000000,46.0000000000,851.1452000000,59.1333400000
2023-02-24 11:15:00,620.0000000000,45.0000000000,869.4972000000,61.3333300000
2023-02-24 11:30:00,632.0000000000,46.0000000000,895.3831000000,62.3333300000
2023-02-24 11:45:00,636.0000000000,46.0000000000,897.6047000000,63.3166700000
2023-02-24 12:00:00,648.0000000000,46.0000000000,917.2123000000,61.9333300000
2023-02-24 12:15:00,656.0000000000,46.0000000000,920.1100000000,59.8333300000
2023-02-24 12:30:00,660.0000000000,46.0000000000,925.3258000000,58.3166700000
2023-02-24 12:45:00,644.0000000000,46.0000000000,910.7408000000,59.2833300000
2023-02-24 13:00:00,652.0000000000,46.0000000000,908.8090000000,59.3666600000
2023-02-24 13:15:00,632.0000000000,45.0000000000,893.6445000000,59.0166700000
2023-02-24 13:30:00,596.0000000000,46.0000000000,839.7476000000,59.5666700000
2023-02-24 13:45:00,564.0000000000,45.0000000000,786.4304000000,56.9500000000
2023-02-24 14:00:00,564.0000000000,46.0000000000,784.8849000000,57.1166600000
2023-02-24 14:15:00,516.0000000000,46.0000000000,719.3973000000,55.9833300000
2023-02-24 14:30:00,508.0000000000,46.0000000000,705.8748000000,54.1000000000
2023-02-24 14:45:00,468.0000000000,46.0000000000,654.1995000000,53.1166600000
2023-02-24 15:00:00,440.0000000000,46.0000000000,604.3595000000,52.8666600000
2023-02-24 15:15:00,396.0000000000,45.0000000000,549.3035000000,50.8666600000
2023-02-24 15:30:00,360.0000000000,45.0000000000,496.0828000000,50.2500000000
2023-02-24 15:45:00,332.0000000000,45.0000000000,451.8449000000,49.4333300000
2023-02-24 16:00:00,280.0000000000,44.0000000000,390.4141000000,46.4333300000
2023-02-24 16:15:00,248.0000000000,45.0000000000,352.2613000000,44.7000000000
2023-02-24 16:30:00,208.0000000000,44.0000000000,292.7623000000,43.9333300000
2023-02-24 16:45:00,164.0000000000,45.0000000000,239.4450000000,41.7166700000
2023-02-24 17:00:00,120.0000000000,44.0000000000,183.2300000000,39.5333300000
2023-02-24 17:15:00,84.0000000000,44.0000000000,129.6229000000,37.5500000000
2023-02-24 17:30:00,44.0000000000,44.0000000000,75.7260400000,35.3833400000
2023-02-24 17:45:00,24.0000000000,44.0000000000,37.9596100000,33.1666700000
2023-02-24 18:00:00,8.0000000000,44.0000000000,12.2668500000,31.2166700000
2023-02-24 18:15:00,4.0000000000,43.0000000000,0.5795360000,29.3333300000
2023-02-24 18:30:00,0.0000000000,43.0000000000,0.0000000000,27.8500000000
2023-02-24 18:45:00,0.0000000000,43.0000000000,0.0000000000,27.0000000000
2023-02-24 19:00:00,0.0000000000,42.0000000000,0.0000000000,26.5833300000
2023-02-24 19:15:00,0.0000000000,40.0000000000,0.0000000000,26.1333300000
2023-02-24 19:30:00,0.0000000000,40.0000000000,0.0000000000,25.6333300000
2023-02-24 19:45:00,0.0000000000,42.0000000000,0.0000000000,24.7666700000
2023-02-24 20:00:00,0.0000000000,41.0000000000,0.0000000000,24.1000000000
2023-02-24 20:15:00,0.0000000000,40.0000000000,0.0000000000,24.3666700000
2023-02-24 20:30:00,0.0000000000,41.0000000000,0.0000000000,24.5500000000
2023-02-24 20:45:00,0.0000000000,41.0000000000,0.0000000000,24.5666700000
2023-02-24 21:00:00,0.0000000000,40.0000000000,0.0000000000,24.6000000000
2023-02-24 21:15:00,0.0000000000,40.0000000000,0.0000000000,24.6000000000
2023-02-24 21:30:00,0.0000000000,40.0000000000,0.0000000000,24.3833300000
2023-02-24 21:45:00,0.0000000000,40.0000000000,0.0000000000,24.3666700000
2023-02-24 22:00:00,0.0000000000,40.0000000000,0.0000000000,24.6333300000
2023-02-24 22:15:00,0.0000000000,40.0000000000,0.0000000000,24.8000000000
2023-02-24 22:30:00,0.0000000000,39.0000000000,0.0000000000,24.8833300000
2023-02-24 22:45:00,0.0000000000,39.0000000000,0.0000000000,24.8666700000
2023-02-24 23:00:00,0.0000000000,39.0000000000,0.0000000000,24.5166700000
2023-02-24 23:15:00,0.0000000000,39.0000000000,0.0000000000,23.9166700000
2023-02-24 23:30:00,0.0000000000,39.0000000000,0.0000000000,23.7500000000
2023-02-24 23:45:00,0.0000000000,39.0000000000,0.0000000000,23.6833300000
2023-02-25 00:00:00,0.0000000000,38.0000000000,0.0000000000,23.3833300000
2023-02-25 00:15:00,0.0000000000,38.0000000000,0.0000000000,23.3166700000
2023-02-25 00:30:00,0.0000000000,38.0000000000,0.0000000000,23.7333300000
2023-02-25 00:45:00,0.0000000000,39.0000000000,0.0000000000,23.9666700000
2023-02-25 01:00:00,0.0000000000,38.0000000000,0.0000000000,24.2666700000
2023-02-25 01:15:00,0.0000000000,38.0000000000,0.0000000000,24.1333300000
2023-02-25 01:30:00,0.0000000000,38.0000000000,0.0000000000,23.9333300000
2023-02-25 01:45:00,0.0000000000,38.0000000000,0.0000000000,23.7333300000
2023-02-25 02:00:00,0.0000000000,38.0000000000,0.0000000000,23.8666700000
2023-02-25 02:15:00,0.0000000000,37.0000000000,0.0000000000,23.9833300000
2023-02-25 02:30:00,0.0000000000,37.0000000000,0.0000000000,23.8666700000
2023-02-25 02:45:00,0.0000000000,37.0000000000,0.0000000000,24.3000000000
2023-02-25 03:00:00,0.0000000000,37.0000000000,0.0000000000,24.0666700000
2023-02-25 03:15:00,0.0000000000,38.0000000000,0.0000000000,23.4000000000
2023-02-25 03:30:00,0.0000000000,37.0000000000,0.0000000000,22.5166700000
2023-02-25 03:45:00,0.0000000000,36.0000000000,0.0000000000,21.9666700000
2023-02-25 04:00:00,0.0000000000,36.0000000000,0.0000000000,21.6833300000
2023-02-25 04:15:00,0.0000000000,36.0000000000,0.0000000000,21.5000000000
2023-02-25 04:30:00,0.0000000000,36.0000000000,0.0000000000,21.4166700000
2023-02-25 04:45:00,0.0000000000,35.0000000000,0.0000000000,20.7500000000
2023-02-25 05:00:00,0.0000000000,35.0000000000,0.0000000000,19.8666700000
2023-02-25 05:15:00,0.0000000000,35.0000000000,0.0000000000,19.5833300000
2023-02-25 05:30:00,0.0000000000,34.0000000000,0.0000000000,19.9666700000
2023-02-25 05:45:00,0.0000000000,34.0000000000,0.0000000000,20.1500000000
2023-02-25 06:00:00,0.0000000000,35.0000000000,0.0000000000,20.4166700000
2023-02-25 06:15:00,0.0000000000,34.0000000000,0.0000000000,20.3166700000
2023-02-25 06:30:00,8.0000000000,34.0000000000,3.3806270000,20.2833300000
2023-02-25 06:45:00,20.0000000000,34.0000000000,25.2098100000,20.3666700000
2023-02-25 07:00:00,40.0000000000,35.0000000000,61.3342300000,21.1166700000
2023-02-25 07:15:00,76.0000000000,35.0000000000,106.7312000000,22.4500000000
2023-02-25 07:30:00,116.0000000000,34.0000000000,160.8213000000,24.1166700000
2023-02-25 07:45:00,160.0000000000,35.0000000000,216.5533000000,26.0666700000
2023-02-25 08:00:00,208.0000000000,36.0000000000,276.0523000000,28.2833300000
2023-02-25 08:15:00,256.0000000000,38.0000000000,332.7502000000,30.2833300000
2023-02-25 08:30:00,296.0000000000,40.0000000000,386.8403000000,31.9166700000
2023-02-25 08:45:00,348.0000000000,41.0000000000,446.5325000000,33.5833300000
2023-02-25 09:00:00,392.0000000000,43.0000000000,506.4179000000,35.5666700000
2023-02-25 09:15:00,436.0000000000,43.0000000000,554.0364000000,37.2500000000
2023-02-25 09:30:00,476.0000000000,43.0000000000,613.0525000000,38.2833300000
2023-02-25 09:45:00,516.0000000000,43.0000000000,662.0233000000,39.6666700000
2023-02-25 10:00:00,548.0000000000,42.0000000000,705.8749000000,40.6000000000
2023-02-25 10:15:00,572.0000000000,42.0000000000,743.8345000000,41.5500000000
2023-02-25 10:30:00,596.0000000000,39.0000000000,775.9987000000,42.9000000000
2023-02-25 10:45:00,624.0000000000,41.0000000000,809.7084000000,42.3333300000
2023-02-25 11:00:00,636.0000000000,43.0000000000,836.5602000000,43.9000000000
2023-02-25 11:15:00,660.0000000000,42.0000000000,863.7984000000,45.8833400000
2023-02-25 11:30:00,672.0000000000,42.0000000000,884.5651000000,45.5333300000
2023-02-25 11:45:00,688.0000000000,41.0000000000,900.9853000000,45.5833300000
2023-02-25 12:00:00,688.0000000000,42.0000000000,912.2863000000,45.7500000000
2023-02-25 12:15:00,688.0000000000,42.0000000000,918.0816000000,45.8500000000
2023-02-25 12:30:00,688.0000000000,42.0000000000,916.5362000000,46.2166700000
2023-02-25 12:45:00,676.0000000000,42.0000000000,906.9739000000,47.9000000000
2023-02-25 13:00:00,668.0000000000,42.0000000000,898.3774000000,48.1666700000
2023-02-25 13:15:00,656.0000000000,42.0000000000,885.5310000000,49.5000000000
2023-02-25 13:30:00,644.0000000000,42.0000000000,864.3779000000,48.9000000000
2023-02-25 13:45:00,624.0000000000,42.0000000000,840.7136000000,49.1333400000
2023-02-25 14:00:00,600.0000000000,41.0000000000,806.9073000000,49.1000000000
2023-02-25 14:15:00,572.0000000000,42.0000000000,774.1635000000,50.5500000000
2023-02-25 14:30:00,540.0000000000,42.0000000000,733.7892000000,50.2000000000
2023-02-25 14:45:00,508.0000000000,42.0000000000,684.9150000000,48.6000000000
2023-02-25 15:00:00,468.0000000000,42.0000000000,638.7452000000,49.0833300000
2023-02-25 15:15:00,440.0000000000,42.0000000000,589.7745000000,47.3500000000
2023-02-25 15:30:00,392.0000000000,42.0000000000,531.0482000000,46.3666600000
2023-02-25 15:45:00,348.0000000000,42.0000000000,473.5775000000,44.6500000000
2023-02-25 16:00:00,308.0000000000,42.0000000000,416.3966000000,42.9500000000
2023-02-25 16:15:00,256.0000000000,41.0000000000,354.1931000000,41.8000000000
2023-02-25 16:30:00,208.0000000000,42.0000000000,291.5066000000,39.6000000000
2023-02-25 16:45:00,160.0000000000,42.0000000000,234.1326000000,37.3833400000
2023-02-25 17:00:00,120.0000000000,42.0000000000,179.1732000000,35.2000000000
2023-02-25 17:15:00,84.0000000000,41.0000000000,127.6911000000,33.4000000000
2023-02-25 17:30:00,52.0000000000,42.0000000000,80.5555000000,31.6666700000
2023-02-25 17:45:00,28.0000000000,40.0000000000,44.8174500000,30.1833300000
2023-02-25 18:00:00,12.0000000000,41.0000000000,19.2212800000,29.0833300000
2023-02-25 18:15:00,0.0000000000,41.0000000000,1.9317870000,28.0500000000
2023-02-25 18:30:00,0.0000000000,40.0000000000,0.0000000000,27.0666700000
2023-02-25 18:45:00,0.0000000000,40.0000000000,0.0000000000,26.3500000000
2023-02-25 19:00:00,0.0000000000,40.0000000000,0.0000000000,25.9666700000
2023-02-25 19:15:00,0.0000000000,40.0000000000,0.0000000000,26.0500000000
2023-02-25 19:30:00,0.0000000000,40.0000000000,0.0000000000,26.2333300000
2023-02-25 19:45:00,0.0000000000,40.0000000000,0.0000000000,26.1333300000
2023-02-25 20:00:00,0.0000000000,39.0000000000,0.0000000000,25.7166700000
2023-02-25 20:15:00,0.0000000000,39.0000000000,0.0000000000,25.2666700000
2023-02-25 20:30:00,0.0000000000,39.0000000000,0.0000000000,24.8166700000
2023-02-25 20:45:00,0.0000000000,38.0000000000,0.0000000000,24.3000000000
2023-02-25 21:00:00,0.0000000000,38.0000000000,0.0000000000,23.9000000000
2023-02-25 21:15:00,0.0000000000,38.0000000000,0.0000000000,23.8000000000
2023-02-25 21:30:00,0.0000000000,38.0000000000,0.0000000000,23.6833300000
2023-02-25 21:45:00,0.0000000000,38.0000000000,0.0000000000,23.2666700000
2023-02-25 22:00:00,0.0000000000,37.0000000000,0.0000000000,23.0833300000
2023-02-25 22:15:00,0.0000000000,37.0000000000,0.0000000000,23.0000000000
2023-02-25 22:30:00,0.0000000000,37.0000000000,0.0000000000,23.0833300000
2023-02-25 22:45:00,0.0000000000,37.0000000000,0.0000000000,23.1666700000
2023-02-25 23:00:00,0.0000000000,37.0000000000,0.0000000000,23.4000000000
2023-02-25 23:15:00,0.0000000000,37.0000000000,0.0000000000,23.4333300000
2023-02-25 23:30:00,0.0000000000,37.0000000000,0.0000000000,23.0666700000
2023-02-25 23:45:00,0.0000000000,37.0000000000,0.0000000000,22.6833300000
2023-02-26 00:00:00,0.0000000000,37.0000000000,0.0000000000,22.2000000000
2023-02-26 00:15:00,0.0000000000,37.0000000000,0.0000000000,21.5500000000
2023-02-26 00:30:00,0.0000000000,36.0000000000,0.0000000000,20.8166700000
2023-02-26 00:45:00,0.0000000000,36.0000000000,0.0000000000,20.9666700000
2023-02-26 01:00:00,0.0000000000,36.0000000000,0.0000000000,21.2666700000
2023-02-26 01:15:00,0.0000000000,36.0000000000,0.0000000000,21.0166700000
2023-02-26 01:30:00,0.0000000000,36.0000000000,0.0000000000,20.7333300000
2023-02-26 01:45:00,0.0000000000,36.0000000000,0.0000000000,20.3333300000
2023-02-26 02:00:00,0.0000000000,36.0000000000,0.0000000000,20.1500000000
2023-02-26 02:15:00,0.0000000000,35.0000000000,0.0000000000,20.6833300000
2023-02-26 02:30:00,0.0000000000,35.0000000000,0.0000000000,20.9500000000
2023-02-26 02:45:00,0.0000000000,35.0000000000,0.0000000000,20.4000000000
2023-02-26 03:00:00,0.0000000000,34.0000000000,0.0000000000,19.6833300000
2023-02-26 03:15:00,0.0000000000,34.0000000000,0.0000000000,19.6000000000
2023-02-26 03:30:00,0.0000000000,35.0000000000,0.0000000000,19.8500000000
2023-02-26 03:45:00,0.0000000000,35.0000000000,0.0000000000,19.8500000000
2023-02-26 04:00:00,0.0000000000,35.0000000000,0.0000000000,19.5666700000
2023-02-26 04:15:00,0.0000000000,34.0000000000,0.0000000000,19.5500000000
2023-02-26 04:30:00,0.0000000000,34.0000000000,0.0000000000,19.6000000000
2023-02-26 04:45:00,0.0000000000,34.0000000000,0.0000000000,19.4500000000
2023-02-26 05:00:00,0.0000000000,35.0000000000,0.0000000000,19.2166700000
2023-02-26 05:15:00,0.0000000000,34.0000000000,0.0000000000,19.3500000000
2023-02-26 05:30:00,0.0000000000,34.0000000000,0.0000000000,19.6000000000
2023-02-26 05:45:00,0.0000000000,34.0000000000,0.0000000000,19.7666700000
2023-02-26 06:00:00,0.0000000000,34.0000000000,0.0000000000,19.6500000000
2023-02-26 06:15:00,0.0000000000,34.0000000000,0.0000000000,19.4333300000
2023-02-26 06:30:00,8.0000000000,34.0000000000,5.6021800000,19.0333300000
2023-02-26 06:45:00,16.0000000000,32.0000000000,21.7326000000,19.1166700000
2023-02-26 07:00:00,40.0000000000,33.0000000000,52.2548300000,19.6166700000
2023-02-26 07:15:00,76.0000000000,33.0000000000,98.2313500000,20.6666700000
2023-02-26 07:30:00,108.0000000000,33.0000000000,147.2021000000,22.2500000000
2023-02-26 07:45:00,152.0000000000,34.0000000000,198.0081000000,23.9166700000
2023-02-26 08:00:00,188.0000000000,35.0000000000,248.9107000000,25.8500000000
2023-02-26 08:15:00,240.0000000000,36.0000000000,305.7052000000,27.8666700000
2023-02-26 08:30:00,284.0000000000,37.0000000000,367.4258000000,30.0000000000
2023-02-26 08:45:00,308.0000000000,38.0000000000,395.1469000000,31.2833300000
2023-02-26 09:00:00,376.0000000000,39.0000000000,475.8957000000,32.5833300000
2023-02-26 09:15:00,424.0000000000,39.0000000000,537.3265000000,34.8500000000
2023-02-26 09:30:00,464.0000000000,40.0000000000,594.0244000000,37.0333300000
2023-02-26 09:45:00,504.0000000000,40.0000000000,647.0519000000,38.8000000000
2023-02-26 10:00:00,540.0000000000,41.0000000000,695.0568000000,40.3000000000
2023-02-26 10:15:00,580.0000000000,40.0000000000,744.7037000000,41.1166600000
2023-02-26 10:30:00,608.0000000000,40.0000000000,787.6860000000,41.7000000000
2023-02-26 10:45:00,636.0000000000,40.0000000000,825.2593000000,42.9000000000
2023-02-26 11:00:00,656.0000000000,40.0000000000,859.2587000000,44.3166700000
2023-02-26 11:15:00,668.0000000000,40.0000000000,877.9971000000,44.8000000000
2023-02-26 11:30:00,688.0000000000,40.0000000000,904.0762000000,46.2833300000
2023-02-26 11:45:00,692.0000000000,40.0000000000,922.7180000000,48.2166700000
2023-02-26 12:00:00,692.0000000000,40.0000000000,932.5700000000,49.7500000000
2023-02-26 12:15:00,696.0000000000,40.0000000000,936.9166000000,50.6500000000
2023-02-26 12:30:00,688.0000000000,41.0000000000,936.6268000000,52.3500000000
2023-02-26 12:45:00,688.0000000000,41.0000000000,930.3485000000,51.2000000000
2023-02-26 13:00:00,676.0000000000,40.0000000000,915.8600000000,53.0000000000
2023-02-26 13:15:00,664.0000000000,40.0000000000,895.8661000000,52.3666600000
2023-02-26 13:30:00,652.0000000000,41.0000000000,879.1561000000,52.7333300000
2023-02-26 13:45:00,628.0000000000,40.0000000000,855.7815000000,52.6833300000
2023-02-26 14:00:00,620.0000000000,40.0000000000,837.4295000000,51.6833300000
2023-02-26 14:15:00,588.0000000000,40.0000000000,800.3392000000,53.5166700000
2023-02-26 14:30:00,556.0000000000,38.0000000000,755.3286000000,52.5000000000
2023-02-26 14:45:00,540.0000000000,40.0000000000,725.3859000000,51.2166700000
2023-02-26 15:00:00,492.0000000000,41.0000000000,665.7903000000,48.6166600000
2023-02-26 15:15:00,464.0000000000,41.0000000000,617.6888000000,48.3500000000
2023-02-26 15:30:00,416.0000000000,40.0000000000,557.4171000000,46.8666600000
2023-02-26 15:45:00,376.0000000000,40.0000000000,508.8326000000,45.7833300000
2023-02-26 16:00:00,332.0000000000,41.0000000000,448.6575000000,44.4000000000
2023-02-26 16:15:00,272.0000000000,42.0000000000,376.8916000000,42.1666700000
2023-02-26 16:30:00,228.0000000000,40.0000000000,316.0403000000,40.2333300000
2023-02-26 16:45:00,176.0000000000,40.0000000000,252.6777000000,37.7500000000
2023-02-26 17:00:00,128.0000000000,40.0000000000,190.0878000000,36.6833300000
2023-02-26 17:15:00,84.0000000000,40.0000000000,132.2308000000,34.6333400000
2023-02-26 17:30:00,52.0000000000,40.0000000000,85.0952100000,32.1833300000
2023-02-26 17:45:00,28.0000000000,39.0000000000,44.3345000000,29.6500000000
2023-02-26 18:00:00,8.0000000000,40.0000000000,15.2611100000,27.1500000000
2023-02-26 18:15:00,4.0000000000,39.0000000000,1.2556610000,24.8500000000
2023-02-26 18:30:00,0.0000000000,39.0000000000,0.0000000000,22.9333300000
2023-02-26 18:45:00,0.0000000000,39.0000000000,0.0000000000,21.7000000000
2023-02-26 19:00:00,0.0000000000,39.0000000000,0.0000000000,20.9333300000
2023-02-26 19:15:00,0.0000000000,39.0000000000,0.0000000000,20.8000000000
2023-02-26 19:30:00,0.0000000000,38.0000000000,0.0000000000,20.6500000000
2023-02-26 19:45:00,0.0000000000,38.0000000000,0.0000000000,20.5333300000
2023-02-26 20:00:00,0.0000000000,40.0000000000,0.0000000000,20.6666700000
2023-02-26 20:15:00,0.0000000000,38.0000000000,0.0000000000,20.5500000000
2023-02-26 20:30:00,0.0000000000,38.0000000000,0.0000000000,20.9166700000
2023-02-26 20:45:00,0.0000000000,38.0000000000,0.0000000000,21.6833300000
2023-02-26 21:00:00,0.0000000000,38.0000000000,0.0000000000,22.1666700000
2023-02-26 21:15:00,0.0000000000,37.0000000000,0.0000000000,22.2333300000
2023-02-26 21:30:00,0.0000000000,38.0000000000,0.0000000000,22.3833300000
2023-02-26 21:45:00,0.0000000000,37.0000000000,0.0000000000,22.2333300000
2023-02-26 22:00:00,0.0000000000,37.0000000000,0.0000000000,22.0333300000
2023-02-26 22:15:00,0.0000000000,37.0000000000,0.0000000000,22.0833300000
2023-02-26 22:30:00,0.0000000000,37.0000000000,0.0000000000,21.9500000000
2023-02-26 22:45:00,0.0000000000,36.0000000000,0.0000000000,21.8666700000
2023-02-26 23:00:00,0.0000000000,36.0000000000,0.0000000000,21.8833300000
2023-02-26 23:15:00,0.0000000000,36.0000000000,0.0000000000,21.9833300000
2023-02-26 23:30:00,0.0000000000,36.0000000000,0.0000000000,21.7500000000
2023-02-26 23:45:00,0.0000000000,36.0000000000,0.0000000000,21.6833300000
2023-02-27 00:00:00,0.0000000000,36.0000000000,0.0000000000,21.3500000000
2023-02-27 00:15:00,0.0000000000,35.0000000000,0.0000000000,20.6166700000
2023-02-27 00:30:00,0.0000000000,36.0000000000,0.0000000000,20.3000000000
2023-02-27 00:45:00,0.0000000000,35.0000000000,0.0000000000,20.1500000000
2023-02-27 01:00:00,0.0000000000,35.0000000000,0.0000000000,19.7833300000
2023-02-27 01:15:00,0.0000000000,34.0000000000,0.0000000000,19.4000000000
2023-02-27 01:30:00,0.0000000000,34.0000000000,0.0000000000,19.0166700000
2023-02-27 01:45:00,0.0000000000,34.0000000000,0.0000000000,18.3333300000
2023-02-27 02:00:00,0.0000000000,34.0000000000,0.0000000000,18.0166700000
2023-02-27 02:15:00,0.0000000000,34.0000000000,0.0000000000,18.9166700000
2023-02-27 02:30:00,0.0000000000,35.0000000000,0.0000000000,18.7666700000
2023-02-27 02:45:00,0.0000000000,34.0000000000,0.0000000000,18.1000000000
2023-02-27 03:00:00,0.0000000000,34.0000000000,0.0000000000,17.9166700000
2023-02-27 03:15:00,0.0000000000,34.0000000000,0.0000000000,17.5666700000
2023-02-27 03:30:00,0.0000000000,34.0000000000,0.0000000000,17.7833300000
2023-02-27 03:45:00,0.0000000000,33.0000000000,0.0000000000,17.6500000000
2023-02-27 04:00:00,0.0000000000,34.0000000000,0.0000000000,17.4833300000
2023-02-27 04:15:00,0.0000000000,34.0000000000,0.0000000000,17.3833300000
2023-02-27 04:30:00,0.0000000000,33.0000000000,0.0000000000,17.2666700000
2023-02-27 04:45:00,0.0000000000,34.0000000000,0.0000000000,16.7833300000
2023-02-27 05:00:00,0.0000000000,33.0000000000,0.0000000000,16.0333300000
2023-02-27 05:15:00,0.0000000000,33.0000000000,0.0000000000,15.4666700000
2023-02-27 05:30:00,0.0000000000,33.0000000000,0.0000000000,14.9166700000
2023-02-27 05:45:00,0.0000000000,33.0000000000,0.0000000000,14.5166700000
2023-02-27 06:00:00,0.0000000000,33.0000000000,0.0000000000,14.3333300000
2023-02-27 06:15:00,0.0000000000,33.0000000000,0.0000000000,15.1333300000
2023-02-27 06:30:00,4.8000000000,33.0000000000,4.4431100000,16.2000000000
2023-02-27 06:45:00,18.8000000000,33.0000000000,22.5053100000,17.1666700000
2023-02-27 07:00:00,46.8000000000,32.0000000000,65.7773400000,18.5666700000
2023-02-27 07:15:00,80.4000000000,33.0000000000,113.4925000000,20.4000000000
2023-02-27 07:30:00,120.0000000000,34.0000000000,166.0371000000,22.5500000000
2023-02-27 07:45:00,164.8000000000,34.0000000000,222.4453000000,24.8333300000
2023-02-27 08:00:00,208.0000000000,35.0000000000,275.5694000000,27.5333300000
2023-02-27 08:15:00,254.0000000000,36.0000000000,331.7844000000,30.1666700000
2023-02-27 08:30:00,300.4000000000,39.0000000000,388.4823000000,32.6166600000
2023-02-27 08:45:00,341.6000000000,41.0000000000,445.9530000000,34.8500000000
2023-02-27 09:00:00,392.0000000000,42.0000000000,502.8441000000,36.9000000000
2023-02-27 09:15:00,428.0000000000,42.0000000000,556.4512000000,39.7000000000
2023-02-27 09:30:00,464.0000000000,43.0000000000,603.5867000000,42.4166700000
2023-02-27 09:45:00,496.0000000000,43.0000000000,646.7621000000,44.2833300000
2023-02-27 10:00:00,528.0000000000,43.0000000000,688.7785000000,45.7333300000
2023-02-27 10:15:00,548.0000000000,43.0000000000,726.1586000000,47.7166700000
2023-02-27 10:30:00,572.0000000000,42.0000000000,758.8058000000,50.1333400000
2023-02-27 10:45:00,592.0000000000,42.0000000000,790.6803000000,50.8833400000
2023-02-27 11:00:00,608.0000000000,43.0000000000,819.5605000000,52.6833300000
2023-02-27 11:15:00,624.0000000000,42.0000000000,837.6227000000,53.8166700000
2023-02-27 11:30:00,640.0000000000,42.0000000000,860.1280000000,52.1833300000
2023-02-27 11:45:00,648.0000000000,42.0000000000,875.1959000000,52.3333300000
2023-02-27 12:00:00,652.0000000000,42.0000000000,888.6219000000,53.1166600000
2023-02-27 12:15:00,656.0000000000,41.0000000000,893.1616000000,53.8166700000
2023-02-27 12:30:00,660.0000000000,40.0000000000,896.0592000000,52.0333300000
2023-02-27 12:45:00,656.0000000000,41.0000000000,891.4230000000,52.1000000000
2023-02-27 13:00:00,640.0000000000,41.0000000000,880.1220000000,54.4500000000
2023-02-27 13:15:00,632.0000000000,41.0000000000,864.2814000000,54.9500000000
2023-02-27 13:30:00,616.0000000000,40.0000000000,841.0999000000,54.1833300000
2023-02-27 13:45:00,596.0000000000,41.0000000000,812.1231000000,53.1000000000
2023-02-27 14:00:00,572.0000000000,41.0000000000,778.4135000000,51.6000000000
2023-02-27 14:15:00,552.0000000000,41.0000000000,747.3117000000,49.9833300000
2023-02-27 14:30:00,532.0000000000,36.0000000000,711.2839000000,49.1500000000
2023-02-27 14:45:00,488.0000000000,41.0000000000,664.6312000000,50.0333300000
2023-02-27 15:00:00,464.0000000000,41.0000000000,625.5125000000,49.2000000000
2023-02-27 15:15:00,420.0000000000,41.0000000000,569.4907000000,49.5833300000
2023-02-27 15:30:00,396.0000000000,41.0000000000,527.1846000000,47.2000000000
2023-02-27 15:45:00,344.0000000000,41.0000000000,464.2084000000,45.5000000000
2023-02-27 16:00:00,300.0000000000,41.0000000000,409.2490000000,42.9833300000
2023-02-27 16:15:00,260.0000000000,40.0000000000,354.3863000000,40.6833300000
2023-02-27 16:30:00,212.0000000000,41.0000000000,295.6599000000,39.1000000000
2023-02-27 16:45:00,168.0000000000,42.0000000000,240.4108000000,37.0500000000
2023-02-27 17:00:00,124.0000000000,40.0000000000,183.1334000000,35.2500000000
2023-02-27 17:15:00,80.0000000000,40.0000000000,130.3956000000,33.1500000000
2023-02-27 17:30:00,56.0000000000,40.0000000000,84.3224900000,31.0166700000
2023-02-27 17:45:00,24.0000000000,40.0000000000,45.3004000000,28.9666700000
2023-02-27 18:00:00,12.0000000000,39.0000000000,16.2270100000,27.0166700000
2023-02-27 18:15:00,0.0000000000,39.0000000000,1.3522510000,25.2500000000
2023-02-27 18:30:00,0.0000000000,39.0000000000,0.0000000000,23.8666700000
2023-02-27 18:45:00,0.0000000000,38.0000000000,0.0000000000,23.0166700000
2023-02-27 19:00:00,0.0000000000,39.0000000000,0.0000000000,22.4333300000
2023-02-27 19:15:00,0.0000000000,38.0000000000,0.0000000000,22.2166700000
2023-02-27 19:30:00,0.0000000000,38.0000000000,0.0000000000,22.5333300000
2023-02-27 19:45:00,0.0000000000,38.0000000000,0.0000000000,22.8666700000
2023-02-27 20:00:00,0.0000000000,38.0000000000,0.0000000000,22.6500000000
2023-02-27 20:15:00,0.0000000000,38.0000000000,0.0000000000,22.3666700000
2023-02-27 20:30:00,0.0000000000,37.0000000000,0.0000000000,22.3666700000
2023-02-27 20:45:00,0.0000000000,37.0000000000,0.0000000000,22.1000000000
2023-02-27 21:00:00,0.0000000000,38.0000000000,0.0000000000,21.8333300000
2023-02-27 21:15:00,0.0000000000,37.0000000000,0.0000000000,21.6166700000
2023-02-27 21:30:00,0.0000000000,37.0000000000,0.0000000000,21.1333300000
2023-02-27 21:45:00,0.0000000000,37.0000000000,0.0000000000,20.5333300000
2023-02-27 22:00:00,0.0000000000,37.0000000000,0.0000000000,20.3166700000
2023-02-27 22:15:00,0.0000000000,36.0000000000,0.0000000000,20.5166700000
2023-02-27 22:30:00,0.0000000000,37.0000000000,0.0000000000,20.5000000000
2023-02-27 22:45:00,0.0000000000,36.0000000000,0.0000000000,20.2500000000
2023-02-27 23:00:00,0.0000000000,36.0000000000,0.0000000000,20.1000000000
2023-02-27 23:15:00,0.0000000000,36.0000000000,0.0000000000,19.9666700000
2023-02-27 23:30:00,0.0000000000,36.0000000000,0.0000000000,19.9833300000
2023-02-27 23:45:00,0.0000000000,36.0000000000,0.0000000000,19.8500000000
2023-02-28 00:00:00,0.0000000000,36.0000000000,0.0000000000,19.4333300000
2023-02-28 00:15:00,0.0000000000,36.0000000000,0.0000000000,19.3000000000
2023-02-28 00:30:00,0.0000000000,36.0000000000,0.0000000000,18.9000000000
2023-02-28 00:45:00,0.0000000000,35.0000000000,0.0000000000,18.3500000000
2023-02-28 01:00:00,0.0000000000,35.0000000000,0.0000000000,17.7833300000
2023-02-28 01:15:00,0.0000000000,35.0000000000,0.0000000000,17.2666700000
2023-02-28 01:30:00,0.0000000000,35.0000000000,0.0000000000,16.9500000000
2023-02-28 01:45:00,0.0000000000,35.0000000000,0.0000000000,16.6666700000
2023-02-28 02:00:00,0.0000000000,34.0000000000,0.0000000000,16.6833300000
2023-02-28 02:15:00,0.0000000000,35.0000000000,0.0000000000,16.6833300000
2023-02-28 02:30:00,0.0000000000,34.0000000000,0.0000000000,16.4833300000
2023-02-28 02:45:00,0.0000000000,34.0000000000,0.0000000000,16.2333300000
2023-02-28 03:00:00,0.0000000000,34.0000000000,0.0000000000,16.3500000000
2023-02-28 03:15:00,0.0000000000,34.0000000000,0.0000000000,16.4666700000
2023-02-28 03:30:00,0.0000000000,34.0000000000,0.0000000000,16.3000000000
2023-02-28 03:45:00,0.0000000000,34.0000000000,0.0000000000,16.0666700000
2023-02-28 04:00:00,0.0000000000,33.0000000000,0.0000000000,16.0333300000
2023-02-28 04:15:00,0.0000000000,34.0000000000,0.0000000000,16.2000000000
2023-02-28 04:30:00,0.0000000000,34.0000000000,0.0000000000,16.0666700000
2023-02-28 04:45:00,0.0000000000,34.0000000000,0.0000000000,16.0166700000
2023-02-28 05:00:00,0.0000000000,33.0000000000,0.0000000000,16.0666700000
2023-02-28 05:15:00,0.0000000000,33.0000000000,0.0000000000,16.2500000000
2023-02-28 05:30:00,0.0000000000,33.0000000000,0.0000000000,16.5000000000
2023-02-28 05:45:00,0.0000000000,33.0000000000,0.0000000000,17.0500000000
2023-02-28 06:00:00,0.0000000000,33.0000000000,0.0000000000,16.9000000000
2023-02-28 06:15:00,0.0000000000,34.0000000000,0.0000000000,16.6500000000
2023-02-28 06:30:00,4.0000000000,34.0000000000,3.6703950000,16.5166700000
2023-02-28 06:45:00,16.0000000000,33.0000000000,18.9315100000,16.6666700000
2023-02-28 07:00:00,47.2000000000,33.0000000000,67.5159500000,17.6666700000
2023-02-28 07:15:00,80.4000000000,33.0000000000,116.0038000000,20.0666700000
2023-02-28 07:30:00,120.8000000000,34.0000000000,170.2870000000,22.9000000000
2023-02-28 07:45:00,167.2000000000,34.0000000000,227.7576000000,25.7500000000
2023-02-28 08:00:00,214.4000000000,36.0000000000,287.7396000000,28.7333300000
2023-02-28 08:15:00,262.0000000000,38.0000000000,345.7898000000,31.7333300000
2023-02-28 08:30:00,306.4000000000,40.0000000000,400.7492000000,34.3666600000
2023-02-28 08:45:00,352.4000000000,42.0000000000,458.1232000000,36.8166700000
2023-02-28 09:00:00,388.0000000000,43.0000000000,512.6962000000,39.0666700000
2023-02-28 09:15:00,436.0000000000,44.0000000000,566.5931000000,41.7666700000
2023-02-28 09:30:00,468.0000000000,44.0000000000,619.2343000000,43.0166700000
2023-02-28 09:45:00,500.0000000000,45.0000000000,664.3414000000,45.1666700000
2023-02-28 10:00:00,532.0000000000,46.0000000000,707.9033000000,47.6333400000
2023-02-28 10:15:00,556.0000000000,45.0000000000,750.9821000000,49.8166700000
2023-02-28 10:30:00,580.0000000000,44.0000000000,784.1122000000,52.2000000000
2023-02-28 10:45:00,596.0000000000,44.0000000000,815.7936000000,53.1500000000
2023-02-28 11:00:00,620.0000000000,43.0000000000,843.8044000000,53.8500000000
2023-02-28 11:15:00,624.0000000000,43.0000000000,862.8325000000,56.1000000000
2023-02-28 11:30:00,628.0000000000,43.0000000000,866.4063000000,56.4666700000
2023-02-28 11:45:00,640.0000000000,43.0000000000,883.8890000000,56.8166700000
2023-02-28 12:00:00,640.0000000000,43.0000000000,896.8320000000,58.8500000000
2023-02-28 12:15:00,636.0000000000,43.0000000000,887.6559000000,59.2666700000
2023-02-28 12:30:00,648.0000000000,43.0000000000,887.4628000000,57.7833300000
2023-02-28 12:45:00,644.0000000000,43.0000000000,893.7411000000,57.7166700000
2023-02-28 13:00:00,644.0000000000,44.0000000000,891.7127000000,58.2833300000
2023-02-28 13:15:00,632.0000000000,44.0000000000,877.8039000000,58.6666700000
2023-02-28 13:30:00,616.0000000000,44.0000000000,849.0203000000,58.4500000000
2023-02-28 13:45:00,592.0000000000,43.0000000000,824.1968000000,57.7000000000
2023-02-28 14:00:00,580.0000000000,44.0000000000,798.9869000000,57.8833400000
2023-02-28 14:15:00,556.0000000000,43.0000000000,769.5272000000,56.5833300000
2023-02-28 14:30:00,516.0000000000,43.0000000000,722.1984000000,56.3166700000
2023-02-28 14:45:00,492.0000000000,43.0000000000,675.9321000000,53.9500000000
2023-02-28 15:00:00,452.0000000000,43.0000000000,627.7341000000,53.7666700000
2023-02-28 15:15:00,404.0000000000,43.0000000000,559.7352000000,52.6666700000
2023-02-28 15:30:00,380.0000000000,43.0000000000,518.0086000000,49.9000000000
2023-02-28 15:45:00,332.0000000000,43.0000000000,456.5778000000,47.9666700000
2023-02-28 16:00:00,284.0000000000,42.0000000000,395.4367000000,47.1500000000
2023-02-28 16:15:00,240.0000000000,43.0000000000,338.7388000000,44.1500000000
2023-02-28 16:30:00,204.0000000000,42.0000000000,287.0635000000,41.5833300000
2023-02-28 16:45:00,156.0000000000,42.0000000000,229.8826000000,39.8666600000
2023-02-28 17:00:00,112.0000000000,42.0000000000,170.6734000000,38.1333400000
2023-02-28 17:15:00,84.0000000000,42.0000000000,129.2365000000,36.3000000000
2023-02-28 17:30:00,52.0000000000,42.0000000000,83.9361400000,34.0666700000
2023-02-28 17:45:00,28.0000000000,42.0000000000,48.7776100000,31.5333300000
2023-02-28 18:00:00,12.0000000000,41.0000000000,18.8349200000,29.4000000000
2023-02-28 18:15:00,0.0000000000,42.0000000000,2.0283760000,27.5333300000
2023-02-28 18:30:00,0.0000000000,41.0000000000,0.0000000000,26.3666700000
2023-02-28 18:45:00,0.0000000000,40.0000000000,0.0000000000,25.6333300000
2023-02-28 19:00:00,0.0000000000,40.0000000000,0.0000000000,25.1500000000
2023-02-28 19:15:00,0.0000000000,40.0000000000,0.0000000000,24.7333300000
2023-02-28 19:30:00,0.0000000000,40.0000000000,0.0000000000,24.2500000000
2023-02-28 19:45:00,0.0000000000,39.0000000000,0.0000000000,23.9666700000
2023-02-28 20:00:00,0.0000000000,40.0000000000,0.0000000000,23.5166700000
2023-02-28 20:15:00,0.0000000000,39.0000000000,0.0000000000,22.8000000000
2023-02-28 20:30:00,0.0000000000,39.0000000000,0.0000000000,22.2833300000
2023-02-28 20:45:00,0.0000000000,39.0000000000,0.0000000000,22.2666700000
2023-02-28 21:00:00,0.0000000000,39.0000000000,0.0000000000,22.2000000000
2023-02-28 21:15:00,0.0000000000,39.0000000000,0.0000000000,22.2166700000
2023-02-28 21:30:00,0.0000000000,38.0000000000,0.0000000000,22.3666700000
2023-02-28 21:45:00,0.0000000000,38.0000000000,0.0000000000,22.5666700000
2023-02-28 22:00:00,0.0000000000,38.0000000000,0.0000000000,22.4166700000
2023-02-28 22:15:00,0.0000000000,38.0000000000,0.0000000000,22.2833300000
2023-02-28 22:30:00,0.0000000000,38.0000000000,0.0000000000,22.0333300000
2023-02-28 22:45:00,0.0000000000,37.0000000000,0.0000000000,22.1666700000
2023-02-28 23:00:00,0.0000000000,37.0000000000,0.0000000000,21.8000000000
2023-02-28 23:15:00,0.0000000000,37.0000000000,0.0000000000,21.2833300000
2023-02-28 23:30:00,0.0000000000,37.0000000000,0.0000000000,20.9833300000
2023-02-28 23:45:00,0.0000000000,38.0000000000,0.0000000000,20.7500000000
2023-03-01 00:00:00,0.0000000000,36.0000000000,0.0000000000,20.4000000000
2023-03-01 00:15:00,0.0000000000,37.0000000000,0.0000000000,20.1500000000
2023-03-01 00:30:00,0.0000000000,37.0000000000,0.0000000000,19.7833300000
2023-03-01 00:45:00,0.0000000000,37.0000000000,0.0000000000,19.5166700000
2023-03-01 01:00:00,0.0000000000,37.0000000000,0.0000000000,19.1333300000
2023-03-01 01:15:00,0.0000000000,36.0000000000,0.0000000000,18.8166700000
2023-03-01 01:30:00,0.0000000000,36.0000000000,0.0000000000,18.8833300000
2023-03-01 01:45:00,0.0000000000,36.0000000000,0.0000000000,18.9666700000
2023-03-01 02:00:00,0.0000000000,36.0000000000,0.0000000000,19.2500000000
2023-03-01 02:15:00,0.0000000000,36.0000000000,0.0000000000,20.2500000000
2023-03-01 02:30:00,0.0000000000,37.0000000000,0.0000000000,20.5833300000
2023-03-01 02:45:00,0.0000000000,35.0000000000,0.0000000000,20.1833300000
2023-03-01 03:00:00,0.0000000000,35.0000000000,0.0000000000,20.0333300000
2023-03-01 03:15:00,0.0000000000,36.0000000000,0.0000000000,20.1000000000
2023-03-01 03:30:00,0.0000000000,36.0000000000,0.0000000000,20.0833300000
2023-03-01 03:45:00,0.0000000000,36.0000000000,0.0000000000,19.8666700000
2023-03-01 04:00:00,0.0000000000,35.0000000000,0.0000000000,19.8000000000
2023-03-01 04:15:00,0.0000000000,35.0000000000,0.0000000000,19.7833300000
2023-03-01 04:30:00,0.0000000000,36.0000000000,0.0000000000,19.6000000000
2023-03-01 04:45:00,0.0000000000,35.0000000000,0.0000000000,19.4166700000
2023-03-01 05:00:00,0.0000000000,35.0000000000,0.0000000000,19.3833300000
2023-03-01 05:15:00,0.0000000000,35.0000000000,0.0000000000,19.1166700000
2023-03-01 05:30:00,0.0000000000,35.0000000000,0.0000000000,18.7166700000
2023-03-01 05:45:00,0.0000000000,35.0000000000,0.0000000000,18.5333300000
2023-03-01 06:00:00,0.0000000000,36.0000000000,0.0000000000,18.9000000000
2023-03-01 06:15:00,0.0000000000,35.0000000000,0.0000000000,19.2500000000
2023-03-01 06:30:00,4.8000000000,36.0000000000,5.0226450000,19.3833300000
2023-03-01 06:45:00,14.4000000000,35.0000000000,23.0848500000,19.5000000000
2023-03-01 07:00:00,46.4000000000,35.0000000000,66.7432300000,20.1833300000
2023-03-01 07:15:00,86.0000000000,35.0000000000,129.9126000000,22.2666700000
2023-03-01 07:30:00,124.0000000000,35.0000000000,187.0935000000,25.1333300000
2023-03-01 07:45:00,158.0000000000,36.0000000000,212.5931000000,27.6833300000
2023-03-01 08:00:00,244.8000000000,37.0000000000,325.3129000000,31.0166700000
2023-03-01 08:15:00,290.4000000000,40.0000000000,388.7721000000,35.3666600000
2023-03-01 08:30:00,280.4000000000,43.0000000000,385.9710000000,38.0666700000
2023-03-01 08:45:00,348.8000000000,45.0000000000,452.0381000000,39.3833400000
2023-03-01 09:00:00,432.0000000000,45.0000000000,564.3715000000,42.4000000000
2023-03-01 09:15:00,400.0000000000,48.0000000000,561.0875000000,45.5833300000
2023-03-01 09:30:00,432.0000000000,47.0000000000,546.0195000000,45.4166700000
2023-03-01 09:45:00,532.0000000000,46.0000000000,718.6246000000,48.6833300000
2023-03-01 10:00:00,544.0000000000,47.0000000000,744.7038000000,50.8666600000
2023-03-01 10:15:00,576.0000000000,46.0000000000,778.9930000000,51.6666700000
2023-03-01 10:30:00,600.0000000000,46.0000000000,816.2764000000,52.2666700000
2023-03-01 10:45:00,620.0000000000,46.0000000000,858.0031000000,53.4166700000
2023-03-01 11:00:00,644.0000000000,46.0000000000,888.1389000000,54.5000000000
2023-03-01 11:15:00,652.0000000000,46.0000000000,905.8148000000,54.6333400000
2023-03-01 11:30:00,660.0000000000,46.0000000000,911.6101000000,54.5166700000
2023-03-01 11:45:00,672.0000000000,46.0000000000,925.1326000000,52.8166700000
2023-03-01 12:00:00,672.0000000000,46.0000000000,934.8881000000,53.3000000000
2023-03-01 12:15:00,676.0000000000,45.0000000000,933.6325000000,55.9000000000
2023-03-01 12:30:00,668.0000000000,45.0000000000,936.8199000000,57.2833300000
2023-03-01 12:45:00,664.0000000000,45.0000000000,923.9736000000,57.4000000000
2023-03-01 13:00:00,648.0000000000,45.0000000000,907.0704000000,57.0333300000
2023-03-01 13:15:00,640.0000000000,45.0000000000,897.4116000000,57.1500000000
2023-03-01 13:30:00,616.0000000000,45.0000000000,864.0882000000,57.8000000000
2023-03-01 13:45:00,608.0000000000,44.0000000000,839.3613000000,57.1833300000
2023-03-01 14:00:00,580.0000000000,44.0000000000,813.2822000000,55.0333300000
2023-03-01 14:15:00,560.0000000000,45.0000000000,780.7316000000,53.0333300000
2023-03-01 14:30:00,524.0000000000,45.0000000000,738.9084000000,54.6666700000
2023-03-01 14:45:00,484.0000000000,45.0000000000,680.6650000000,55.3000000000
2023-03-01 15:00:00,464.0000000000,45.0000000000,637.7794000000,54.3666600000
2023-03-01 15:15:00,416.0000000000,44.0000000000,583.2064000000,53.3833400000
2023-03-01 15:30:00,388.0000000000,44.0000000000,536.8435000000,50.7833300000
2023-03-01 15:45:00,348.0000000000,44.0000000000,485.1682000000,50.1333400000
2023-03-01 16:00:00,304.0000000000,44.0000000000,426.2487000000,49.3166700000
2023-03-01 16:15:00,256.0000000000,44.0000000000,365.0111000000,46.9000000000
2023-03-01 16:30:00,216.0000000000,44.0000000000,312.4665000000,45.7666700000
2023-03-01 16:45:00,168.0000000000,44.0000000000,251.4220000000,42.6500000000
2023-03-01 17:00:00,124.0000000000,44.0000000000,190.5708000000,41.0833300000
2023-03-01 17:15:00,88.0000000000,43.0000000000,139.3784000000,39.4333300000
2023-03-01 17:30:00,52.0000000000,43.0000000000,91.9530500000,36.9666700000
2023-03-01 17:45:00,24.0000000000,43.0000000000,45.7833400000,34.3333300000
2023-03-01 18:00:00,8.0000000000,43.0000000000,11.7839000000,32.0500000000
2023-03-01 18:15:00,0.0000000000,43.0000000000,0.4829467000,30.4333300000
2023-03-01 18:30:00,0.0000000000,43.0000000000,0.0000000000,29.6666700000
2023-03-01 18:45:00,0.0000000000,42.0000000000,0.0000000000,29.2000000000
2023-03-01 19:00:00,0.0000000000,42.0000000000,0.0000000000,28.6833300000
2023-03-01 19:15:00,0.0000000000,42.0000000000,0.0000000000,27.6333300000
2023-03-01 19:30:00,0.0000000000,42.0000000000,0.0000000000,26.2833300000
2023-03-01 19:45:00,0.0000000000,42.0000000000,0.0000000000,25.5833300000
2023-03-01 20:00:00,0.0000000000,43.0000000000,0.0000000000,25.2166700000
2023-03-01 20:15:00,0.0000000000,41.0000000000,0.0000000000,24.8500000000
2023-03-01 20:30:00,0.0000000000,41.0000000000,0.0000000000,24.4666700000
2023-03-01 20:45:00,0.0000000000,41.0000000000,0.0000000000,24.1333300000
2023-03-01 21:00:00,0.0000000000,41.0000000000,0.0000000000,23.8166700000
2023-03-01 21:15:00,0.0000000000,40.0000000000,0.0000000000,23.8833300000
2023-03-01 21:30:00,0.0000000000,40.0000000000,0.0000000000,23.7166700000
2023-03-01 21:45:00,0.0000000000,40.0000000000,0.0000000000,23.7000000000
2023-03-01 22:00:00,0.0000000000,40.0000000000,0.0000000000,23.9833300000
2023-03-01 22:15:00,0.0000000000,39.0000000000,0.0000000000,23.8000000000
2023-03-01 22:30:00,0.0000000000,40.0000000000,0.0000000000,23.2833300000
2023-03-01 22:45:00,0.0000000000,39.0000000000,0.0000000000,22.9166700000
2023-03-01 23:00:00,0.0000000000,40.0000000000,0.0000000000,22.9333300000
2023-03-01 23:15:00,0.0000000000,40.0000000000,0.0000000000,23.8166700000
2023-03-01 23:30:00,0.0000000000,40.0000000000,0.0000000000,24.5333300000
2023-03-01 23:45:00,0.0000000000,39.0000000000,0.0000000000,24.4500000000
2023-03-02 00:00:00,0.0000000000,39.0000000000,0.0000000000,23.8500000000
2023-03-02 00:15:00,0.0000000000,39.0000000000,0.0000000000,23.3166700000
2023-03-02 00:30:00,0.0000000000,39.0000000000,0.0000000000,22.7333300000
2023-03-02 00:45:00,0.0000000000,39.0000000000,0.0000000000,22.3500000000
2023-03-02 01:00:00,0.0000000000,38.0000000000,0.0000000000,22.1666700000
2023-03-02 01:15:00,0.0000000000,39.0000000000,0.0000000000,22.2333300000
2023-03-02 01:30:00,0.0000000000,38.0000000000,0.0000000000,22.1333300000
2023-03-02 01:45:00,0.0000000000,38.0000000000,0.0000000000,21.7666700000
2023-03-02 02:00:00,0.0000000000,38.0000000000,0.0000000000,21.5333300000
2023-03-02 02:15:00,0.0000000000,38.0000000000,0.0000000000,21.3333300000
2023-03-02 02:30:00,0.0000000000,38.0000000000,0.0000000000,20.9833300000
2023-03-02 02:45:00,0.0000000000,38.0000000000,0.0000000000,21.1833300000
2023-03-02 03:00:00,0.0000000000,38.0000000000,0.0000000000,21.4166700000
2023-03-02 03:15:00,0.0000000000,38.0000000000,0.0000000000,21.3833300000
2023-03-02 03:30:00,0.0000000000,38.0000000000,0.0000000000,21.3833300000
2023-03-02 03:45:00,0.0000000000,38.0000000000,0.0000000000,21.1000000000
2023-03-02 04:00:00,0.0000000000,37.0000000000,0.0000000000,20.7000000000
2023-03-02 04:15:00,0.0000000000,38.0000000000,0.0000000000,20.5333300000
2023-03-02 04:30:00,0.0000000000,37.0000000000,0.0000000000,20.7666700000
2023-03-02 04:45:00,0.0000000000,38.0000000000,0.0000000000,20.6500000000
2023-03-02 05:00:00,0.0000000000,37.0000000000,0.0000000000,20.9333300000
2023-03-02 05:15:00,0.0000000000,37.0000000000,0.0000000000,21.3333300000
2023-03-02 05:30:00,0.0000000000,37.0000000000,0.0000000000,21.2333300000
2023-03-02 05:45:00,0.0000000000,36.0000000000,0.0000000000,20.8000000000
2023-03-02 06:00:00,0.0000000000,36.0000000000,0.0000000000,20.8500000000
2023-03-02 06:15:00,0.4000000000,36.0000000000,0.0000000000,20.9666700000
2023-03-02 06:30:00,4.0000000000,37.0000000000,3.6703950000,21.2166700000
2023-03-02 06:45:00,15.2000000000,36.0000000000,20.6701200000,21.7666700000
2023-03-02 07:00:00,38.4000000000,36.0000000000,49.3571500000,22.7500000000
2023-03-02 07:15:00,80.8000000000,36.0000000000,119.0947000000,24.6666700000
2023-03-02 07:30:00,127.6000000000,37.0000000000,183.5197000000,27.2500000000
2023-03-02 07:45:00,172.8000000000,38.0000000000,245.3369000000,29.8166700000
2023-03-02 08:00:00,222.8000000000,39.0000000000,306.4779000000,32.5166700000
2023-03-02 08:15:00,264.0000000000,41.0000000000,362.9827000000,35.4833300000
2023-03-02 08:30:00,311.2000000000,44.0000000000,415.2375000000,37.7333300000
2023-03-02 08:45:00,350.4000000000,44.0000000000,471.6457000000,39.3166700000
2023-03-02 09:00:00,384.0000000000,47.0000000000,518.4916000000,39.8166700000
2023-03-02 09:15:00,432.0000000000,48.0000000000,569.6839000000,41.6833300000
2023-03-02 09:30:00,480.0000000000,48.0000000000,638.7453000000,45.0500000000
2023-03-02 09:45:00,504.0000000000,47.0000000000,682.7900000000,46.4166700000
2023-03-02 10:00:00,536.0000000000,47.0000000000,717.1758000000,47.6000000000
2023-03-02 10:15:00,568.0000000000,46.0000000000,772.1351000000,49.8000000000
2023-03-02 10:30:00,584.0000000000,46.0000000000,801.1119000000,51.1333400000
2023-03-02 10:45:00,604.0000000000,46.0000000000,830.9580000000,51.6833300000
2023-03-02 11:00:00,588.0000000000,47.0000000000,811.4470000000,53.5666700000
2023-03-02 11:15:00,628.0000000000,46.0000000000,857.9065000000,53.9500000000
2023-03-02 11:30:00,636.0000000000,46.0000000000,886.3037000000,56.4333300000
2023-03-02 11:45:00,620.0000000000,45.0000000000,865.5370000000,57.5500000000
2023-03-02 12:00:00,624.0000000000,45.0000000000,875.4857000000,56.7166700000
2023-03-02 12:15:00,636.0000000000,46.0000000000,898.2808000000,59.0666700000
2023-03-02 12:30:00,636.0000000000,45.0000000000,899.0535000000,60.3166700000
2023-03-02 12:45:00,636.0000000000,46.0000000000,901.8546000000,60.2000000000
2023-03-02 13:00:00,636.0000000000,46.0000000000,895.2865000000,57.6333400000
2023-03-02 13:15:00,628.0000000000,46.0000000000,879.2527000000,57.3666600000
2023-03-02 13:30:00,608.0000000000,46.0000000000,860.6109000000,57.6000000000
2023-03-02 13:45:00,596.0000000000,45.0000000000,836.3670000000,56.7500000000
2023-03-02 14:00:00,576.0000000000,46.0000000000,809.7084000000,55.8166700000
2023-03-02 14:15:00,544.0000000000,45.0000000000,765.2773000000,56.6500000000
2023-03-02 14:30:00,520.0000000000,45.0000000000,726.2552000000,55.6833300000
2023-03-02 14:45:00,492.0000000000,45.0000000000,691.0001000000,55.2000000000
2023-03-02 15:00:00,460.0000000000,45.0000000000,648.0178000000,54.2833300000
2023-03-02 15:15:00,412.0000000000,45.0000000000,580.2121000000,53.7500000000
2023-03-02 15:30:00,360.0000000000,45.0000000000,508.2531000000,50.1500000000
2023-03-02 15:45:00,336.0000000000,45.0000000000,462.6630000000,47.0166700000
2023-03-02 16:00:00,296.0000000000,44.0000000000,415.5273000000,45.4333300000
2023-03-02 16:15:00,248.0000000000,44.0000000000,355.3522000000,44.1166600000
2023-03-02 16:30:00,208.0000000000,44.0000000000,306.4779000000,42.7166700000
2023-03-02 16:45:00,132.0000000000,45.0000000000,205.9285000000,40.4000000000
2023-03-02 17:00:00,84.0000000000,43.0000000000,132.0376000000,37.4000000000
2023-03-02 17:15:00,60.0000000000,44.0000000000,95.1404900000,35.2833300000
2023-03-02 17:30:00,48.0000000000,44.0000000000,75.6294500000,34.0833300000
2023-03-02 17:45:00,24.0000000000,44.0000000000,43.7549700000,32.8333300000
2023-03-02 18:00:00,12.0000000000,44.0000000000,19.7042300000,31.5000000000
2023-03-02 18:15:00,0.0000000000,42.0000000000,2.5113230000,30.2833300000
2023-03-02 18:30:00,0.0000000000,43.0000000000,0.0000000000,29.0166700000
2023-03-02 18:45:00,0.0000000000,43.0000000000,0.0000000000,28.2166700000
2023-03-02 19:00:00,0.0000000000,42.0000000000,0.0000000000,27.8500000000
2023-03-02 19:15:00,0.0000000000,42.0000000000,0.0000000000,27.7000000000
2023-03-02 19:30:00,0.0000000000,42.0000000000,0.0000000000,27.2000000000
2023-03-02 19:45:00,0.0000000000,42.0000000000,0.0000000000,25.9833300000
2023-03-02 20:00:00,0.0000000000,42.0000000000,0.0000000000,25.7000000000
2023-03-02 20:15:00,0.0000000000,40.0000000000,0.0000000000,26.0833300000
2023-03-02 20:30:00,0.0000000000,41.0000000000,0.0000000000,26.0166700000
2023-03-02 20:45:00,0.0000000000,41.0000000000,0.0000000000,25.4833300000
2023-03-02 21:00:00,0.0000000000,41.0000000000,0.0000000000,25.1500000000
2023-03-02 21:15:00,0.0000000000,40.0000000000,0.0000000000,25.5500000000
2023-03-02 21:30:00,0.0000000000,40.0000000000,0.0000000000,26.0833300000
2023-03-02 21:45:00,0.0000000000,40.0000000000,0.0000000000,26.2833300000
2023-03-02 22:00:00,0.0000000000,40.0000000000,0.0000000000,25.9666700000
2023-03-02 22:15:00,0.0000000000,40.0000000000,0.0000000000,25.5833300000
2023-03-02 22:30:00,0.0000000000,39.0000000000,0.0000000000,24.8333300000
2023-03-02 22:45:00,0.0000000000,39.0000000000,0.0000000000,24.1333300000
2023-03-02 23:00:00,0.0000000000,39.0000000000,0.0000000000,23.4333300000
2023-03-02 23:15:00,0.0000000000,39.0000000000,0.0000000000,23.3333300000
2023-03-02 23:30:00,0.0000000000,39.0000000000,0.0000000000,23.7500000000
2023-03-02 23:45:00,0.0000000000,39.0000000000,0.0000000000,23.7666700000
2023-03-03 00:00:00,0.0000000000,38.0000000000,0.0000000000,23.4666700000
2023-03-03 00:15:00,0.0000000000,38.0000000000,0.0000000000,23.3666700000
2023-03-03 00:30:00,0.0000000000,38.0000000000,0.0000000000,23.4833300000
2023-03-03 00:45:00,0.0000000000,38.0000000000,0.0000000000,23.2666700000
2023-03-03 01:00:00,0.0000000000,38.0000000000,0.0000000000,23.1166700000
2023-03-03 01:15:00,0.0000000000,38.0000000000,0.0000000000,23.0333300000
2023-03-03 01:30:00,0.0000000000,37.0000000000,0.0000000000,22.7000000000
2023-03-03 01:45:00,0.0000000000,37.0000000000,0.0000000000,22.7000000000
2023-03-03 02:00:00,0.0000000000,37.0000000000,0.0000000000,22.4833300000
2023-03-03 02:15:00,0.0000000000,37.0000000000,0.0000000000,22.0333300000
2023-03-03 02:30:00,0.0000000000,37.0000000000,0.0000000000,21.4000000000
2023-03-03 02:45:00,0.0000000000,37.0000000000,0.0000000000,20.4833300000
2023-03-03 03:00:00,0.0000000000,37.0000000000,0.0000000000,19.9666700000
2023-03-03 03:15:00,0.0000000000,37.0000000000,0.0000000000,20.0833300000
2023-03-03 03:30:00,0.0000000000,37.0000000000,0.0000000000,20.2666700000
2023-03-03 03:45:00,0.0000000000,37.0000000000,0.0000000000,20.3833300000
2023-03-03 04:00:00,0.0000000000,36.0000000000,0.0000000000,20.0666700000
2023-03-03 04:15:00,0.0000000000,36.0000000000,0.0000000000,19.1333300000
2023-03-03 04:30:00,0.0000000000,36.0000000000,0.0000000000,18.5333300000
2023-03-03 04:45:00,0.0000000000,36.0000000000,0.0000000000,18.5666700000
2023-03-03 05:00:00,0.0000000000,36.0000000000,0.0000000000,18.2500000000
2023-03-03 05:15:00,0.0000000000,36.0000000000,0.0000000000,17.9166700000
2023-03-03 05:30:00,0.0000000000,36.0000000000,0.0000000000,17.5333300000
2023-03-03 05:45:00,0.0000000000,36.0000000000,0.0000000000,17.1333300000
2023-03-03 06:00:00,0.0000000000,36.0000000000,0.0000000000,16.9666700000
2023-03-03 06:15:00,0.8000000000,36.0000000000,0.1931787000,16.8333300000
2023-03-03 06:30:00,8.0000000000,36.0000000000,9.0793990000,17.1500000000
2023-03-03 06:45:00,23.2000000000,36.0000000000,30.4256400000,17.8000000000
2023-03-03 07:00:00,49.6000000000,36.0000000000,68.1920700000,19.1000000000
2023-03-03 07:15:00,78.0000000000,36.0000000000,114.1686000000,20.9166700000
2023-03-03 07:30:00,117.2000000000,36.0000000000,169.9972000000,24.5666700000
2023-03-03 07:45:00,166.4000000000,37.0000000000,232.2007000000,28.0833300000
2023-03-03 08:00:00,220.0000000000,38.0000000000,303.6769000000,30.8166700000
2023-03-03 08:15:00,270.8000000000,40.0000000000,367.4258000000,32.1500000000
2023-03-03 08:30:00,321.6000000000,42.0000000000,428.8567000000,33.2666700000
2023-03-03 08:45:00,367.6000000000,44.0000000000,486.0375000000,34.4833300000
2023-03-03 09:00:00,396.0000000000,45.0000000000,523.5142000000,35.7833300000
2023-03-03 09:15:00,404.0000000000,45.0000000000,534.5253000000,37.3500000000
2023-03-03 09:30:00,464.0000000000,46.0000000000,596.9221000000,38.9166700000
2023-03-03 09:45:00,532.0000000000,45.0000000000,707.5168000000,42.2833300000
2023-03-03 10:00:00,528.0000000000,46.0000000000,708.5793000000,44.0000000000
2023-03-03 10:15:00,524.0000000000,46.0000000000,704.9089000000,44.0666700000
2023-03-03 10:30:00,584.0000000000,46.0000000000,770.8795000000,44.8500000000
2023-03-03 10:45:00,632.0000000000,45.0000000000,857.7133000000,46.9000000000
2023-03-03 11:00:00,640.0000000000,45.0000000000,871.6221000000,48.5333300000
2023-03-03 11:15:00,640.0000000000,45.0000000000,876.5482000000,49.6000000000
2023-03-03 11:30:00,656.0000000000,44.0000000000,892.4854000000,50.5666700000
2023-03-03 11:45:00,640.0000000000,43.0000000000,885.2413000000,51.8833400000
2023-03-03 12:00:00,624.0000000000,44.0000000000,865.9234000000,53.1166600000
2023-03-03 12:15:00,664.0000000000,44.0000000000,918.3713000000,54.8666600000
2023-03-03 12:30:00,608.0000000000,44.0000000000,882.3436000000,59.0500000000
2023-03-03 12:45:00,664.0000000000,44.0000000000,911.3204000000,57.2333300000
2023-03-03 13:00:00,624.0000000000,44.0000000000,895.4797000000,58.7166700000
2023-03-03 13:15:00,564.0000000000,44.0000000000,791.8394000000,58.1500000000
2023-03-03 13:30:00,624.0000000000,46.0000000000,863.1223000000,56.5333300000
2023-03-03 13:45:00,572.0000000000,43.0000000000,812.1231000000,57.7833300000
2023-03-03 14:00:00,504.0000000000,43.0000000000,707.9032000000,56.2000000000
2023-03-03 14:15:00,520.0000000000,43.0000000000,722.2950000000,54.9666700000
2023-03-03 14:30:00,496.0000000000,43.0000000000,685.5911000000,53.3833400000
2023-03-03 14:45:00,516.0000000000,43.0000000000,715.1475000000,53.1333400000
2023-03-03 15:00:00,436.0000000000,44.0000000000,631.7908000000,54.5333300000
2023-03-03 15:15:00,420.0000000000,44.0000000000,572.5815000000,52.6500000000
2023-03-03 15:30:00,360.0000000000,43.0000000000,521.9688000000,50.9166700000
2023-03-03 15:45:00,324.0000000000,43.0000000000,441.7996000000,48.6500000000
2023-03-03 16:00:00,300.0000000000,43.0000000000,424.8965000000,47.7333300000
2023-03-03 16:15:00,236.0000000000,43.0000000000,337.1934000000,46.2666700000
2023-03-03 16:30:00,176.0000000000,41.0000000000,256.9276000000,43.8500000000
2023-03-03 16:45:00,164.0000000000,43.0000000000,238.0927000000,41.4333300000
2023-03-03 17:00:00,132.0000000000,43.0000000000,198.1047000000,40.1500000000
2023-03-03 17:15:00,76.0000000000,43.0000000000,129.0433000000,38.3333300000
2023-03-03 17:30:00,44.0000000000,43.0000000000,69.3511400000,34.8500000000
2023-03-03 17:45:00,24.0000000000,42.0000000000,39.1186800000,31.8500000000
2023-03-03 18:00:00,12.0000000000,42.0000000000,17.3860800000,30.0333300000
2023-03-03 18:15:00,0.0000000000,42.0000000000,1.7386080000,28.8000000000
2023-03-03 18:30:00,0.0000000000,42.0000000000,0.0000000000,27.8166700000
2023-03-03 18:45:00,0.0000000000,42.0000000000,0.0000000000,27.2166700000
2023-03-03 19:00:00,0.0000000000,41.0000000000,0.0000000000,26.8000000000
2023-03-03 19:15:00,0.0000000000,42.0000000000,0.0000000000,26.5000000000
2023-03-03 19:30:00,0.0000000000,42.0000000000,0.0000000000,25.7333300000
2023-03-03 19:45:00,0.0000000000,41.0000000000,0.0000000000,24.6666700000
2023-03-03 20:00:00,0.0000000000,40.0000000000,0.0000000000,23.9833300000
2023-03-03 20:15:00,0.0000000000,40.0000000000,0.0000000000,23.4833300000
2023-03-03 20:30:00,0.0000000000,40.0000000000,0.0000000000,23.1166700000
2023-03-03 20:45:00,0.0000000000,39.0000000000,0.0000000000,23.0833300000
2023-03-03 21:00:00,0.0000000000,40.0000000000,0.0000000000,22.8500000000
2023-03-03 21:15:00,0.0000000000,40.0000000000,0.0000000000,22.5000000000
2023-03-03 21:30:00,0.0000000000,39.0000000000,0.0000000000,21.9666700000
2023-03-03 21:45:00,0.0000000000,39.0000000000,0.0000000000,21.6166700000
2023-03-03 22:00:00,0.0000000000,39.0000000000,0.0000000000,21.8000000000
2023-03-03 22:15:00,0.0000000000,39.0000000000,0.0000000000,22.2333300000
2023-03-03 22:30:00,0.0000000000,39.0000000000,0.0000000000,22.6000000000
2023-03-03 22:45:00,0.0000000000,39.0000000000,0.0000000000,22.9000000000
2023-03-03 23:00:00,0.0000000000,38.0000000000,0.0000000000,23.0833300000
2023-03-03 23:15:00,0.0000000000,38.0000000000,0.0000000000,23.1500000000
2023-03-03 23:30:00,0.0000000000,38.0000000000,0.0000000000,23.1000000000
2023-03-03 23:45:00,0.0000000000,38.0000000000,0.0000000000,23.0166700000
2023-03-04 00:00:00,0.0000000000,38.0000000000,0.0000000000,23.0333300000
2023-03-04 00:15:00,0.0000000000,38.0000000000,0.0000000000,22.7833300000
2023-03-04 00:30:00,0.0000000000,38.0000000000,0.0000000000,22.4333300000
2023-03-04 00:45:00,0.0000000000,37.0000000000,0.0000000000,22.0666700000
2023-03-04 01:00:00,0.0000000000,37.0000000000,0.0000000000,21.7000000000
2023-03-04 01:15:00,0.0000000000,37.0000000000,0.0000000000,21.0500000000
2023-03-04 01:30:00,0.0000000000,37.0000000000,0.0000000000,20.3833300000
2023-03-04 01:45:00,0.0000000000,37.0000000000,0.0000000000,19.7333300000
2023-03-04 02:00:00,0.0000000000,37.0000000000,0.0000000000,19.0500000000
2023-03-04 02:15:00,0.0000000000,36.0000000000,0.0000000000,18.7166700000
2023-03-04 02:30:00,0.0000000000,36.0000000000,0.0000000000,19.0666700000
2023-03-04 02:45:00,0.0000000000,36.0000000000,0.0000000000,19.2333300000
2023-03-04 03:00:00,0.0000000000,36.0000000000,0.0000000000,19.7000000000
2023-03-04 03:15:00,0.0000000000,36.0000000000,0.0000000000,19.9500000000
2023-03-04 03:30:00,0.0000000000,36.0000000000,0.0000000000,19.6333300000
2023-03-04 03:45:00,0.0000000000,36.0000000000,0.0000000000,19.1333300000
2023-03-04 04:00:00,0.0000000000,35.0000000000,0.0000000000,19.1000000000
2023-03-04 04:15:00,0.0000000000,36.0000000000,0.0000000000,18.9166700000
2023-03-04 04:30:00,0.0000000000,35.0000000000,0.0000000000,18.8000000000
2023-03-04 04:45:00,0.0000000000,36.0000000000,0.0000000000,18.8333300000
2023-03-04 05:00:00,0.0000000000,36.0000000000,0.0000000000,18.8833300000
2023-03-04 05:15:00,0.0000000000,36.0000000000,0.0000000000,18.9166700000
2023-03-04 05:30:00,0.0000000000,35.0000000000,0.0000000000,18.6666700000
2023-03-04 05:45:00,0.0000000000,35.0000000000,0.0000000000,18.7333300000
2023-03-04 06:00:00,0.0000000000,35.0000000000,0.0000000000,19.1500000000
2023-03-04 06:15:00,0.0000000000,35.0000000000,0.0000000000,19.2666700000
2023-03-04 06:30:00,8.0000000000,35.0000000000,5.8919490000,19.3333300000
2023-03-04 06:45:00,24.0000000000,34.0000000000,30.7154100000,19.4000000000
2023-03-04 07:00:00,52.0000000000,35.0000000000,68.2886600000,19.6666700000
2023-03-04 07:15:00,84.0000000000,35.0000000000,115.5209000000,20.3000000000
2023-03-04 07:30:00,120.0000000000,36.0000000000,168.2586000000,22.1000000000
2023-03-04 07:45:00,164.0000000000,36.0000000000,223.8940000000,25.6666700000
2023-03-04 08:00:00,208.0000000000,37.0000000000,284.4556000000,27.9000000000
2023-03-04 08:15:00,256.0000000000,38.0000000000,344.9205000000,30.1500000000
2023-03-04 08:30:00,304.0000000000,41.0000000000,402.6809000000,31.4000000000
2023-03-04 08:45:00,344.0000000000,42.0000000000,456.7710000000,32.7833300000
2023-03-04 09:00:00,388.0000000000,44.0000000000,512.2133000000,34.8500000000
2023-03-04 09:15:00,432.0000000000,45.0000000000,565.2408000000,36.5666700000
2023-03-04 09:30:00,468.0000000000,44.0000000000,617.9786000000,37.3500000000
2023-03-04 09:45:00,504.0000000000,44.0000000000,662.6028000000,38.9666700000
2023-03-04 10:00:00,536.0000000000,43.0000000000,704.5226000000,40.4166700000
2023-03-04 10:15:00,564.0000000000,43.0000000000,744.6072000000,41.5500000000
2023-03-04 10:30:00,592.0000000000,43.0000000000,779.4759000000,42.3500000000
2023-03-04 10:45:00,608.0000000000,42.0000000000,811.4470000000,43.3833400000
2023-03-04 11:00:00,564.0000000000,42.0000000000,838.0091000000,44.8500000000
2023-03-04 11:15:00,640.0000000000,43.0000000000,861.6735000000,46.2500000000
2023-03-04 11:30:00,648.0000000000,42.0000000000,878.1902000000,48.9166700000
2023-03-04 11:45:00,656.0000000000,42.0000000000,891.9059000000,49.4500000000
2023-03-04 12:00:00,660.0000000000,43.0000000000,900.1160000000,48.9666700000
2023-03-04 12:15:00,660.0000000000,43.0000000000,903.3035000000,48.7000000000
2023-03-04 12:30:00,656.0000000000,43.0000000000,897.3149000000,49.1000000000
2023-03-04 12:45:00,652.0000000000,43.0000000000,892.0991000000,49.8833400000
2023-03-04 13:00:00,640.0000000000,43.0000000000,880.4117000000,50.6000000000
2023-03-04 13:15:00,624.0000000000,43.0000000000,865.1506000000,51.3166700000
2023-03-04 13:30:00,612.0000000000,43.0000000000,845.2532000000,51.2166700000
2023-03-04 13:45:00,588.0000000000,43.0000000000,816.8560000000,51.7333300000
2023-03-04 14:00:00,564.0000000000,43.0000000000,787.6860000000,51.7500000000
2023-03-04 14:15:00,540.0000000000,43.0000000000,752.1412000000,50.8666600000
2023-03-04 14:30:00,512.0000000000,43.0000000000,712.0566000000,51.2833300000
2023-03-04 14:45:00,476.0000000000,44.0000000000,667.6255000000,51.8833400000
2023-03-04 15:00:00,444.0000000000,43.0000000000,619.7172000000,49.8666600000
2023-03-04 15:15:00,412.0000000000,43.0000000000,570.5532000000,50.3666600000
2023-03-04 15:30:00,368.0000000000,44.0000000000,515.8837000000,48.9333300000
2023-03-04 15:45:00,328.0000000000,42.0000000000,462.0834000000,46.4833300000
2023-03-04 16:00:00,280.0000000000,43.0000000000,397.8515000000,46.4166700000
2023-03-04 16:15:00,236.0000000000,43.0000000000,339.1252000000,44.0000000000
2023-03-04 16:30:00,192.0000000000,42.0000000000,279.5295000000,41.6500000000
2023-03-04 16:45:00,148.0000000000,42.0000000000,220.4169000000,38.6500000000
2023-03-04 17:00:00,112.0000000000,43.0000000000,170.8665000000,36.7833300000
2023-03-04 17:15:00,76.0000000000,42.0000000000,121.5094000000,34.6833300000
2023-03-04 17:30:00,44.0000000000,42.0000000000,76.9817000000,32.8000000000
2023-03-04 17:45:00,28.0000000000,42.0000000000,41.6300000000,30.9833300000
2023-03-04 18:00:00,8.0000000000,42.0000000000,15.1645200000,29.2500000000
2023-03-04 18:15:00,0.0000000000,42.0000000000,1.2556610000,27.9666700000
2023-03-04 18:30:00,0.0000000000,42.0000000000,0.0000000000,26.7833300000
2023-03-04 18:45:00,0.0000000000,41.0000000000,0.0000000000,25.4500000000
2023-03-04 19:00:00,0.0000000000,41.0000000000,0.0000000000,24.1833300000
2023-03-04 19:15:00,0.0000000000,41.0000000000,0.0000000000,23.6333300000
2023-03-04 19:30:00,0.0000000000,40.0000000000,0.0000000000,23.6500000000
2023-03-04 19:45:00,0.0000000000,40.0000000000,0.0000000000,23.3333300000
2023-03-04 20:00:00,0.0000000000,40.0000000000,0.0000000000,22.6000000000
2023-03-04 20:15:00,0.0000000000,39.0000000000,0.0000000000,22.0833300000
2023-03-04 20:30:00,0.0000000000,39.0000000000,0.0000000000,21.8500000000
2023-03-04 20:45:00,0.0000000000,39.0000000000,0.0000000000,21.4833300000
2023-03-04 21:00:00,0.0000000000,39.0000000000,0.0000000000,21.3500000000
2023-03-04 21:15:00,0.0000000000,38.0000000000,0.0000000000,21.4000000000
2023-03-04 21:30:00,0.0000000000,38.0000000000,0.0000000000,21.7666700000
2023-03-04 21:45:00,0.0000000000,39.0000000000,0.0000000000,21.8166700000
2023-03-04 22:00:00,0.0000000000,38.0000000000,0.0000000000,22.0333300000
2023-03-04 22:15:00,0.0000000000,38.0000000000,0.0000000000,23.2333300000
2023-03-04 22:30:00,0.0000000000,37.0000000000,0.0000000000,23.2333300000
2023-03-04 22:45:00,0.0000000000,38.0000000000,0.0000000000,22.9333300000
2023-03-04 23:00:00,0.0000000000,38.0000000000,0.0000000000,22.4666700000
2023-03-04 23:15:00,0.0000000000,38.0000000000,0.0000000000,21.8833300000
2023-03-04 23:30:00,0.0000000000,38.0000000000,0.0000000000,21.4000000000
2023-03-04 23:45:00,0.0000000000,37.0000000000,0.0000000000,21.2166700000
2023-03-05 00:00:00,0.0000000000,37.0000000000,0.0000000000,21.1333300000
2023-03-05 00:15:00,0.0000000000,37.0000000000,0.0000000000,21.0500000000
2023-03-05 00:30:00,0.0000000000,37.0000000000,0.0000000000,21.2500000000
2023-03-05 00:45:00,0.0000000000,36.0000000000,0.0000000000,20.9166700000
2023-03-05 01:00:00,0.0000000000,36.0000000000,0.0000000000,21.1666700000
2023-03-05 01:15:00,0.0000000000,36.0000000000,0.0000000000,21.3333300000
2023-03-05 01:30:00,0.0000000000,36.0000000000,0.0000000000,21.0000000000
2023-03-05 01:45:00,0.0000000000,37.0000000000,0.0000000000,20.7000000000
2023-03-05 02:00:00,0.0000000000,36.0000000000,0.0000000000,20.5000000000
2023-03-05 02:15:00,0.0000000000,36.0000000000,0.0000000000,20.9333300000
2023-03-05 02:30:00,0.0000000000,36.0000000000,0.0000000000,21.0000000000
2023-03-05 02:45:00,0.0000000000,36.0000000000,0.0000000000,20.8833300000
2023-03-05 03:00:00,0.0000000000,36.0000000000,0.0000000000,20.6833300000
2023-03-05 03:15:00,0.0000000000,35.0000000000,0.0000000000,20.3500000000
2023-03-05 03:30:00,0.0000000000,35.0000000000,0.0000000000,19.9666700000
2023-03-05 03:45:00,0.0000000000,35.0000000000,0.0000000000,19.3000000000
2023-03-05 04:00:00,0.0000000000,36.0000000000,0.0000000000,18.7833300000
2023-03-05 04:15:00,0.0000000000,35.0000000000,0.0000000000,18.7000000000
2023-03-05 04:30:00,0.0000000000,36.0000000000,0.0000000000,18.5000000000
2023-03-05 04:45:00,0.0000000000,35.0000000000,0.0000000000,18.1000000000
2023-03-05 05:00:00,0.0000000000,35.0000000000,0.0000000000,17.8166700000
2023-03-05 05:15:00,0.0000000000,34.0000000000,0.0000000000,17.4000000000
2023-03-05 05:30:00,0.0000000000,35.0000000000,0.0000000000,17.4500000000
2023-03-05 05:45:00,0.0000000000,35.0000000000,0.0000000000,17.5666700000
2023-03-05 06:00:00,0.0000000000,35.0000000000,0.0000000000,17.7000000000
2023-03-05 06:15:00,0.0000000000,34.0000000000,0.0965893300,17.5000000000
2023-03-05 06:30:00,12.0000000000,35.0000000000,7.4373790000,18.0166700000
2023-03-05 06:45:00,24.0000000000,35.0000000000,30.0392800000,19.3000000000
2023-03-05 07:00:00,48.0000000000,35.0000000000,64.9080300000,20.0166700000
2023-03-05 07:15:00,80.0000000000,34.0000000000,110.0152000000,21.4166700000
2023-03-05 07:30:00,116.0000000000,35.0000000000,160.3383000000,24.1666700000
2023-03-05 07:45:00,152.0000000000,36.0000000000,213.1727000000,26.3833300000
2023-03-05 08:00:00,196.0000000000,37.0000000000,267.6490000000,28.1000000000
2023-03-05 08:15:00,240.0000000000,38.0000000000,323.2845000000,29.0833300000
2023-03-05 08:30:00,284.0000000000,40.0000000000,377.9540000000,30.6666700000
2023-03-05 08:45:00,328.0000000000,42.0000000000,433.6861000000,32.6666700000
2023-03-05 09:00:00,368.0000000000,42.0000000000,487.5830000000,33.5500000000
2023-03-05 09:15:00,412.0000000000,43.0000000000,539.5480000000,35.1333400000
2023-03-05 09:30:00,448.0000000000,44.0000000000,590.0643000000,36.1333400000
2023-03-05 09:45:00,484.0000000000,43.0000000000,635.3646000000,38.2833300000
2023-03-05 10:00:00,512.0000000000,43.0000000000,679.3128000000,39.5500000000
2023-03-05 10:15:00,548.0000000000,44.0000000000,718.9144000000,40.5333300000
2023-03-05 10:30:00,568.0000000000,43.0000000000,756.1979000000,42.1666700000
2023-03-05 10:45:00,588.0000000000,43.0000000000,790.1008000000,44.7333300000
2023-03-05 11:00:00,608.0000000000,42.0000000000,818.1116000000,46.5333300000
2023-03-05 11:15:00,624.0000000000,43.0000000000,837.3329000000,46.6000000000
2023-03-05 11:30:00,624.0000000000,42.0000000000,848.1509000000,48.6166600000
2023-03-05 11:45:00,632.0000000000,43.0000000000,863.9916000000,48.4500000000
2023-03-05 12:00:00,636.0000000000,44.0000000000,868.4347000000,49.7166700000
2023-03-05 12:15:00,636.0000000000,43.0000000000,875.6789000000,49.9666700000
2023-03-05 12:30:00,636.0000000000,43.0000000000,873.6505000000,50.6666700000
2023-03-05 12:45:00,624.0000000000,43.0000000000,863.7018000000,51.0166700000
2023-03-05 13:00:00,604.0000000000,43.0000000000,841.4863000000,52.7833300000
2023-03-05 13:15:00,592.0000000000,43.0000000000,829.4127000000,53.8833400000
2023-03-05 13:30:00,580.0000000000,43.0000000000,810.4811000000,54.4166700000
2023-03-05 13:45:00,560.0000000000,43.0000000000,783.7259000000,54.9500000000
2023-03-05 14:00:00,540.0000000000,43.0000000000,754.5558000000,56.1333400000
2023-03-05 14:15:00,516.0000000000,43.0000000000,724.0336000000,54.3666600000
2023-03-05 14:30:00,484.0000000000,43.0000000000,683.0798000000,55.9500000000
2023-03-05 14:45:00,444.0000000000,43.0000000000,627.2511000000,55.5833300000
2023-03-05 15:00:00,408.0000000000,44.0000000000,573.7407000000,52.2666700000
2023-03-05 15:15:00,372.0000000000,43.0000000000,524.5767000000,51.3666600000
2023-03-05 15:30:00,340.0000000000,43.0000000000,476.8615000000,48.6666700000
2023-03-05 15:45:00,300.0000000000,43.0000000000,422.6749000000,47.3833400000
2023-03-05 16:00:00,260.0000000000,42.0000000000,369.4542000000,44.7833300000
2023-03-05 16:15:00,224.0000000000,42.0000000000,317.2960000000,42.2333300000
2023-03-05 16:30:00,180.0000000000,42.0000000000,268.2286000000,40.6500000000
2023-03-05 16:45:00,144.0000000000,42.0000000000,212.9795000000,38.9333300000
2023-03-05 17:00:00,104.0000000000,43.0000000000,161.1110000000,36.4666700000
2023-03-05 17:15:00,72.0000000000,42.0000000000,114.2652000000,34.2333300000
2023-03-05 17:30:00,44.0000000000,42.0000000000,73.1181300000,32.1500000000
2023-03-05 17:45:00,24.0000000000,42.0000000000,39.9879800000,30.2000000000
2023-03-05 18:00:00,8.0000000000,41.0000000000,15.1645300000,28.4666700000
2023-03-05 18:15:00,4.0000000000,41.0000000000,1.5454290000,27.0000000000
2023-03-05 18:30:00,0.0000000000,40.0000000000,0.0000000000,25.7000000000
2023-03-05 18:45:00,0.0000000000,40.0000000000,0.0000000000,24.6500000000
2023-03-05 19:00:00,0.0000000000,40.0000000000,0.0000000000,23.9666700000
2023-03-05 19:15:00,0.0000000000,40.0000000000,0.0000000000,23.4166700000
2023-03-05 19:30:00,0.0000000000,40.0000000000,0.0000000000,22.4666700000
2023-03-05 19:45:00,0.0000000000,40.0000000000,0.0000000000,21.9833300000
2023-03-05 20:00:00,0.0000000000,39.0000000000,0.0000000000,22.0500000000
2023-03-05 20:15:00,0.0000000000,39.0000000000,0.0000000000,22.5500000000
2023-03-05 20:30:00,0.0000000000,39.0000000000,0.0000000000,23.8833300000
2023-03-05 20:45:00,0.0000000000,39.0000000000,0.0000000000,24.5500000000
2023-03-05 21:00:00,0.0000000000,40.0000000000,0.0000000000,23.9666700000
2023-03-05 21:15:00,0.0000000000,39.0000000000,0.0000000000,23.0000000000
2023-03-05 21:30:00,0.0000000000,39.0000000000,0.0000000000,22.2000000000
2023-03-05 21:45:00,0.0000000000,39.0000000000,0.0000000000,21.5833300000
2023-03-05 22:00:00,0.0000000000,38.0000000000,0.0000000000,21.0666700000
2023-03-05 22:15:00,0.0000000000,38.0000000000,0.0000000000,21.1166700000
2023-03-05 22:30:00,0.0000000000,39.0000000000,0.0000000000,22.8333300000
2023-03-05 22:45:00,0.0000000000,38.0000000000,0.0000000000,23.4666700000
2023-03-05 23:00:00,0.0000000000,38.0000000000,0.0000000000,23.2500000000
2023-03-05 23:15:00,0.0000000000,38.0000000000,0.0000000000,23.1166700000
2023-03-05 23:30:00,0.0000000000,38.0000000000,0.0000000000,23.4166700000
2023-03-05 23:45:00,0.0000000000,38.0000000000,0.0000000000,23.7833300000
2023-03-06 00:00:00,0.0000000000,38.0000000000,0.0000000000,23.7333300000
2023-03-06 00:15:00,0.0000000000,38.0000000000,0.0000000000,23.3166700000
2023-03-06 00:30:00,0.0000000000,37.0000000000,0.0000000000,22.9500000000
2023-03-06 00:45:00,0.0000000000,37.0000000000,0.0000000000,22.7500000000
2023-03-06 01:00:00,0.0000000000,37.0000000000,0.0000000000,22.6333300000
2023-03-06 01:15:00,0.0000000000,37.0000000000,0.0000000000,22.6833300000
2023-03-06 01:30:00,0.0000000000,37.0000000000,0.0000000000,22.4500000000
2023-03-06 01:45:00,0.0000000000,37.0000000000,0.0000000000,22.2500000000
2023-03-06 02:00:00,0.0000000000,37.0000000000,0.0000000000,22.1000000000
2023-03-06 02:15:00,0.0000000000,37.0000000000,0.0000000000,22.0833300000
2023-03-06 02:30:00,0.0000000000,37.0000000000,0.0000000000,22.2833300000
2023-03-06 02:45:00,0.0000000000,36.0000000000,0.0000000000,22.2666700000
2023-03-06 03:00:00,0.0000000000,36.0000000000,0.0000000000,22.0333300000
2023-03-06 03:15:00,0.0000000000,36.0000000000,0.0000000000,21.5833300000
2023-03-06 03:30:00,0.0000000000,36.0000000000,0.0000000000,21.2500000000
2023-03-06 03:45:00,0.0000000000,36.0000000000,0.0000000000,20.9000000000
2023-03-06 04:00:00,0.0000000000,36.0000000000,0.0000000000,20.8833300000
2023-03-06 04:15:00,0.0000000000,36.0000000000,0.0000000000,20.8333300000
2023-03-06 04:30:00,0.0000000000,36.0000000000,0.0000000000,20.6166700000
2023-03-06 04:45:00,0.0000000000,35.0000000000,0.0000000000,20.5166700000
2023-03-06 05:00:00,0.0000000000,36.0000000000,0.0000000000,20.4333300000
2023-03-06 05:15:00,0.0000000000,36.0000000000,0.0000000000,20.2166700000
2023-03-06 05:30:00,0.0000000000,36.0000000000,0.0000000000,20.3666700000
2023-03-06 05:45:00,0.0000000000,36.0000000000,0.0000000000,20.5500000000
2023-03-06 06:00:00,0.0000000000,35.0000000000,0.0000000000,20.6000000000
2023-03-06 06:15:00,0.0000000000,35.0000000000,0.0965893300,20.5000000000
2023-03-06 06:30:00,4.0000000000,35.0000000000,7.2442000000,20.3000000000
2023-03-06 06:45:00,24.0000000000,35.0000000000,29.0733900000,20.7000000000
2023-03-06 07:00:00,44.0000000000,36.0000000000,61.3342200000,21.4333300000
2023-03-06 07:15:00,76.0000000000,36.0000000000,102.9642000000,23.0500000000
2023-03-06 07:30:00,104.0000000000,36.0000000000,151.2589000000,24.9000000000
2023-03-06 07:45:00,148.0000000000,37.0000000000,204.3830000000,26.7166700000
2023-03-06 08:00:00,188.0000000000,37.0000000000,258.9560000000,28.8333300000
2023-03-06 08:15:00,236.0000000000,38.0000000000,316.8130000000,30.9333300000
2023-03-06 08:30:00,276.0000000000,40.0000000000,371.5792000000,33.2833300000
2023-03-06 08:45:00,312.0000000000,42.0000000000,424.2204000000,35.8166700000
2023-03-06 09:00:00,360.0000000000,44.0000000000,480.8217000000,37.4833300000
2023-03-06 09:15:00,400.0000000000,45.0000000000,531.9175000000,38.0000000000
2023-03-06 09:30:00,432.0000000000,45.0000000000,577.2179000000,39.0666700000
2023-03-06 09:45:00,464.0000000000,44.0000000000,620.5865000000,40.2333300000
2023-03-06 10:00:00,500.0000000000,44.0000000000,666.1766000000,40.5000000000
2023-03-06 10:15:00,532.0000000000,44.0000000000,704.5226000000,41.2333300000
2023-03-06 10:30:00,532.0000000000,44.0000000000,716.4997000000,41.8500000000
2023-03-06 10:45:00,576.0000000000,43.0000000000,763.7318000000,43.7666700000
2023-03-06 11:00:00,596.0000000000,43.0000000000,801.8846000000,45.6333400000
2023-03-06 11:15:00,612.0000000000,43.0000000000,828.9296000000,46.6833300000
2023-03-06 11:30:00,624.0000000000,44.0000000000,842.8385000000,47.4666700000
2023-03-06 11:45:00,624.0000000000,43.0000000000,849.7930000000,48.4166700000
2023-03-06 12:00:00,624.0000000000,43.0000000000,856.3610000000,50.1166600000
2023-03-06 12:15:00,624.0000000000,43.0000000000,859.7416000000,50.7000000000
2023-03-06 12:30:00,620.0000000000,43.0000000000,854.2361000000,50.5333300000
2023-03-06 12:45:00,616.0000000000,44.0000000000,849.6964000000,50.5000000000
2023-03-06 13:00:00,600.0000000000,43.0000000000,837.7193000000,51.6500000000
2023-03-06 13:15:00,588.0000000000,42.0000000000,813.9583000000,52.4833300000
2023-03-06 13:30:00,564.0000000000,43.0000000000,792.1291000000,52.6333400000
2023-03-06 13:45:00,544.0000000000,43.0000000000,757.4535000000,52.2166700000
2023-03-06 14:00:00,508.0000000000,43.0000000000,712.7327000000,52.5500000000
2023-03-06 14:15:00,472.0000000000,43.0000000000,668.4948000000,51.5500000000
2023-03-06 14:30:00,460.0000000000,43.0000000000,640.9668000000,50.1500000000
2023-03-06 14:45:00,436.0000000000,43.0000000000,608.8992000000,50.4333300000
2023-03-06 15:00:00,412.0000000000,43.0000000000,573.6440000000,50.3000000000
2023-03-06 15:15:00,380.0000000000,43.0000000000,535.0083000000,50.6666700000
2023-03-06 15:30:00,344.0000000000,43.0000000000,483.7194000000,50.7666700000
2023-03-06 15:45:00,300.0000000000,43.0000000000,429.4362000000,47.3833400000
2023-03-06 16:00:00,264.0000000000,43.0000000000,375.8291000000,46.0666700000
2023-03-06 16:15:00,216.0000000000,42.0000000000,314.3017000000,44.6833300000
2023-03-06 16:30:00,176.0000000000,43.0000000000,257.5071000000,43.0833300000
2023-03-06 16:45:00,136.0000000000,42.0000000000,205.1557000000,40.2500000000
2023-03-06 17:00:00,100.0000000000,43.0000000000,154.3497000000,37.4166700000
2023-03-06 17:15:00,68.0000000000,42.0000000000,109.2426000000,35.7333300000
2023-03-06 17:30:00,44.0000000000,42.0000000000,69.1579700000,33.3666600000
2023-03-06 17:45:00,24.0000000000,42.0000000000,37.1868900000,31.3166700000
2023-03-06 18:00:00,8.0000000000,41.0000000000,14.3918100000,29.6666700000
2023-03-06 18:15:00,0.0000000000,42.0000000000,1.2556610000,28.4666700000
2023-03-06 18:30:00,0.0000000000,42.0000000000,0.0000000000,27.6500000000
2023-03-06 18:45:00,0.0000000000,42.0000000000,0.0000000000,26.9333300000
2023-03-06 19:00:00,0.0000000000,42.0000000000,0.0000000000,26.1500000000
2023-03-06 19:15:00,0.0000000000,40.0000000000,0.0000000000,25.2833300000
2023-03-06 19:30:00,0.0000000000,40.0000000000,0.0000000000,25.0166700000
2023-03-06 19:45:00,0.0000000000,41.0000000000,0.0000000000,25.0166700000
2023-03-06 20:00:00,0.0000000000,40.0000000000,0.0000000000,24.6000000000
2023-03-06 20:15:00,0.0000000000,39.0000000000,0.0000000000,23.9000000000
2023-03-06 20:30:00,0.0000000000,40.0000000000,0.0000000000,22.9833300000
2023-03-06 20:45:00,0.0000000000,40.0000000000,0.0000000000,22.3500000000
2023-03-06 21:00:00,0.0000000000,39.0000000000,0.0000000000,21.9333300000
2023-03-06 21:15:00,0.0000000000,39.0000000000,0.0000000000,21.5333300000
2023-03-06 21:30:00,0.0000000000,39.0000000000,0.0000000000,21.2500000000
2023-03-06 21:45:00,0.0000000000,39.0000000000,0.0000000000,21.3500000000
2023-03-06 22:00:00,0.0000000000,39.0000000000,0.0000000000,21.8500000000
2023-03-06 22:15:00,0.0000000000,39.0000000000,0.0000000000,22.0166700000
2023-03-06 22:30:00,0.0000000000,38.0000000000,0.0000000000,21.4666700000
2023-03-06 22:45:00,0.0000000000,38.0000000000,0.0000000000,21.2833300000
2023-03-06 23:00:00,0.0000000000,38.0000000000,0.0000000000,21.2333300000
2023-03-06 23:15:00,0.0000000000,38.0000000000,0.0000000000,20.8833300000
2023-03-06 23:30:00,0.0000000000,38.0000000000,0.0000000000,21.4000000000
2023-03-06 23:45:00,0.0000000000,38.0000000000,0.0000000000,21.6666700000
2023-03-07 00:00:00,0.0000000000,38.0000000000,0.0000000000,22.0000000000
2023-03-07 00:15:00,0.0000000000,37.0000000000,0.0000000000,22.0166700000
2023-03-07 00:30:00,0.0000000000,37.0000000000,0.0000000000,22.0333300000
2023-03-07 00:45:00,0.0000000000,38.0000000000,0.0000000000,21.9000000000
2023-03-07 01:00:00,0.0000000000,37.0000000000,0.0000000000,21.3500000000
2023-03-07 01:15:00,0.0000000000,37.0000000000,0.0000000000,21.1333300000
2023-03-07 01:30:00,0.0000000000,37.0000000000,0.0000000000,21.4166700000
2023-03-07 01:45:00,0.0000000000,37.0000000000,0.0000000000,21.0500000000
2023-03-07 02:00:00,0.0000000000,36.0000000000,0.0000000000,20.4833300000
2023-03-07 02:15:00,0.0000000000,36.0000000000,0.0000000000,20.1166700000
2023-03-07 02:30:00,0.0000000000,36.0000000000,0.0000000000,19.6833300000
2023-03-07 02:45:00,0.0000000000,36.0000000000,0.0000000000,19.4666700000
2023-03-07 03:00:00,0.0000000000,36.0000000000,0.0000000000,19.3666700000
2023-03-07 03:15:00,0.0000000000,36.0000000000,0.0000000000,19.3166700000
2023-03-07 03:30:00,0.0000000000,36.0000000000,0.0000000000,19.0500000000
2023-03-07 03:45:00,0.0000000000,36.0000000000,0.0000000000,19.4333300000
2023-03-07 04:00:00,0.0000000000,36.0000000000,0.0000000000,19.7000000000
2023-03-07 04:15:00,0.0000000000,36.0000000000,0.0000000000,19.7666700000
2023-03-07 04:30:00,0.0000000000,36.0000000000,0.0000000000,19.8666700000
2023-03-07 04:45:00,0.0000000000,36.0000000000,0.0000000000,19.6333300000
2023-03-07 05:00:00,0.0000000000,36.0000000000,0.0000000000,19.6833300000
2023-03-07 05:15:00,0.0000000000,36.0000000000,0.0000000000,19.8833300000
2023-03-07 05:30:00,0.0000000000,36.0000000000,0.0000000000,19.9833300000
2023-03-07 05:45:00,0.0000000000,36.0000000000,0.0000000000,20.1000000000
2023-03-07 06:00:00,0.0000000000,36.0000000000,0.0000000000,20.1000000000
2023-03-07 06:15:00,0.0000000000,35.0000000000,0.0965893300,20.0500000000
2023-03-07 06:30:00,0.0000000000,36.0000000000,7.7271460000,19.9833300000
2023-03-07 06:45:00,0.0000000000,35.0000000000,29.0733900000,20.3333300000
2023-03-07 07:00:00,0.0000000000,35.0000000000,59.9819800000,21.1666700000
2023-03-07 07:15:00,0.0000000000,35.0000000000,99.8733800000,22.3500000000
2023-03-07 07:30:00,0.0000000000,36.0000000000,143.8215000000,24.5833300000
2023-03-07 07:45:00,0.0000000000,36.0000000000,193.8548000000,26.8333300000
2023-03-07 08:00:00,0.0000000000,38.0000000000,249.1039000000,29.1666700000
2023-03-07 08:15:00,0.0000000000,38.0000000000,304.9325000000,31.5666700000
2023-03-07 08:30:00,0.0000000000,40.0000000000,356.8976000000,33.7500000000
2023-03-07 08:45:00,116.0000000000,42.0000000000,406.8343000000,36.8500000000
2023-03-07 09:00:00,340.0000000000,43.0000000000,461.6004000000,40.0000000000
2023-03-07 09:15:00,380.0000000000,44.0000000000,514.7245000000,42.7500000000
2023-03-07 09:30:00,412.0000000000,44.0000000000,561.3772000000,44.7833300000
2023-03-07 09:45:00,448.0000000000,45.0000000000,611.3139000000,46.5500000000
2023-03-07 10:00:00,476.0000000000,45.0000000000,649.1769000000,48.1833300000
2023-03-07 10:15:00,496.0000000000,45.0000000000,683.5627000000,49.5166700000
2023-03-07 10:30:00,532.0000000000,45.0000000000,733.9823000000,50.6833300000
2023-03-07 10:45:00,556.0000000000,45.0000000000,766.8227000000,50.6000000000
2023-03-07 11:00:00,576.0000000000,46.0000000000,794.6404000000,51.4166700000
2023-03-07 11:15:00,588.0000000000,45.0000000000,819.9468000000,52.5500000000
2023-03-07 11:30:00,600.0000000000,46.0000000000,838.9750000000,53.0000000000
2023-03-07 11:45:00,600.0000000000,46.0000000000,848.5374000000,54.3333300000
2023-03-07 12:00:00,608.0000000000,46.0000000000,857.6168000000,56.0000000000
2023-03-07 12:15:00,616.0000000000,45.0000000000,883.4061000000,58.6833300000
2023-03-07 12:30:00,460.0000000000,46.0000000000,722.5848000000,59.4000000000
2023-03-07 12:45:00,404.0000000000,45.0000000000,493.8613000000,51.8166700000
2023-03-07 13:00:00,596.0000000000,45.0000000000,836.0773000000,53.3666600000
2023-03-07 13:15:00,580.0000000000,45.0000000000,829.6058000000,57.8333300000
2023-03-07 13:30:00,556.0000000000,46.0000000000,791.9360000000,55.9333300000
2023-03-07 13:45:00,552.0000000000,45.0000000000,783.5327000000,55.4666700000
2023-03-07 14:00:00,528.0000000000,45.0000000000,756.4877000000,55.9333300000
2023-03-07 14:15:00,504.0000000000,45.0000000000,718.3348000000,55.1166600000
2023-03-07 14:30:00,468.0000000000,45.0000000000,669.8470000000,54.9333300000
2023-03-07 14:45:00,448.0000000000,45.0000000000,634.9783000000,55.1166600000
2023-03-07 15:00:00,408.0000000000,44.0000000000,582.1439000000,52.7833300000
2023-03-07 15:15:00,372.0000000000,45.0000000000,530.9515000000,50.9166700000
2023-03-07 15:30:00,332.0000000000,44.0000000000,474.7366000000,51.1500000000
2023-03-07 15:45:00,296.0000000000,44.0000000000,421.1295000000,48.8500000000
2023-03-07 16:00:00,256.0000000000,44.0000000000,370.2269000000,46.8833400000
2023-03-07 16:15:00,220.0000000000,44.0000000000,320.5800000000,45.2833300000
2023-03-07 16:30:00,176.0000000000,44.0000000000,262.4332000000,42.9166700000
2023-03-07 16:45:00,136.0000000000,44.0000000000,208.8261000000,41.1666700000
2023-03-07 17:00:00,100.0000000000,45.0000000000,158.2133000000,38.1000000000
2023-03-07 17:15:00,72.0000000000,43.0000000000,112.4300000000,35.8166700000
2023-03-07 17:30:00,44.0000000000,43.0000000000,71.8624600000,34.0833300000
2023-03-07 17:45:00,24.0000000000,43.0000000000,39.6016200000,32.3666600000
2023-03-07 18:00:00,8.0000000000,43.0000000000,14.6815800000,30.9500000000
2023-03-07 18:15:00,0.0000000000,43.0000000000,0.9658933000,29.6333300000
2023-03-07 18:30:00,0.0000000000,43.0000000000,0.0000000000,28.4833300000
2023-03-07 18:45:00,0.0000000000,42.0000000000,0.0000000000,27.3375000000
2023-03-07 19:00:00,0.0000000000,0.0000000000,0.0000000000,0.0000000000
2023-03-07 19:15:00,,39.0000000000,0.0000000000,25.8666700000
2023-03-07 19:30:00,0.0000000000,41.0000000000,0.0000000000,25.4166700000
2023-03-07 19:45:00,0.0000000000,41.0000000000,0.0000000000,24.4666700000
2023-03-07 20:00:00,0.0000000000,41.0000000000,0.0000000000,23.6666700000
2023-03-07 20:15:00,0.0000000000,40.0000000000,0.0000000000,23.4000000000
2023-03-07 20:30:00,0.0000000000,41.0000000000,0.0000000000,23.9000000000
2023-03-07 20:45:00,0.0000000000,40.0000000000,0.0000000000,23.9333300000
2023-03-07 21:00:00,0.0000000000,41.0000000000,0.0000000000,23.4666700000
2023-03-07 21:15:00,0.0000000000,40.0000000000,0.0000000000,23.2333300000
2023-03-07 21:30:00,0.0000000000,40.0000000000,0.0000000000,23.2666700000
2023-03-07 21:45:00,0.0000000000,39.0000000000,0.0000000000,22.8333300000
2023-03-07 22:00:00,0.0000000000,39.0000000000,0.0000000000,23.2500000000
2023-03-07 22:15:00,0.0000000000,39.0000000000,0.0000000000,24.7000000000
2023-03-07 22:30:00,0.0000000000,40.0000000000,0.0000000000,24.9000000000
2023-03-07 22:45:00,0.0000000000,39.0000000000,0.0000000000,24.8166700000
2023-03-07 23:00:00,0.0000000000,39.0000000000,0.0000000000,24.6333300000
2023-03-07 23:15:00,0.0000000000,39.0000000000,0.0000000000,24.3166700000
2023-03-07 23:30:00,0.0000000000,39.0000000000,0.0000000000,24.4333300000
2023-03-07 23:45:00,0.0000000000,38.0000000000,0.0000000000,24.0333300000
2023-03-08 00:00:00,0.0000000000,39.0000000000,0.0000000000,23.7000000000
2023-03-08 00:15:00,0.0000000000,39.0000000000,0.0000000000,23.6000000000
2023-03-08 00:30:00,0.0000000000,38.0000000000,0.0000000000,23.6833300000
2023-03-08 00:45:00,0.0000000000,38.0000000000,0.0000000000,23.8000000000
2023-03-08 01:00:00,0.0000000000,38.0000000000,0.0000000000,23.2166700000
2023-03-08 01:15:00,0.0000000000,38.0000000000,0.0000000000,22.7666700000
2023-03-08 01:30:00,0.0000000000,38.0000000000,0.0000000000,22.6166700000
2023-03-08 01:45:00,0.0000000000,38.0000000000,0.0000000000,22.7500000000
2023-03-08 02:00:00,0.0000000000,37.0000000000,0.0000000000,22.8166700000
2023-03-08 02:15:00,0.0000000000,37.0000000000,0.0000000000,22.8166700000
2023-03-08 02:30:00,0.0000000000,37.0000000000,0.0000000000,22.9833300000
2023-03-08 02:45:00,0.0000000000,37.0000000000,0.0000000000,22.8666700000
2023-03-08 03:00:00,0.0000000000,37.0000000000,0.0000000000,22.7166700000
2023-03-08 03:15:00,0.0000000000,37.0000000000,0.0000000000,22.6166700000
2023-03-08 03:30:00,0.0000000000,38.0000000000,0.0000000000,22.5833300000
2023-03-08 03:45:00,0.0000000000,37.0000000000,0.0000000000,22.7666700000
2023-03-08 04:00:00,0.0000000000,37.0000000000,0.0000000000,22.8166700000
2023-03-08 04:15:00,0.0000000000,38.0000000000,0.0000000000,22.8000000000
2023-03-08 04:30:00,0.0000000000,37.0000000000,0.0000000000,22.8666700000
2023-03-08 04:45:00,0.0000000000,36.0000000000,0.0000000000,22.9000000000
2023-03-08 05:00:00,0.0000000000,36.0000000000,0.0000000000,22.9000000000
2023-03-08 05:15:00,0.0000000000,36.0000000000,0.0000000000,22.9166700000
2023-03-08 05:30:00,0.0000000000,36.0000000000,0.0000000000,22.9166700000
2023-03-08 05:45:00,0.0000000000,36.0000000000,0.0000000000,23.0000000000
2023-03-08 06:00:00,0.0000000000,37.0000000000,0.0000000000,22.9000000000
2023-03-08 06:15:00,0.8000000000,36.0000000000,0.2897680000,22.8000000000
2023-03-08 06:30:00,8.0000000000,36.0000000000,8.3066830000,22.8000000000
2023-03-08 06:45:00,22.8000000000,36.0000000000,28.3972700000,22.8166700000
2023-03-08 07:00:00,45.2000000000,36.0000000000,56.9877100000,23.0000000000
2023-03-08 07:15:00,73.6000000000,36.0000000000,93.5950700000,23.4000000000
2023-03-08 07:30:00,105.2000000000,36.0000000000,133.4865000000,23.9166700000
2023-03-08 07:45:00,139.6000000000,37.0000000000,180.5255000000,24.6500000000
2023-03-08 08:00:00,175.2000000000,37.0000000000,234.1325000000,26.0000000000
2023-03-08 08:15:00,217.6000000000,39.0000000000,290.7339000000,29.2000000000
2023-03-08 08:30:00,261.6000000000,40.0000000000,350.1363000000,32.4666700000
2023-03-08 08:45:00,302.0000000000,42.0000000000,409.5388000000,35.3000000000
2023-03-08 09:00:00,340.0000000000,43.0000000000,460.3448000000,37.5166700000
2023-03-08 09:15:00,392.0000000000,44.0000000000,524.5767000000,39.6166600000
2023-03-08 09:30:00,416.0000000000,45.0000000000,571.3259000000,42.1166600000
2023-03-08 09:45:00,460.0000000000,46.0000000000,622.1319000000,44.3833400000
2023-03-08 10:00:00,488.0000000000,46.0000000000,669.0743000000,46.8666600000
2023-03-08 10:15:00,516.0000000000,46.0000000000,709.2555000000,49.1833300000
2023-03-08 10:30:00,536.0000000000,46.0000000000,738.3289000000,51.9166700000
2023-03-08 10:45:00,556.0000000000,45.0000000000,778.7998000000,54.4500000000
2023-03-08 11:00:00,576.0000000000,45.0000000000,808.1630000000,56.4000000000
2023-03-08 11:15:00,584.0000000000,46.0000000000,827.9637000000,58.3166700000
2023-03-08 11:30:00,608.0000000000,45.0000000000,857.8099000000,58.9500000000
2023-03-08 11:45:00,528.0000000000,47.0000000000,789.4246000000,59.2333300000
2023-03-08 12:00:00,584.0000000000,46.0000000000,797.1518000000,56.2500000000
2023-03-08 12:15:00,604.0000000000,46.0000000000,854.1395000000,56.4333300000
2023-03-08 12:30:00,620.0000000000,46.0000000000,898.9569000000,59.3333300000
2023-03-08 12:45:00,608.0000000000,46.0000000000,869.0142000000,59.7166700000
2023-03-08 13:00:00,604.0000000000,46.0000000000,864.5711000000,58.0333300000
2023-03-08 13:15:00,576.0000000000,46.0000000000,839.6511000000,60.2333300000
2023-03-08 13:30:00,568.0000000000,46.0000000000,811.2538000000,60.3166700000
2023-03-08 13:45:00,540.0000000000,46.0000000000,773.1976000000,57.3666600000
2023-03-08 14:00:00,484.0000000000,46.0000000000,698.3409000000,55.7000000000
2023-03-08 14:15:00,484.0000000000,46.0000000000,683.8525000000,56.0333300000
2023-03-08 14:30:00,468.0000000000,45.0000000000,667.9152000000,55.1000000000
2023-03-08 14:45:00,456.0000000000,46.0000000000,642.9952000000,53.9166700000
2023-03-08 15:00:00,420.0000000000,45.0000000000,603.7799000000,55.7666700000
2023-03-08 15:15:00,376.0000000000,45.0000000000,540.9968000000,54.8000000000
2023-03-08 15:30:00,292.0000000000,45.0000000000,432.7202000000,51.6000000000
2023-03-08 15:45:00,284.0000000000,45.0000000000,400.0730000000,46.4500000000
2023-03-08 16:00:00,256.0000000000,45.0000000000,365.7838000000,45.0333300000
2023-03-08 16:15:00,216.0000000000,46.0000000000,321.4493000000,44.0166700000
2023-03-08 16:30:00,176.0000000000,45.0000000000,260.6946000000,42.6000000000
2023-03-08 16:45:00,132.0000000000,44.0000000000,203.1274000000,41.8833400000
2023-03-08 17:00:00,100.0000000000,45.0000000000,153.3839000000,40.6166600000
2023-03-08 17:15:00,68.0000000000,44.0000000000,110.0152000000,37.9666700000
2023-03-08 17:30:00,40.0000000000,44.0000000000,68.5784300000,35.6333400000
2023-03-08 17:45:00,24.0000000000,44.0000000000,35.1585200000,33.5500000000
2023-03-08 18:00:00,8.0000000000,45.0000000000,11.9770800000,31.3000000000
2023-03-08 18:15:00,0.0000000000,43.0000000000,0.8693040000,29.0666700000
2023-03-08 18:30:00,0.0000000000,44.0000000000,0.0000000000,27.4333300000
2023-03-08 18:45:00,0.0000000000,43.0000000000,0.0000000000,26.5166700000
2023-03-08 19:00:00,0.0000000000,43.0000000000,0.0000000000,26.0500000000
2023-03-08 19:15:00,0.0000000000,42.0000000000,0.0000000000,25.8333300000
2023-03-08 19:30:00,0.0000000000,43.0000000000,0.0000000000,26.4833300000
2023-03-08 19:45:00,0.0000000000,42.0000000000,0.0000000000,26.8000000000
2023-03-08 20:00:00,0.0000000000,42.0000000000,0.0000000000,26.7166700000
2023-03-08 20:15:00,0.0000000000,41.0000000000,0.0000000000,26.2000000000
2023-03-08 20:30:00,0.0000000000,41.0000000000,0.0000000000,25.7166700000
2023-03-08 20:45:00,0.0000000000,41.0000000000,0.0000000000,25.8333300000
2023-03-08 21:00:00,0.0000000000,41.0000000000,0.0000000000,26.7833300000
2023-03-08 21:15:00,0.0000000000,41.0000000000,0.0000000000,27.1833300000
2023-03-08 21:30:00,0.0000000000,41.0000000000,0.0000000000,26.7666700000
2023-03-08 21:45:00,0.0000000000,40.0000000000,0.0000000000,26.5333300000
2023-03-08 22:00:00,0.0000000000,40.0000000000,0.0000000000,26.4833300000
2023-03-08 22:15:00,0.0000000000,40.0000000000,0.0000000000,26.3500000000
2023-03-08 22:30:00,0.0000000000,40.0000000000,0.0000000000,26.2333300000
2023-03-08 22:45:00,0.0000000000,39.0000000000,0.0000000000,26.2000000000
2023-03-08 23:00:00,0.0000000000,39.0000000000,0.0000000000,26.2000000000
2023-03-08 23:15:00,0.0000000000,40.0000000000,0.0000000000,26.2000000000
2023-03-08 23:30:00,0.0000000000,39.0000000000,0.0000000000,26.0500000000
2023-03-08 23:45:00,0.0000000000,39.0000000000,0.0000000000,25.8000000000
2023-03-09 00:00:00,0.0000000000,39.0000000000,0.0000000000,25.6166700000
2023-03-09 00:15:00,0.0000000000,39.0000000000,0.0000000000,25.4500000000
2023-03-09 00:30:00,0.0000000000,39.0000000000,0.0000000000,25.2166700000
2023-03-09 00:45:00,0.0000000000,39.0000000000,0.0000000000,25.1500000000
2023-03-09 01:00:00,0.0000000000,38.0000000000,0.0000000000,25.0833300000
2023-03-09 01:15:00,0.0000000000,38.0000000000,0.0000000000,25.0000000000
2023-03-09 01:30:00,0.0000000000,39.0000000000,0.0000000000,24.9333300000
2023-03-09 01:45:00,0.0000000000,38.0000000000,0.0000000000,24.8333300000
2023-03-09 02:00:00,0.0000000000,38.0000000000,0.0000000000,24.8000000000
2023-03-09 02:15:00,0.0000000000,38.0000000000,0.0000000000,24.8000000000
2023-03-09 02:30:00,0.0000000000,38.0000000000,0.0000000000,24.7500000000
2023-03-09 02:45:00,0.0000000000,38.0000000000,0.0000000000,24.6166700000
2023-03-09 03:00:00,0.0000000000,38.0000000000,0.0000000000,24.5166700000
2023-03-09 03:15:00,0.0000000000,38.0000000000,0.0000000000,24.4833300000
2023-03-09 03:30:00,0.0000000000,38.0000000000,0.0000000000,24.4000000000
2023-03-09 03:45:00,0.0000000000,38.0000000000,0.0000000000,24.3500000000
2023-03-09 04:00:00,0.0000000000,37.0000000000,0.0000000000,24.0666700000
2023-03-09 04:15:00,0.0000000000,38.0000000000,0.0000000000,23.8166700000
2023-03-09 04:30:00,0.0000000000,38.0000000000,0.0000000000,23.8000000000
2023-03-09 04:45:00,0.0000000000,37.0000000000,0.0000000000,23.7166700000
2023-03-09 05:00:00,0.0000000000,37.0000000000,0.0000000000,23.6833300000
2023-03-09 05:15:00,0.0000000000,37.0000000000,0.0000000000,23.6500000000
2023-03-09 05:30:00,0.0000000000,36.0000000000,0.0000000000,23.6166700000
2023-03-09 05:45:00,0.0000000000,37.0000000000,0.0000000000,23.5166700000
2023-03-09 06:00:00,0.0000000000,37.0000000000,0.0000000000,23.4833300000
2023-03-09 06:15:00,0.8000000000,36.0000000000,0.2897680000,23.3833300000
2023-03-09 06:30:00,8.0000000000,36.0000000000,8.4998620000,23.3166700000
2023-03-09 06:45:00,23.2000000000,36.0000000000,28.1075000000,23.4166700000
2023-03-09 07:00:00,44.4000000000,36.0000000000,56.4081700000,23.6500000000
2023-03-09 07:15:00,71.2000000000,36.0000000000,92.5325900000,24.0500000000
2023-03-09 07:30:00,104.4000000000,36.0000000000,135.0319000000,24.7000000000
2023-03-09 07:45:00,139.2000000000,37.0000000000,182.1675000000,25.4666700000
2023-03-09 08:00:00,173.2000000000,37.0000000000,231.5246000000,26.9000000000
2023-03-09 08:15:00,211.2000000000,39.0000000000,284.3590000000,30.1333300000
2023-03-09 08:30:00,245.6000000000,40.0000000000,332.4605000000,33.2666700000
2023-03-09 08:45:00,279.2000000000,43.0000000000,376.2154000000,36.0000000000
2023-03-09 09:00:00,316.0000000000,43.0000000000,429.6294000000,38.2666700000
2023-03-09 09:15:00,344.0000000000,44.0000000000,468.6515000000,41.2500000000
2023-03-09 09:30:00,376.0000000000,45.0000000000,516.9461000000,43.0666700000
2023-03-09 09:45:00,388.0000000000,45.0000000000,538.8719000000,44.1833300000
2023-03-09 10:00:00,412.0000000000,44.0000000000,559.0590000000,45.5000000000
2023-03-09 10:15:00,452.0000000000,45.0000000000,610.5412000000,47.1333400000
2023-03-09 10:30:00,352.0000000000,46.0000000000,503.8100000000,47.2166700000
2023-03-09 10:45:00,416.0000000000,45.0000000000,513.4689000000,45.8666600000
2023-03-09 11:00:00,548.0000000000,45.0000000000,769.3340000000,49.2166700000
2023-03-09 11:15:00,440.0000000000,45.0000000000,665.6937000000,51.3500000000
2023-03-09 11:30:00,500.0000000000,45.0000000000,631.8874000000,49.6000000000
2023-03-09 11:45:00,584.0000000000,45.0000000000,820.0435000000,54.3500000000
2023-03-09 12:00:00,512.0000000000,45.0000000000,769.3340000000,56.9333300000
2023-03-09 12:15:00,576.0000000000,45.0000000000,760.8342000000,54.8666600000
2023-03-09 12:30:00,568.0000000000,45.0000000000,838.5886000000,56.5333300000
2023-03-09 12:45:00,524.0000000000,45.0000000000,726.6415000000,56.2000000000
2023-03-09 13:00:00,520.0000000000,45.0000000000,772.5215000000,56.1500000000
2023-03-09 13:15:00,524.0000000000,45.0000000000,717.9485000000,56.2166700000
2023-03-09 13:30:00,536.0000000000,45.0000000000,741.6129000000,55.7666700000
2023-03-09 13:45:00,516.0000000000,45.0000000000,727.9938000000,54.5333300000
2023-03-09 14:00:00,464.0000000000,45.0000000000,692.2557000000,56.0166700000
2023-03-09 14:15:00,412.0000000000,44.0000000000,554.9058000000,51.6166600000
2023-03-09 14:30:00,440.0000000000,45.0000000000,619.3308000000,50.8166700000
2023-03-09 14:45:00,416.0000000000,45.0000000000,589.0983000000,51.0166700000
2023-03-09 15:00:00,388.0000000000,44.0000000000,551.3319000000,49.8333300000
2023-03-09 15:15:00,344.0000000000,45.0000000000,493.5715000000,49.7333300000
2023-03-09 15:30:00,308.0000000000,45.0000000000,438.2258000000,48.7500000000
2023-03-09 15:45:00,272.0000000000,45.0000000000,388.7721000000,45.8166700000
2023-03-09 16:00:00,236.0000000000,44.0000000000,340.3808000000,45.1833300000
2023-03-09 16:15:00,196.0000000000,44.0000000000,291.1203000000,43.3333300000
2023-03-09 16:30:00,164.0000000000,45.0000000000,238.3825000000,41.6833300000
2023-03-09 16:45:00,120.0000000000,44.0000000000,186.6106000000,39.8666600000
2023-03-09 17:00:00,88.0000000000,44.0000000000,137.7364000000,38.1500000000
2023-03-09 17:15:00,60.0000000000,44.0000000000,95.7200300000,36.3500000000
2023-03-09 17:30:00,40.0000000000,44.0000000000,61.7205800000,34.7500000000
2023-03-09 17:45:00,20.0000000000,44.0000000000,32.7437800000,33.1000000000
2023-03-09 18:00:00,8.0000000000,44.0000000000,11.6873100000,31.3000000000
2023-03-09 18:15:00,0.0000000000,43.0000000000,0.8693040000,29.5833300000
2023-03-09 18:30:00,0.0000000000,43.0000000000,0.0000000000,28.3833300000
2023-03-09 18:45:00,0.0000000000,43.0000000000,0.0000000000,27.6333300000
2023-03-09 19:00:00,0.0000000000,43.0000000000,0.0000000000,27.1166700000
2023-03-09 19:15:00,0.0000000000,42.0000000000,0.0000000000,27.7666700000
2023-03-09 19:30:00,0.0000000000,42.0000000000,0.0000000000,28.5833300000
2023-03-09 19:45:00,0.0000000000,42.0000000000,0.0000000000,28.6500000000
2023-03-09 20:00:00,0.0000000000,42.0000000000,0.0000000000,28.3500000000
2023-03-09 20:15:00,0.0000000000,41.0000000000,0.0000000000,28.0500000000
2023-03-09 20:30:00,0.0000000000,41.0000000000,0.0000000000,27.6833300000
2023-03-09 20:45:00,0.0000000000,41.0000000000,0.0000000000,27.5000000000
2023-03-09 21:00:00,0.0000000000,41.0000000000,0.0000000000,27.3833300000
2023-03-09 21:15:00,0.0000000000,40.0000000000,0.0000000000,27.2833300000
2023-03-09 21:30:00,0.0000000000,40.0000000000,0.0000000000,27.1500000000
2023-03-09 21:45:00,0.0000000000,40.0000000000,0.0000000000,26.9666700000
2023-03-09 22:00:00,0.0000000000,40.0000000000,0.0000000000,26.8000000000
2023-03-09 22:15:00,0.0000000000,40.0000000000,0.0000000000,26.6000000000
2023-03-09 22:30:00,0.0000000000,40.0000000000,0.0000000000,26.4500000000
2023-03-09 22:45:00,0.0000000000,39.0000000000,0.0000000000,26.4000000000
2023-03-09 23:00:00,0.0000000000,37.0000000000,0.0000000000,26.3000000000
2023-03-09 23:15:00,0.0000000000,36.0000000000,0.0000000000,26.1333300000
2023-03-09 23:30:00,0.0000000000,39.0000000000,0.0000000000,26.1333300000
2023-03-09 23:45:00,0.0000000000,39.0000000000,0.0000000000,26.0166700000
2023-03-10 00:00:00,0.0000000000,39.0000000000,0.0000000000,25.8500000000
2023-03-10 00:15:00,0.0000000000,39.0000000000,0.0000000000,25.6500000000
2023-03-10 00:30:00,0.0000000000,39.0000000000,0.0000000000,25.7000000000
2023-03-10 00:45:00,0.0000000000,39.0000000000,0.0000000000,25.7333300000
2023-03-10 01:00:00,0.0000000000,39.0000000000,0.0000000000,25.5500000000
2023-03-10 01:15:00,0.0000000000,39.0000000000,0.0000000000,25.4500000000
2023-03-10 01:30:00,0.0000000000,38.0000000000,0.0000000000,25.3000000000
2023-03-10 01:45:00,0.0000000000,39.0000000000,0.0000000000,25.2000000000
2023-03-10 02:00:00,0.0000000000,39.0000000000,0.0000000000,25.1833300000
2023-03-10 02:15:00,0.0000000000,38.0000000000,0.0000000000,25.0833300000
2023-03-10 02:30:00,0.0000000000,38.0000000000,0.0000000000,24.8666700000
2023-03-10 02:45:00,0.0000000000,38.0000000000,0.0000000000,24.8000000000
2023-03-10 03:00:00,0.0000000000,38.0000000000,0.0000000000,24.7000000000
2023-03-10 03:15:00,0.0000000000,38.0000000000,0.0000000000,24.5166700000
2023-03-10 03:30:00,0.0000000000,38.0000000000,0.0000000000,24.4166700000
2023-03-10 03:45:00,0.0000000000,38.0000000000,0.0000000000,24.4000000000
2023-03-10 04:00:00,0.0000000000,38.0000000000,0.0000000000,24.3166700000
2023-03-10 04:15:00,0.0000000000,38.0000000000,0.0000000000,24.3000000000
2023-03-10 04:30:00,0.0000000000,37.0000000000,0.0000000000,24.3000000000
2023-03-10 04:45:00,0.0000000000,38.0000000000,0.0000000000,24.2166700000
2023-03-10 05:00:00,0.0000000000,37.0000000000,0.0000000000,24.1833300000
2023-03-10 05:15:00,0.0000000000,38.0000000000,0.0000000000,24.1000000000
2023-03-10 05:30:00,0.0000000000,37.0000000000,0.0000000000,24.1000000000
2023-03-10 05:45:00,0.0000000000,37.0000000000,0.0000000000,24.0166700000
2023-03-10 06:00:00,0.0000000000,37.0000000000,0.0000000000,23.9500000000
2023-03-10 06:15:00,0.8000000000,37.0000000000,0.2897680000,23.8833300000
2023-03-10 06:30:00,8.0000000000,37.0000000000,8.2100940000,23.7500000000
2023-03-10 06:45:00,22.4000000000,37.0000000000,27.2381900000,24.1833300000
2023-03-10 07:00:00,42.8000000000,37.0000000000,54.5729800000,24.6333300000
2023-03-10 07:15:00,67.6000000000,37.0000000000,87.8962900000,25.1000000000
2023-03-10 07:30:00,98.0000000000,37.0000000000,126.2422000000,25.8500000000
2023-03-10 07:45:00,128.4000000000,38.0000000000,170.2870000000,26.6000000000
2023-03-10 08:00:00,157.6000000000,38.0000000000,213.5590000000,28.4666700000
2023-03-10 08:15:00,185.6000000000,39.0000000000,253.2572000000,31.2666700000
2023-03-10 08:30:00,236.4000000000,40.0000000000,316.0403000000,33.6833300000
2023-03-10 08:45:00,257.6000000000,41.0000000000,360.2782000000,36.4666700000
2023-03-10 09:00:00,312.0000000000,42.0000000000,408.6695000000,38.4666700000
2023-03-10 09:15:00,364.0000000000,43.0000000000,499.9464000000,41.1166600000
2023-03-10 09:30:00,308.0000000000,44.0000000000,466.9128000000,45.0000000000
2023-03-10 09:45:00,288.0000000000,44.0000000000,431.0782000000,45.2166700000
2023-03-10 10:00:00,264.0000000000,44.0000000000,331.3980000000,43.1166600000
2023-03-10 10:15:00,400.0000000000,43.0000000000,529.1163000000,45.2000000000
2023-03-10 10:30:00,528.0000000000,44.0000000000,727.6074000000,49.8500000000
2023-03-10 10:45:00,388.0000000000,44.0000000000,564.4680000000,50.3000000000
2023-03-10 11:00:00,576.0000000000,44.0000000000,783.0497000000,49.8500000000
2023-03-10 11:15:00,532.0000000000,45.0000000000,751.8514000000,51.8833400000
2023-03-10 11:30:00,564.0000000000,45.0000000000,795.7029000000,52.8166700000
2023-03-10 11:45:00,520.0000000000,45.0000000000,721.8121000000,52.1000000000
2023-03-10 12:00:00,608.0000000000,45.0000000000,859.7417000000,53.0666700000
2023-03-10 12:15:00,464.0000000000,45.0000000000,753.1071000000,55.9666700000
2023-03-10 12:30:00,496.0000000000,45.0000000000,607.4503000000,51.1000000000
2023-03-10 12:45:00,588.0000000000,45.0000000000,872.5880000000,53.9833300000
2023-03-10 13:00:00,564.0000000000,45.0000000000,827.2876000000,57.6166600000
2023-03-10 13:15:00,560.0000000000,45.0000000000,801.1119000000,56.7833300000
2023-03-10 13:30:00,548.0000000000,45.0000000000,791.0667000000,56.4000000000
2023-03-10 13:45:00,384.0000000000,46.0000000000,543.7014000000,55.8833400000
2023-03-10 14:00:00,420.0000000000,45.0000000000,607.5469000000,52.5833300000
2023-03-10 14:15:00,492.0000000000,45.0000000000,703.3636000000,53.7000000000
2023-03-10 14:30:00,456.0000000000,45.0000000000,659.9949000000,54.9500000000
2023-03-10 14:45:00,428.0000000000,45.0000000000,614.9843000000,54.1333400000
2023-03-10 15:00:00,388.0000000000,44.0000000000,563.9851000000,54.2166700000
2023-03-10 15:15:00,352.0000000000,45.0000000000,501.9748000000,52.3166700000
2023-03-10 15:30:00,320.0000000000,45.0000000000,458.9925000000,50.4500000000
2023-03-10 15:45:00,284.0000000000,45.0000000000,410.4081000000,49.4333300000
2023-03-10 16:00:00,248.0000000000,45.0000000000,360.0850000000,47.6333400000
2023-03-10 16:15:00,204.0000000000,44.0000000000,305.6086000000,44.1000000000
2023-03-10 16:30:00,168.0000000000,44.0000000000,249.9732000000,42.7833300000
2023-03-10 16:45:00,128.0000000000,44.0000000000,198.0081000000,40.0833300000
2023-03-10 17:00:00,88.0000000000,44.0000000000,137.2534000000,37.8333300000
2023-03-10 17:15:00,76.0000000000,44.0000000000,117.6458000000,36.6500000000
2023-03-10 17:30:00,28.0000000000,44.0000000000,54.0900300000,34.8333300000
2023-03-10 17:45:00,20.0000000000,44.0000000000,29.8461000000,32.8000000000
2023-03-10 18:00:00,12.0000000000,43.0000000000,17.2894900000,31.6333300000
2023-03-10 18:15:00,4.0000000000,43.0000000000,2.8010910000,30.6666700000
2023-03-10 18:30:00,0.0000000000,43.0000000000,0.0000000000,29.9500000000
2023-03-10 18:45:00,0.0000000000,43.0000000000,0.0000000000,29.3333300000
2023-03-10 19:00:00,0.0000000000,42.0000000000,0.0000000000,29.4166700000
2023-03-10 19:15:00,0.0000000000,43.0000000000,0.0000000000,29.2833300000
2023-03-10 19:30:00,0.0000000000,43.0000000000,0.0000000000,28.8666700000
2023-03-10 19:45:00,0.0000000000,42.0000000000,0.0000000000,28.7833300000
2023-03-10 20:00:00,0.0000000000,42.0000000000,0.0000000000,28.6500000000
2023-03-10 20:15:00,0.0000000000,41.0000000000,0.0000000000,28.7166700000
2023-03-10 20:30:00,0.0000000000,42.0000000000,0.0000000000,28.4166700000
2023-03-10 20:45:00,0.0000000000,41.0000000000,0.0000000000,28.0000000000
2023-03-10 21:00:00,0.0000000000,41.0000000000,0.0000000000,27.6500000000
2023-03-10 21:15:00,0.0000000000,40.0000000000,0.0000000000,27.3500000000
2023-03-10 21:30:00,0.0000000000,40.0000000000,0.0000000000,27.1500000000
2023-03-10 21:45:00,0.0000000000,41.0000000000,0.0000000000,26.9666700000
2023-03-10 22:00:00,0.0000000000,40.0000000000,0.0000000000,26.8000000000
2023-03-10 22:15:00,0.0000000000,40.0000000000,0.0000000000,26.5833300000
2023-03-10 22:30:00,0.0000000000,40.0000000000,0.0000000000,26.5333300000
2023-03-10 22:45:00,0.0000000000,40.0000000000,0.0000000000,26.3000000000
2023-03-10 23:00:00,0.0000000000,40.0000000000,0.0000000000,26.2000000000
2023-03-10 23:15:00,0.0000000000,40.0000000000,0.0000000000,26.1666700000
2023-03-10 23:30:00,0.0000000000,39.0000000000,0.0000000000,26.2000000000
2023-03-10 23:45:00,0.0000000000,40.0000000000,0.0000000000,26.1666700000
2023-03-11 00:00:00,0.0000000000,39.0000000000,0.0000000000,26.2000000000
2023-03-11 00:15:00,0.0000000000,38.0000000000,0.0000000000,26.1500000000
2023-03-11 00:30:00,0.0000000000,39.0000000000,0.0000000000,26.0166700000
2023-03-11 00:45:00,0.0000000000,38.0000000000,0.0000000000,26.0000000000
2023-03-11 01:00:00,0.0000000000,38.0000000000,0.0000000000,25.9000000000
2023-03-11 01:15:00,0.0000000000,39.0000000000,0.0000000000,25.7500000000
2023-03-11 01:30:00,0.0000000000,39.0000000000,0.0000000000,25.7000000000
2023-03-11 01:45:00,0.0000000000,39.0000000000,0.0000000000,25.6500000000
2023-03-11 02:00:00,0.0000000000,39.0000000000,0.0000000000,25.6000000000
2023-03-11 02:15:00,0.0000000000,38.0000000000,0.0000000000,25.5833300000
2023-03-11 02:30:00,0.0000000000,38.0000000000,0.0000000000,25.5500000000
2023-03-11 02:45:00,0.0000000000,38.0000000000,0.0000000000,25.5833300000
2023-03-11 03:00:00,0.0000000000,38.0000000000,0.0000000000,25.3666700000
2023-03-11 03:15:00,0.0000000000,38.0000000000,0.0000000000,25.2166700000
2023-03-11 03:30:00,0.0000000000,38.0000000000,0.0000000000,25.1500000000
2023-03-11 03:45:00,0.0000000000,38.0000000000,0.0000000000,25.0833300000
2023-03-11 04:00:00,0.0000000000,38.0000000000,0.0000000000,24.9166700000
2023-03-11 04:15:00,0.0000000000,38.0000000000,0.0000000000,24.9666700000
2023-03-11 04:30:00,0.0000000000,37.0000000000,0.0000000000,24.8333300000
2023-03-11 04:45:00,0.0000000000,38.0000000000,0.0000000000,24.6166700000
2023-03-11 05:00:00,0.0000000000,38.0000000000,0.0000000000,24.5833300000
2023-03-11 05:15:00,0.0000000000,38.0000000000,0.0000000000,24.4833300000
2023-03-11 05:30:00,0.0000000000,38.0000000000,0.0000000000,24.4000000000
2023-03-11 05:45:00,0.0000000000,38.0000000000,0.0000000000,24.3833300000
2023-03-11 06:00:00,0.0000000000,38.0000000000,0.0000000000,24.3000000000
2023-03-11 06:15:00,4.0000000000,38.0000000000,0.8693040000,24.2166700000
2023-03-11 06:30:00,12.0000000000,37.0000000000,11.5907200000,24.2833300000
2023-03-11 06:45:00,20.0000000000,37.0000000000,28.5904400000,24.7333300000
2023-03-11 07:00:00,36.0000000000,38.0000000000,42.8856600000,25.1333300000
2023-03-11 07:15:00,72.0000000000,38.0000000000,84.3224900000,25.5166700000
2023-03-11 07:30:00,88.0000000000,38.0000000000,117.7424000000,26.2000000000
2023-03-11 07:45:00,120.0000000000,38.0000000000,153.3839000000,27.7166700000
2023-03-11 08:00:00,148.0000000000,38.0000000000,194.7241000000,29.9833300000
2023-03-11 08:15:00,140.0000000000,39.0000000000,186.9969000000,31.5500000000
2023-03-11 08:30:00,204.0000000000,39.0000000000,263.6889000000,32.4666700000
2023-03-11 08:45:00,256.0000000000,40.0000000000,343.2785000000,35.0166700000
2023-03-11 09:00:00,288.0000000000,42.0000000000,396.5958000000,37.8500000000
2023-03-11 09:15:00,300.0000000000,42.0000000000,418.8114000000,40.3166700000
2023-03-11 09:30:00,384.0000000000,43.0000000000,505.1622000000,42.2333300000
2023-03-11 09:45:00,384.0000000000,44.0000000000,547.2751000000,44.7333300000
2023-03-11 10:00:00,360.0000000000,45.0000000000,541.6730000000,45.4666700000
2023-03-11 10:15:00,412.0000000000,45.0000000000,525.2528000000,44.4666700000
2023-03-11 10:30:00,296.0000000000,44.0000000000,417.7489000000,44.6333400000
2023-03-11 10:45:00,316.0000000000,44.0000000000,422.3852000000,43.0000000000
2023-03-11 11:00:00,332.0000000000,44.0000000000,453.9699000000,44.5000000000
2023-03-11 11:15:00,360.0000000000,44.0000000000,471.2594000000,44.8333300000
2023-03-11 11:30:00,456.0000000000,42.0000000000,635.8476000000,48.1833300000
2023-03-11 11:45:00,564.0000000000,45.0000000000,744.8969000000,50.3333300000
2023-03-11 12:00:00,492.0000000000,45.0000000000,752.1412000000,53.1000000000
2023-03-11 12:15:00,504.0000000000,46.0000000000,722.4882000000,51.8166700000
2023-03-11 12:30:00,532.0000000000,46.0000000000,800.6290000000,53.6500000000
2023-03-11 12:45:00,488.0000000000,46.0000000000,670.5231000000,53.1500000000
2023-03-11 13:00:00,504.0000000000,46.0000000000,747.6981000000,53.6500000000
2023-03-11 13:15:00,520.0000000000,46.0000000000,742.0958000000,54.3333300000
2023-03-11 13:30:00,508.0000000000,46.0000000000,736.4937000000,54.0666700000
2023-03-11 13:45:00,456.0000000000,46.0000000000,619.9103000000,52.4333300000
2023-03-11 14:00:00,484.0000000000,46.0000000000,685.0116000000,51.6666700000
2023-03-11 14:15:00,428.0000000000,46.0000000000,619.5240000000,52.6000000000
2023-03-11 14:30:00,336.0000000000,46.0000000000,502.0714000000,51.7833300000
2023-03-11 14:45:00,400.0000000000,46.0000000000,542.1559000000,48.2500000000
2023-03-11 15:00:00,364.0000000000,46.0000000000,528.6334000000,47.8833400000
2023-03-11 15:15:00,324.0000000000,46.0000000000,474.1570000000,46.9000000000
2023-03-11 15:30:00,284.0000000000,46.0000000000,414.5614000000,46.3500000000
2023-03-11 15:45:00,248.0000000000,46.0000000000,369.8406000000,45.1166600000
2023-03-11 16:00:00,200.0000000000,45.0000000000,305.3189000000,42.0000000000
2023-03-11 16:15:00,180.0000000000,45.0000000000,265.4275000000,41.1666700000
2023-03-11 16:30:00,144.0000000000,45.0000000000,224.5702000000,39.8500000000
2023-03-11 16:45:00,116.0000000000,45.0000000000,173.4745000000,38.4166700000
2023-03-11 17:00:00,88.0000000000,46.0000000000,141.2136000000,36.9500000000
2023-03-11 17:15:00,64.0000000000,44.0000000000,103.9301000000,34.7500000000
2023-03-11 17:30:00,44.0000000000,44.0000000000,67.4193600000,32.7500000000
2023-03-11 17:45:00,20.0000000000,43.0000000000,37.5732500000,31.3000000000
2023-03-11 18:00:00,8.0000000000,43.0000000000,15.0679400000,30.1166700000
2023-03-11 18:15:00,0.0000000000,42.0000000000,1.8351970000,29.1666700000
2023-03-11 18:30:00,0.0000000000,42.0000000000,0.0000000000,28.6000000000
2023-03-11 18:45:00,0.0000000000,41.0000000000,0.0000000000,28.2500000000
2023-03-11 19:00:00,0.0000000000,42.0000000000,0.0000000000,27.9500000000
2023-03-11 19:15:00,0.0000000000,41.0000000000,0.0000000000,27.6500000000
2023-03-11 19:30:00,0.0000000000,41.0000000000,0.0000000000,27.4500000000
2023-03-11 19:45:00,0.0000000000,41.0000000000,0.0000000000,27.3666700000
2023-03-11 20:00:00,0.0000000000,41.0000000000,0.0000000000,27.3166700000
2023-03-11 20:15:00,0.0000000000,40.0000000000,0.0000000000,27.3000000000
2023-03-11 20:30:00,0.0000000000,40.0000000000,0.0000000000,27.2833300000
2023-03-11 20:45:00,0.0000000000,40.0000000000,0.0000000000,27.1666700000
2023-03-11 21:00:00,0.0000000000,40.0000000000,0.0000000000,27.1833300000
2023-03-11 21:15:00,0.0000000000,40.0000000000,0.0000000000,27.4166700000
2023-03-11 21:30:00,0.0000000000,40.0000000000,0.0000000000,27.3166700000
2023-03-11 21:45:00,0.0000000000,40.0000000000,0.0000000000,27.0833300000
2023-03-11 22:00:00,0.0000000000,40.0000000000,0.0000000000,27.0166700000
2023-03-11 22:15:00,0.0000000000,40.0000000000,0.0000000000,27.0500000000
2023-03-11 22:30:00,0.0000000000,39.0000000000,0.0000000000,26.9333300000
2023-03-11 22:45:00,0.0000000000,39.0000000000,0.0000000000,26.7333300000
2023-03-11 23:00:00,0.0000000000,39.0000000000,0.0000000000,26.5666700000
2023-03-11 23:15:00,0.0000000000,39.0000000000,0.0000000000,26.3166700000
2023-03-11 23:30:00,0.0000000000,39.0000000000,0.0000000000,26.3500000000
2023-03-11 23:45:00,0.0000000000,39.0000000000,0.0000000000,26.4000000000
2023-03-12 00:00:00,0.0000000000,39.0000000000,0.0000000000,26.3833300000
2023-03-12 00:15:00,0.0000000000,39.0000000000,0.0000000000,26.3000000000
2023-03-12 00:30:00,0.0000000000,38.0000000000,0.0000000000,26.2333300000
2023-03-12 00:45:00,0.0000000000,39.0000000000,0.0000000000,26.0500000000
2023-03-12 01:00:00,0.0000000000,39.0000000000,0.0000000000,25.9166700000
2023-03-12 01:15:00,0.0000000000,39.0000000000,0.0000000000,25.5500000000
2023-03-12 01:30:00,0.0000000000,39.0000000000,0.0000000000,25.3166700000
2023-03-12 01:45:00,0.0000000000,38.0000000000,0.0000000000,25.2166700000
2023-03-12 02:00:00,0.0000000000,38.0000000000,0.0000000000,25.2833300000
2023-03-12 02:15:00,0.0000000000,39.0000000000,0.0000000000,25.4500000000
2023-03-12 02:30:00,0.0000000000,38.0000000000,0.0000000000,25.6000000000
2023-03-12 02:45:00,0.0000000000,38.0000000000,0.0000000000,25.5166700000
2023-03-12 03:00:00,0.0000000000,38.0000000000,0.0000000000,25.4166700000
2023-03-12 03:15:00,0.0000000000,38.0000000000,0.0000000000,25.4333300000
2023-03-12 03:30:00,0.0000000000,38.0000000000,0.0000000000,25.2500000000
2023-03-12 03:45:00,0.0000000000,38.0000000000,0.0000000000,25.0500000000
2023-03-12 04:00:00,0.0000000000,38.0000000000,0.0000000000,24.9000000000
2023-03-12 04:15:00,0.0000000000,38.0000000000,0.0000000000,24.7500000000
2023-03-12 04:30:00,0.0000000000,38.0000000000,0.0000000000,24.7166700000
2023-03-12 04:45:00,0.0000000000,38.0000000000,0.0000000000,24.8833300000
2023-03-12 05:00:00,0.0000000000,38.0000000000,0.0000000000,25.0333300000
2023-03-12 05:15:00,0.0000000000,38.0000000000,0.0000000000,25.1000000000
2023-03-12 05:30:00,0.0000000000,38.0000000000,0.0000000000,24.9666700000
2023-03-12 05:45:00,0.0000000000,37.0000000000,0.0000000000,24.8000000000
2023-03-12 06:00:00,0.0000000000,37.0000000000,0.0000000000,24.6500000000
2023-03-12 06:15:00,0.0000000000,38.0000000000,0.0965893300,24.7833300000
2023-03-12 06:30:00,4.0000000000,37.0000000000,3.9601630000,24.7500000000
2023-03-12 06:45:00,8.0000000000,38.0000000000,9.3691660000,24.9000000000
2023-03-12 07:00:00,16.0000000000,38.0000000000,20.4769400000,25.3000000000
2023-03-12 07:15:00,52.0000000000,37.0000000000,57.7604200000,26.0833300000
2023-03-12 07:30:00,128.0000000000,37.0000000000,147.5885000000,27.7833300000
2023-03-12 07:45:00,108.0000000000,38.0000000000,149.3271000000,30.1166700000
2023-03-12 08:00:00,128.0000000000,38.0000000000,166.3268000000,31.0833300000
2023-03-12 08:15:00,168.0000000000,39.0000000000,217.4226000000,32.3333300000
2023-03-12 08:30:00,176.0000000000,40.0000000000,244.5642000000,34.6000000000
2023-03-12 08:45:00,168.0000000000,40.0000000000,215.8771000000,35.5000000000
2023-03-12 09:00:00,244.0000000000,42.0000000000,324.1538000000,36.6000000000
2023-03-12 09:15:00,208.0000000000,43.0000000000,265.3309000000,38.0833300000
2023-03-12 09:30:00,228.0000000000,42.0000000000,334.1025000000,39.3500000000
2023-03-12 09:45:00,264.0000000000,42.0000000000,353.0340000000,39.7833300000
2023-03-12 10:00:00,312.0000000000,43.0000000000,432.6236000000,41.7666700000
2023-03-12 10:15:00,328.0000000000,43.0000000000,407.3172000000,41.9000000000
2023-03-12 10:30:00,296.0000000000,43.0000000000,420.3568000000,43.4166700000
2023-03-12 10:45:00,300.0000000000,43.0000000000,369.4542000000,41.5500000000
2023-03-12 11:00:00,484.0000000000,44.0000000000,605.8083000000,44.4833300000
2023-03-12 11:15:00,516.0000000000,44.0000000000,722.3917000000,50.8333300000
2023-03-12 11:30:00,472.0000000000,45.0000000000,659.6085000000,51.4833300000
2023-03-12 11:45:00,484.0000000000,45.0000000000,681.0514000000,52.9333300000
2023-03-12 12:00:00,556.0000000000,46.0000000000,791.4531000000,55.7333300000
2023-03-12 12:15:00,412.0000000000,46.0000000000,619.6206000000,56.0166700000
2023-03-12 12:30:00,520.0000000000,45.0000000000,686.3638000000,51.3666600000
2023-03-12 12:45:00,560.0000000000,45.0000000000,773.8737000000,54.1500000000
2023-03-12 13:00:00,420.0000000000,46.0000000000,651.3019000000,53.6166600000
2023-03-12 13:15:00,504.0000000000,46.0000000000,675.8356000000,51.9333300000
2023-03-12 13:30:00,540.0000000000,45.0000000000,783.4361000000,54.5333300000
2023-03-12 13:45:00,364.0000000000,45.0000000000,529.7925000000,54.2166700000
2023-03-12 14:00:00,360.0000000000,45.0000000000,519.7473000000,50.5166700000
2023-03-12 14:15:00,316.0000000000,45.0000000000,422.8681000000,48.0333300000
2023-03-12 14:30:00,408.0000000000,45.0000000000,564.4681000000,49.0833300000
2023-03-12 14:45:00,412.0000000000,46.0000000000,600.3992000000,50.7166700000
2023-03-12 15:00:00,368.0000000000,46.0000000000,536.0707000000,50.7500000000
2023-03-12 15:15:00,348.0000000000,44.0000000000,495.9862000000,49.4000000000
2023-03-12 15:30:00,280.0000000000,45.0000000000,423.1579000000,50.2166700000
2023-03-12 15:45:00,264.0000000000,44.0000000000,380.5620000000,47.3500000000
2023-03-12 16:00:00,236.0000000000,45.0000000000,345.5966000000,45.7000000000
2023-03-12 16:15:00,196.0000000000,45.0000000000,297.0122000000,43.8333300000
2023-03-12 16:30:00,144.0000000000,44.0000000000,223.5078000000,42.2166700000
2023-03-12 16:45:00,128.0000000000,45.0000000000,191.3435000000,39.7166700000
2023-03-12 17:00:00,92.0000000000,44.0000000000,145.7533000000,37.9166700000
2023-03-12 17:15:00,60.0000000000,43.0000000000,100.8393000000,36.1666700000
2023-03-12 17:30:00,44.0000000000,44.0000000000,67.9988900000,34.7000000000
2023-03-12 17:45:00,20.0000000000,44.0000000000,36.9937200000,33.1833300000
2023-03-12 18:00:00,8.0000000000,43.0000000000,15.7440600000,31.5333300000
2023-03-12 18:15:00,0.0000000000,43.0000000000,2.2215550000,30.3166700000
2023-03-12 18:30:00,0.0000000000,42.0000000000,0.0000000000,29.4666700000
2023-03-12 18:45:00,0.0000000000,42.0000000000,0.0000000000,28.9166700000
2023-03-12 19:00:00,0.0000000000,43.0000000000,0.0000000000,28.5500000000
2023-03-12 19:15:00,0.0000000000,42.0000000000,0.0000000000,28.3000000000
2023-03-12 19:30:00,0.0000000000,41.0000000000,0.0000000000,28.0500000000
2023-03-12 19:45:00,0.0000000000,41.0000000000,0.0000000000,27.8833300000
2023-03-12 20:00:00,0.0000000000,41.0000000000,0.0000000000,27.7000000000
2023-03-12 20:15:00,0.0000000000,40.0000000000,0.0000000000,27.5166700000
2023-03-12 20:30:00,0.0000000000,40.0000000000,0.0000000000,27.4166700000
2023-03-12 20:45:00,0.0000000000,40.0000000000,0.0000000000,27.3500000000
2023-03-12 21:00:00,0.0000000000,40.0000000000,0.0000000000,27.3833300000
2023-03-12 21:15:00,0.0000000000,40.0000000000,0.0000000000,27.3333300000
2023-03-12 21:30:00,0.0000000000,39.0000000000,0.0000000000,27.2000000000
2023-03-12 21:45:00,0.0000000000,39.0000000000,0.0000000000,27.2833300000
2023-03-12 22:00:00,0.0000000000,40.0000000000,0.0000000000,27.5666700000
2023-03-12 22:15:00,0.0000000000,39.0000000000,0.0000000000,27.4500000000
2023-03-12 22:30:00,0.0000000000,40.0000000000,0.0000000000,27.4666700000
2023-03-12 22:45:00,0.0000000000,40.0000000000,0.0000000000,27.8166700000
2023-03-12 23:00:00,0.0000000000,40.0000000000,0.0000000000,27.9000000000
2023-03-12 23:15:00,0.0000000000,40.0000000000,0.0000000000,27.4166700000
2023-03-12 23:30:00,0.0000000000,40.0000000000,0.1931787000,26.1833300000
2023-03-12 23:45:00,0.0000000000,39.0000000000,0.0000000000,25.9500000000
2023-03-13 00:00:00,0.0000000000,38.0000000000,0.2897680000,26.0333300000
2023-03-13 00:15:00,0.0000000000,38.0000000000,0.0965893300,25.9500000000
2023-03-13 00:30:00,0.0000000000,38.0000000000,0.0000000000,25.7666700000
2023-03-13 00:45:00,0.0000000000,38.0000000000,0.0000000000,25.5500000000
2023-03-13 01:00:00,0.0000000000,39.0000000000,0.0000000000,25.6666700000
2023-03-13 01:15:00,0.0000000000,39.0000000000,0.0000000000,25.7333300000
2023-03-13 01:30:00,0.0000000000,38.0000000000,0.0000000000,25.6333300000
2023-03-13 01:45:00,0.0000000000,38.0000000000,0.0000000000,25.5000000000
2023-03-13 02:00:00,0.0000000000,38.0000000000,0.0000000000,25.2666700000
2023-03-13 02:15:00,0.0000000000,38.0000000000,0.0000000000,25.3000000000
2023-03-13 02:30:00,0.0000000000,38.0000000000,0.0000000000,25.3500000000
2023-03-13 02:45:00,0.0000000000,38.0000000000,0.0000000000,25.2833300000
2023-03-13 03:00:00,0.0000000000,38.0000000000,0.0000000000,25.0666700000
2023-03-13 03:15:00,0.0000000000,38.0000000000,0.0000000000,25.0500000000
2023-03-13 03:30:00,0.0000000000,38.0000000000,0.0000000000,25.2166700000
2023-03-13 03:45:00,0.0000000000,38.0000000000,0.0000000000,25.5500000000
2023-03-13 04:00:00,0.0000000000,38.0000000000,0.0000000000,25.2166700000
2023-03-13 04:15:00,0.0000000000,37.0000000000,0.0000000000,24.7666700000
2023-03-13 04:30:00,0.0000000000,37.0000000000,0.0000000000,23.7833300000
2023-03-13 04:45:00,0.0000000000,36.0000000000,0.0000000000,23.5500000000
2023-03-13 05:00:00,0.0000000000,37.0000000000,0.0000000000,23.7333300000
2023-03-13 05:15:00,0.0000000000,36.0000000000,0.0000000000,23.7333300000
2023-03-13 05:30:00,0.0000000000,36.0000000000,0.0000000000,23.6833300000
2023-03-13 05:45:00,0.0000000000,36.0000000000,0.0000000000,23.7000000000
2023-03-13 06:00:00,0.0000000000,37.0000000000,0.0000000000,23.7000000000
2023-03-13 06:15:00,0.4000000000,36.0000000000,0.0965893300,23.6666700000
2023-03-13 06:30:00,9.6000000000,37.0000000000,8.4998620000,23.3666700000
2023-03-13 06:45:00,15.6000000000,36.0000000000,18.1587900000,23.3166700000
2023-03-13 07:00:00,32.0000000000,37.0000000000,37.5732500000,23.5666700000
2023-03-13 07:15:00,56.4000000000,36.0000000000,64.3284900000,24.4166700000
2023-03-13 07:30:00,119.6000000000,36.0000000000,136.6739000000,26.3166700000
2023-03-13 07:45:00,133.2000000000,36.0000000000,175.4062000000,29.0333300000
2023-03-13 08:00:00,188.4000000000,38.0000000000,221.7691000000,29.9833300000
2023-03-13 08:15:00,198.0000000000,39.0000000000,265.1377000000,31.9833300000
2023-03-13 08:30:00,135.2000000000,39.0000000000,174.7301000000,31.5666700000
2023-03-13 08:45:00,198.0000000000,40.0000000000,252.7743000000,31.4000000000
2023-03-13 09:00:00,160.0000000000,40.0000000000,189.1219000000,32.1500000000
2023-03-13 09:15:00,208.0000000000,39.0000000000,251.6152000000,32.3166700000
2023-03-13 09:30:00,228.0000000000,39.0000000000,256.4447000000,33.1833300000
2023-03-13 09:45:00,364.0000000000,40.0000000000,461.6004000000,36.8500000000
2023-03-13 10:00:00,424.0000000000,41.0000000000,506.2247000000,40.3833400000
2023-03-13 10:15:00,364.0000000000,40.0000000000,472.1287000000,38.2000000000
2023-03-13 10:30:00,408.0000000000,42.0000000000,507.0940000000,33.1666700000
2023-03-13 10:45:00,500.0000000000,42.0000000000,617.0126000000,38.4166700000
2023-03-13 11:00:00,560.0000000000,42.0000000000,717.6588000000,41.8833400000
2023-03-13 11:15:00,480.0000000000,42.0000000000,630.6318000000,43.1666700000
2023-03-13 11:30:00,532.0000000000,42.0000000000,662.1199000000,43.7000000000
2023-03-13 11:45:00,608.0000000000,42.0000000000,771.8453000000,45.1166600000
2023-03-13 12:00:00,492.0000000000,42.0000000000,700.2727000000,48.1833300000
2023-03-13 12:15:00,620.0000000000,43.0000000000,750.1128000000,45.5166700000
2023-03-13 12:30:00,616.0000000000,42.0000000000,804.2994000000,47.5500000000
2023-03-13 12:45:00,480.0000000000,43.0000000000,670.5231000000,47.8833400000
2023-03-13 13:00:00,508.0000000000,42.0000000000,590.9335000000,44.2833300000
2023-03-13 13:15:00,488.0000000000,43.0000000000,680.3752000000,46.5000000000
2023-03-13 13:30:00,600.0000000000,43.0000000000,788.2656000000,47.4333300000
2023-03-13 13:45:00,532.0000000000,43.0000000000,648.5008000000,46.0666700000
2023-03-13 14:00:00,524.0000000000,43.0000000000,725.0961000000,46.5666700000
2023-03-13 14:15:00,444.0000000000,43.0000000000,551.2354000000,44.7000000000
2023-03-13 14:30:00,316.0000000000,43.0000000000,461.0209000000,43.4666700000
2023-03-13 14:45:00,260.0000000000,43.0000000000,309.6654000000,39.8500000000
2023-03-13 15:00:00,148.0000000000,42.0000000000,193.5650000000,37.7833300000
2023-03-13 15:15:00,176.0000000000,43.0000000000,200.6160000000,35.8166700000
2023-03-13 15:30:00,152.0000000000,43.0000000000,198.1047000000,36.1166600000
2023-03-13 15:45:00,92.0000000000,42.0000000000,115.7140000000,35.0666700000
2023-03-13 16:00:00,120.0000000000,43.0000000000,145.1738000000,34.3333300000
2023-03-13 16:15:00,200.0000000000,42.0000000000,212.2068000000,34.7666700000
2023-03-13 16:30:00,212.0000000000,42.0000000000,292.4725000000,37.7333300000
2023-03-13 16:45:00,100.0000000000,42.0000000000,145.7533000000,36.6000000000
2023-03-13 17:00:00,40.0000000000,43.0000000000,56.1184000000,33.4000000000
2023-03-13 17:15:00,36.0000000000,42.0000000000,47.7151300000,31.4500000000
2023-03-13 17:30:00,36.0000000000,42.0000000000,41.6300000000,30.7333300000
2023-03-13 17:45:00,24.0000000000,41.0000000000,34.6755700000,30.4166700000
2023-03-13 18:00:00,4.0000000000,41.0000000000,7.8237360000,29.6333300000
2023-03-13 18:15:00,0.0000000000,42.0000000000,0.2897680000,28.7000000000
2023-03-13 18:30:00,0.0000000000,41.0000000000,0.0000000000,28.0500000000
2023-03-13 18:45:00,0.0000000000,41.0000000000,0.0000000000,27.2833300000
2023-03-13 19:00:00,0.0000000000,41.0000000000,0.0000000000,26.8333300000
2023-03-13 19:15:00,0.0000000000,39.0000000000,0.0000000000,26.8833300000
2023-03-13 19:30:00,0.0000000000,41.0000000000,0.0000000000,26.8666700000
2023-03-13 19:45:00,0.0000000000,40.0000000000,0.0000000000,26.6000000000
2023-03-13 20:00:00,0.0000000000,40.0000000000,0.0000000000,26.4000000000
2023-03-13 20:15:00,0.0000000000,39.0000000000,0.0000000000,26.3666700000
2023-03-13 20:30:00,0.0000000000,39.0000000000,0.0000000000,26.0500000000
2023-03-13 20:45:00,0.0000000000,39.0000000000,0.0000000000,25.9833300000
2023-03-13 21:00:00,0.0000000000,39.0000000000,0.0000000000,25.8666700000
2023-03-13 21:15:00,0.0000000000,38.0000000000,0.0000000000,25.4500000000
2023-03-13 21:30:00,0.0000000000,39.0000000000,0.0000000000,25.1833300000
2023-03-13 21:45:00,0.0000000000,38.0000000000,0.0000000000,25.0500000000
2023-03-13 22:00:00,0.0000000000,39.0000000000,0.0000000000,25.0333300000
2023-03-13 22:15:00,0.0000000000,38.0000000000,0.0000000000,24.7500000000
2023-03-13 22:30:00,0.0000000000,38.0000000000,0.0000000000,24.5000000000
2023-03-13 22:45:00,0.0000000000,38.0000000000,0.0000000000,24.3166700000
2023-03-13 23:00:00,0.0000000000,38.0000000000,0.0000000000,24.2833300000
2023-03-13 23:15:00,0.0000000000,38.0000000000,0.0000000000,24.2500000000
2023-03-13 23:30:00,0.0000000000,38.0000000000,0.0000000000,24.1666700000
2023-03-13 23:45:00,0.0000000000,37.0000000000,0.0000000000,23.6833300000
2023-03-14 00:00:00,0.0000000000,37.0000000000,0.0000000000,23.5500000000
2023-03-14 00:15:00,0.0000000000,38.0000000000,0.0000000000,23.3666700000
2023-03-14 00:30:00,0.0000000000,37.0000000000,0.0000000000,23.1500000000
2023-03-14 00:45:00,0.0000000000,37.0000000000,0.0000000000,22.7666700000
2023-03-14 01:00:00,0.0000000000,37.0000000000,0.0000000000,22.5333300000
2023-03-14 01:15:00,0.0000000000,38.0000000000,0.0000000000,22.5833300000
2023-03-14 01:30:00,0.0000000000,37.0000000000,0.0000000000,22.2833300000
2023-03-14 01:45:00,0.0000000000,37.0000000000,0.0000000000,21.8333300000
2023-03-14 02:00:00,0.0000000000,37.0000000000,0.0000000000,21.8500000000
2023-03-14 02:15:00,0.0000000000,37.0000000000,0.0000000000,21.4500000000
2023-03-14 02:30:00,0.0000000000,37.0000000000,0.0000000000,20.6666700000
2023-03-14 02:45:00,0.0000000000,36.0000000000,0.0000000000,20.1833300000
2023-03-14 03:00:00,0.0000000000,36.0000000000,0.0000000000,19.8000000000
2023-03-14 03:15:00,0.0000000000,36.0000000000,0.0000000000,19.7000000000
2023-03-14 03:30:00,0.0000000000,36.0000000000,0.0000000000,19.7166700000
2023-03-14 03:45:00,0.0000000000,36.0000000000,0.0000000000,19.7166700000
2023-03-14 04:00:00,0.0000000000,36.0000000000,0.0000000000,19.5833300000
2023-03-14 04:15:00,0.0000000000,36.0000000000,0.0000000000,19.9000000000
2023-03-14 04:30:00,0.0000000000,36.0000000000,0.0000000000,20.3833300000
2023-03-14 04:45:00,0.0000000000,36.0000000000,0.0000000000,20.3833300000
2023-03-14 05:00:00,0.0000000000,36.0000000000,0.0000000000,20.1666700000
2023-03-14 05:15:00,0.0000000000,36.0000000000,0.0000000000,20.0000000000
2023-03-14 05:30:00,0.0000000000,36.0000000000,0.0000000000,19.5666700000
2023-03-14 05:45:00,0.0000000000,36.0000000000,0.0000000000,19.2000000000
2023-03-14 06:00:00,0.0000000000,36.0000000000,0.0000000000,19.0166700000
2023-03-14 06:15:00,2.4000000000,36.0000000000,1.2556610000,19.2333300000
2023-03-14 06:30:00,14.4000000000,36.0000000000,16.0338300000,19.6166700000
2023-03-14 06:45:00,28.0000000000,36.0000000000,32.5506100000,20.3333300000
2023-03-14 07:00:00,61.2000000000,36.0000000000,73.2147100000,21.7666700000
2023-03-14 07:15:00,97.2000000000,36.0000000000,127.8843000000,23.9500000000
2023-03-14 07:30:00,132.0000000000,36.0000000000,164.1053000000,25.8666700000
2023-03-14 07:45:00,188.4000000000,36.0000000000,231.5246000000,28.2333300000
2023-03-14 08:00:00,234.0000000000,38.0000000000,292.0861000000,31.1666700000
2023-03-14 08:15:00,268.0000000000,39.0000000000,325.8925000000,33.6000000000
2023-03-14 08:30:00,322.0000000000,42.0000000000,399.3003000000,35.8166700000
2023-03-14 08:45:00,385.2000000000,43.0000000000,469.7139000000,36.6000000000
2023-03-14 09:00:00,436.0000000000,44.0000000000,540.5139000000,37.9166700000
2023-03-14 09:15:00,488.0000000000,45.0000000000,607.9333000000,39.5666700000
2023-03-14 09:30:00,436.0000000000,45.0000000000,576.1554000000,41.0333300000
2023-03-14 09:45:00,612.0000000000,46.0000000000,725.4825000000,41.1166600000
2023-03-14 10:00:00,484.0000000000,45.0000000000,667.0460000000,44.3166700000
2023-03-14 10:15:00,532.0000000000,44.0000000000,621.5524000000,42.5000000000
2023-03-14 10:30:00,532.0000000000,43.0000000000,705.9714000000,45.3000000000
2023-03-14 10:45:00,660.0000000000,43.0000000000,780.6350000000,44.8500000000
2023-03-14 11:00:00,680.0000000000,43.0000000000,885.3378000000,47.3000000000
2023-03-14 11:15:00,688.0000000000,44.0000000000,903.4000000000,49.7333300000
2023-03-14 11:30:00,624.0000000000,43.0000000000,809.4186000000,49.3333300000
2023-03-14 11:45:00,692.0000000000,43.0000000000,906.5875000000,49.8333300000
2023-03-14 12:00:00,692.0000000000,44.0000000000,913.9283000000,52.3833400000
2023-03-14 12:15:00,692.0000000000,45.0000000000,913.0590000000,53.6833300000
2023-03-14 12:30:00,680.0000000000,44.0000000000,903.2068000000,52.7666700000
2023-03-14 12:45:00,652.0000000000,44.0000000000,880.3152000000,54.2500000000
2023-03-14 13:00:00,644.0000000000,43.0000000000,845.8328000000,55.3666600000
2023-03-14 13:15:00,644.0000000000,43.0000000000,858.2928000000,54.8166700000
2023-03-14 13:30:00,540.0000000000,44.0000000000,737.9425000000,53.5333300000
2023-03-14 13:45:00,560.0000000000,43.0000000000,725.9654000000,51.3500000000
2023-03-14 14:00:00,620.0000000000,43.0000000000,787.3962000000,51.4500000000
2023-03-14 14:15:00,480.0000000000,44.0000000000,710.8009000000,52.1833300000
2023-03-14 14:30:00,516.0000000000,44.0000000000,651.3984000000,50.4333300000
2023-03-14 14:45:00,496.0000000000,44.0000000000,648.9838000000,50.8500000000
2023-03-14 15:00:00,348.0000000000,44.0000000000,504.5827000000,51.5833300000
2023-03-14 15:15:00,268.0000000000,43.0000000000,298.6542000000,44.0333300000
2023-03-14 15:30:00,336.0000000000,43.0000000000,425.0896000000,43.1333400000
2023-03-14 15:45:00,308.0000000000,43.0000000000,372.5451000000,43.5666700000
2023-03-14 16:00:00,264.0000000000,43.0000000000,345.4035000000,42.5000000000
2023-03-14 16:15:00,208.0000000000,43.0000000000,271.8024000000,40.4833300000
2023-03-14 16:30:00,180.0000000000,43.0000000000,231.8144000000,39.0666700000
2023-03-14 16:45:00,180.0000000000,43.0000000000,224.2804000000,38.2333300000
2023-03-14 17:00:00,100.0000000000,43.0000000000,140.8273000000,37.1000000000
2023-03-14 17:15:00,80.0000000000,42.0000000000,107.2142000000,35.2500000000
2023-03-14 17:30:00,56.0000000000,42.0000000000,71.8624600000,33.6166600000
2023-03-14 17:45:00,28.0000000000,42.0000000000,45.2038100000,31.9666700000
2023-03-14 18:00:00,16.0000000000,42.0000000000,17.8690300000,30.4166700000
2023-03-14 18:15:00,0.0000000000,42.0000000000,2.3181440000,29.1000000000
2023-03-14 18:30:00,0.0000000000,42.0000000000,0.0000000000,27.7500000000
2023-03-14 18:45:00,0.0000000000,41.0000000000,0.0000000000,26.4166700000
2023-03-14 19:00:00,0.0000000000,42.0000000000,0.0000000000,25.3833300000
2023-03-14 19:15:00,0.0000000000,41.0000000000,0.0000000000,24.7333300000
2023-03-14 19:30:00,0.0000000000,41.0000000000,0.0000000000,24.4666700000
2023-03-14 19:45:00,0.0000000000,40.0000000000,0.0000000000,24.3166700000
2023-03-14 20:00:00,0.0000000000,40.0000000000,0.0000000000,24.2000000000
2023-03-14 20:15:00,0.0000000000,40.0000000000,0.0000000000,24.0333300000
2023-03-14 20:30:00,0.0000000000,40.0000000000,0.0000000000,24.1166700000
2023-03-14 20:45:00,0.0000000000,40.0000000000,0.0000000000,24.1833300000
2023-03-14 21:00:00,0.0000000000,40.0000000000,0.0000000000,23.8000000000
2023-03-14 21:15:00,0.0000000000,40.0000000000,0.0000000000,23.3166700000
2023-03-14 21:30:00,0.0000000000,39.0000000000,0.0000000000,23.2000000000
2023-03-14 21:45:00,0.0000000000,39.0000000000,0.0000000000,22.9166700000
2023-03-14 22:00:00,0.0000000000,39.0000000000,0.0000000000,22.6500000000
2023-03-14 22:15:00,0.0000000000,38.0000000000,0.0000000000,22.9500000000
2023-03-14 22:30:00,0.0000000000,39.0000000000,0.0000000000,24.3833300000
2023-03-14 22:45:00,0.0000000000,39.0000000000,0.0000000000,24.4666700000
2023-03-14 23:00:00,0.0000000000,39.0000000000,0.0000000000,23.7666700000
2023-03-14 23:15:00,0.0000000000,39.0000000000,0.0000000000,23.3166700000
2023-03-14 23:30:00,0.0000000000,38.0000000000,0.0000000000,23.6833300000
2023-03-14 23:45:00,0.0000000000,38.0000000000,0.0000000000,24.2000000000
2023-03-15 00:00:00,0.0000000000,38.0000000000,0.0000000000,23.7500000000
2023-03-15 00:15:00,0.0000000000,38.0000000000,0.0000000000,23.3500000000
2023-03-15 00:30:00,0.0000000000,38.0000000000,0.0000000000,22.7333300000
2023-03-15 00:45:00,0.0000000000,38.0000000000,0.0000000000,22.6500000000
2023-03-15 01:00:00,0.0000000000,38.0000000000,0.0000000000,22.3166700000
2023-03-15 01:15:00,0.0000000000,38.0000000000,0.0000000000,22.0166700000
2023-03-15 01:30:00,0.0000000000,38.0000000000,0.0000000000,21.8833300000
2023-03-15 01:45:00,0.0000000000,38.0000000000,0.0000000000,21.5166700000
2023-03-15 02:00:00,0.0000000000,38.0000000000,0.0000000000,21.1666700000
2023-03-15 02:15:00,0.0000000000,37.0000000000,0.0000000000,21.0166700000
2023-03-15 02:30:00,0.0000000000,38.0000000000,0.0000000000,21.0500000000
2023-03-15 02:45:00,0.0000000000,38.0000000000,0.0000000000,21.1000000000
2023-03-15 03:00:00,0.0000000000,37.0000000000,0.0000000000,21.0500000000
2023-03-15 03:15:00,0.0000000000,37.0000000000,0.0000000000,20.8833300000
2023-03-15 03:30:00,0.0000000000,37.0000000000,0.0000000000,20.5500000000
2023-03-15 03:45:00,0.0000000000,37.0000000000,0.0000000000,20.4166700000
2023-03-15 04:00:00,0.0000000000,37.0000000000,0.0000000000,20.5666700000
2023-03-15 04:15:00,0.0000000000,37.0000000000,0.0000000000,20.4000000000
2023-03-15 04:30:00,0.0000000000,37.0000000000,0.0000000000,20.2166700000
2023-03-15 04:45:00,0.0000000000,37.0000000000,0.0000000000,20.0833300000
2023-03-15 05:00:00,0.0000000000,37.0000000000,0.0000000000,20.1666700000
2023-03-15 05:15:00,0.0000000000,0.0000000000,0.0000000000,0.0000000000
2023-03-15 05:30:00,0.0000000000,36.0000000000,0.0000000000,21.0333300000
2023-03-15 05:45:00,0.0000000000,37.0000000000,0.0000000000,20.9000000000
2023-03-15 06:00:00,0.0000000000,37.0000000000,0.0000000000,21.0166700000
2023-03-15 06:15:00,2.4000000000,36.0000000000,1.7386080000,21.2166700000
2023-03-15 06:30:00,13.2000000000,36.0000000000,14.1020400000,21.7833300000
2023-03-15 06:45:00,32.8000000000,36.0000000000,38.0562000000,22.3666700000
2023-03-15 07:00:00,58.4000000000,37.0000000000,71.2829300000,23.1333300000
2023-03-15 07:15:00,91.2000000000,36.0000000000,112.1402000000,23.7666700000
2023-03-15 07:30:00,128.8000000000,37.0000000000,159.4690000000,24.8000000000
2023-03-15 07:45:00,170.8000000000,37.0000000000,211.9170000000,27.5000000000
2023-03-15 08:00:00,217.6000000000,39.0000000000,268.1320000000,30.5166700000
2023-03-15 08:15:00,257.6000000000,40.0000000000,321.1595000000,33.4833300000
2023-03-15 08:30:00,299.6000000000,42.0000000000,371.1928000000,35.9666700000
2023-03-15 08:45:00,346.0000000000,43.0000000000,433.3963000000,37.9833300000
2023-03-15 09:00:00,392.0000000000,44.0000000000,489.5147000000,40.3833400000
2023-03-15 09:15:00,424.0000000000,45.0000000000,537.4230000000,42.3333300000
2023-03-15 09:30:00,460.0000000000,45.0000000000,586.6837000000,44.9000000000
2023-03-15 09:45:00,496.0000000000,46.0000000000,639.7112000000,47.5333300000
2023-03-15 10:00:00,520.0000000000,46.0000000000,678.1537000000,50.4833300000
2023-03-15 10:15:00,560.0000000000,46.0000000000,731.3745000000,51.9833300000
2023-03-15 10:30:00,576.0000000000,46.0000000000,758.2263000000,53.8333300000
2023-03-15 10:45:00,584.0000000000,46.0000000000,785.2712000000,53.5500000000
2023-03-15 11:00:00,620.0000000000,46.0000000000,829.7990000000,55.2500000000
2023-03-15 11:15:00,632.0000000000,46.0000000000,857.4235000000,56.7833300000
2023-03-15 11:30:00,648.0000000000,47.0000000000,873.5540000000,56.1166600000
2023-03-15 11:45:00,652.0000000000,46.0000000000,885.9174000000,57.0500000000
2023-03-15 12:00:00,644.0000000000,48.0000000000,883.1163000000,58.0833300000
2023-03-15 12:15:00,660.0000000000,46.0000000000,906.8773000000,59.5333300000
2023-03-15 12:30:00,572.0000000000,47.0000000000,791.4530000000,59.6166600000
2023-03-15 12:45:00,668.0000000000,46.0000000000,892.9684000000,56.3833400000
2023-03-15 13:00:00,548.0000000000,46.0000000000,797.7313000000,53.7666700000
2023-03-15 13:15:00,580.0000000000,46.0000000000,769.3340000000,53.9500000000
2023-03-15 13:30:00,524.0000000000,46.0000000000,738.2322000000,55.3000000000
2023-03-15 13:45:00,536.0000000000,46.0000000000,675.0628000000,53.2000000000
2023-03-15 14:00:00,596.0000000000,46.0000000000,806.7141000000,54.0333300000
2023-03-15 14:15:00,508.0000000000,47.0000000000,691.1932000000,53.8500000000
2023-03-15 14:30:00,456.0000000000,45.0000000000,609.3821000000,52.2333300000
2023-03-15 14:45:00,376.0000000000,46.0000000000,510.2814000000,47.8166700000
2023-03-15 15:00:00,296.0000000000,46.0000000000,390.6072000000,44.8500000000
2023-03-15 15:15:00,340.0000000000,45.0000000000,399.3969000000,43.5666700000
2023-03-15 15:30:00,396.0000000000,46.0000000000,512.5031000000,44.5333300000
2023-03-15 15:45:00,332.0000000000,46.0000000000,438.9019000000,44.9166700000
2023-03-15 16:00:00,292.0000000000,46.0000000000,387.2267000000,44.6500000000
2023-03-15 16:15:00,228.0000000000,45.0000000000,309.8586000000,42.8833400000
2023-03-15 16:30:00,192.0000000000,45.0000000000,260.2117000000,41.4500000000
2023-03-15 16:45:00,144.0000000000,45.0000000000,203.6103000000,39.2166700000
2023-03-15 17:00:00,88.0000000000,44.0000000000,115.9072000000,36.1333400000
2023-03-15 17:15:00,72.0000000000,45.0000000000,103.4472000000,34.0166700000
2023-03-15 17:30:00,28.0000000000,43.0000000000,45.9765200000,32.2333300000
2023-03-15 17:45:00,8.0000000000,44.0000000000,14.8747600000,30.6500000000
2023-03-15 18:00:00,4.0000000000,43.0000000000,6.4714850000,29.8000000000
2023-03-15 18:15:00,0.0000000000,42.0000000000,1.1590720000,29.2000000000
2023-03-15 18:30:00,0.0000000000,42.0000000000,0.0000000000,28.7500000000
2023-03-15 18:45:00,0.0000000000,42.0000000000,0.0000000000,28.4166700000
2023-03-15 19:00:00,0.0000000000,42.0000000000,0.0000000000,28.1166700000
2023-03-15 19:15:00,0.0000000000,42.0000000000,0.0000000000,27.8333300000
2023-03-15 19:30:00,0.0000000000,42.0000000000,0.0000000000,27.5166700000
2023-03-15 19:45:00,0.0000000000,41.0000000000,0.0000000000,27.4000000000
2023-03-15 20:00:00,0.0000000000,40.0000000000,0.0000000000,27.2333300000
2023-03-15 20:15:00,0.0000000000,40.0000000000,0.0000000000,27.0333300000
2023-03-15 20:30:00,0.0000000000,40.0000000000,0.0000000000,26.7833300000
2023-03-15 20:45:00,0.0000000000,40.0000000000,0.0000000000,26.8000000000
2023-03-15 21:00:00,0.0000000000,40.0000000000,0.0000000000,26.7333300000
2023-03-15 21:15:00,0.0000000000,40.0000000000,0.0000000000,26.6000000000
2023-03-15 21:30:00,0.0000000000,40.0000000000,0.0000000000,26.6000000000
2023-03-15 21:45:00,0.0000000000,40.0000000000,0.0000000000,26.4666700000
2023-03-15 22:00:00,0.0000000000,40.0000000000,0.0000000000,26.4000000000
2023-03-15 22:15:00,0.0000000000,39.0000000000,0.0000000000,26.3500000000
2023-03-15 22:30:00,0.0000000000,40.0000000000,0.0000000000,26.2333300000
2023-03-15 22:45:00,0.0000000000,39.0000000000,0.0000000000,26.0500000000
2023-03-15 23:00:00,0.0000000000,39.0000000000,0.0000000000,26.0166700000
2023-03-15 23:15:00,0.0000000000,39.0000000000,0.0000000000,26.0333300000
2023-03-15 23:30:00,0.0000000000,39.0000000000,0.0000000000,26.0500000000
2023-03-15 23:45:00,0.0000000000,39.0000000000,0.0000000000,25.9166700000
2023-03-16 00:00:00,0.0000000000,39.0000000000,0.0000000000,25.9000000000
2023-03-16 00:15:00,0.0000000000,39.0000000000,0.0000000000,25.9000000000
2023-03-16 00:30:00,0.0000000000,39.0000000000,0.0000000000,25.9000000000
2023-03-16 00:45:00,0.0000000000,39.0000000000,0.0000000000,25.8500000000
2023-03-16 01:00:00,0.0000000000,39.0000000000,0.0000000000,25.6500000000
2023-03-16 01:15:00,0.0000000000,38.0000000000,0.0000000000,25.4333300000
2023-03-16 01:30:00,0.0000000000,38.0000000000,0.0000000000,25.2833300000
2023-03-16 01:45:00,0.0000000000,38.0000000000,0.0000000000,25.1333300000
2023-03-16 02:00:00,0.0000000000,38.0000000000,0.0000000000,24.9500000000
2023-03-16 02:15:00,0.0000000000,38.0000000000,0.0000000000,24.7166700000
2023-03-16 02:30:00,0.0000000000,38.0000000000,0.0000000000,24.5000000000
2023-03-16 02:45:00,0.0000000000,37.0000000000,0.0000000000,24.4000000000
2023-03-16 03:00:00,0.0000000000,38.0000000000,0.0000000000,24.4166700000
2023-03-16 03:15:00,0.0000000000,38.0000000000,0.0000000000,24.4666700000
2023-03-16 03:30:00,0.0000000000,38.0000000000,0.0000000000,24.6833300000
2023-03-16 03:45:00,0.0000000000,38.0000000000,0.0000000000,25.1666700000
2023-03-16 04:00:00,0.0000000000,38.0000000000,0.0000000000,25.4333300000
2023-03-16 04:15:00,0.0000000000,37.0000000000,0.0000000000,25.1666700000
2023-03-16 04:30:00,0.0000000000,38.0000000000,0.0000000000,24.6333300000
2023-03-16 04:45:00,0.0000000000,38.0000000000,0.0000000000,24.2666700000
2023-03-16 05:00:00,0.0000000000,38.0000000000,0.0000000000,24.2500000000
2023-03-16 05:15:00,0.0000000000,37.0000000000,0.0000000000,24.2833300000
2023-03-16 05:30:00,0.0000000000,38.0000000000,0.0000000000,24.1333300000
2023-03-16 05:45:00,0.0000000000,37.0000000000,0.0000000000,23.8666700000
2023-03-16 06:00:00,0.0000000000,37.0000000000,0.0000000000,23.7666700000
2023-03-16 06:15:00,1.6000000000,37.0000000000,0.8693040000,23.8000000000
2023-03-16 06:30:00,11.6000000000,37.0000000000,11.3975400000,23.8666700000
2023-03-16 06:45:00,32.0000000000,37.0000000000,37.3800700000,24.1500000000
2023-03-16 07:00:00,58.8000000000,37.0000000000,70.2204500000,24.6333300000
2023-03-16 07:15:00,97.6000000000,37.0000000000,119.5776000000,26.1333300000
2023-03-16 07:30:00,136.4000000000,38.0000000000,171.8324000000,28.2333300000
2023-03-16 07:45:00,182.0000000000,38.0000000000,227.7577000000,30.1166700000
2023-03-16 08:00:00,225.6000000000,38.0000000000,283.2965000000,32.1333400000
2023-03-16 08:15:00,264.8000000000,41.0000000000,328.3072000000,34.3833400000
2023-03-16 08:30:00,308.8000000000,42.0000000000,387.3232000000,37.5500000000
2023-03-16 08:45:00,371.6000000000,44.0000000000,458.2198000000,39.9833300000
2023-03-16 09:00:00,408.0000000000,46.0000000000,507.1906000000,41.8500000000
2023-03-16 09:15:00,372.0000000000,46.0000000000,465.1742000000,42.9833300000
2023-03-16 09:30:00,340.0000000000,46.0000000000,465.7538000000,44.5833300000
2023-03-16 09:45:00,208.0000000000,46.0000000000,300.7792000000,42.5666700000
2023-03-16 10:00:00,248.0000000000,44.0000000000,260.1151000000,39.7333300000
2023-03-16 10:15:00,280.0000000000,43.0000000000,371.6758000000,41.1333400000
2023-03-16 10:30:00,400.0000000000,44.0000000000,438.0327000000,40.7833300000
2023-03-16 10:45:00,168.0000000000,44.0000000000,269.8706000000,42.6500000000
2023-03-16 11:00:00,504.0000000000,43.0000000000,520.0370000000,40.3666600000
2023-03-16 11:15:00,604.0000000000,44.0000000000,839.7477000000,50.9500000000
2023-03-16 11:30:00,696.0000000000,45.0000000000,960.8707000000,57.2500000000
2023-03-16 11:45:00,680.0000000000,45.0000000000,959.3253000000,59.3333300000
2023-03-16 12:00:00,592.0000000000,46.0000000000,868.0483000000,57.7000000000
2023-03-16 12:15:00,636.0000000000,46.0000000000,778.7032000000,53.0500000000
2023-03-16 12:30:00,520.0000000000,45.0000000000,720.6530000000,54.8833400000
2023-03-16 12:45:00,596.0000000000,46.0000000000,762.8625000000,51.2333300000
2023-03-16 13:00:00,580.0000000000,46.0000000000,784.4020000000,53.9500000000
2023-03-16 13:15:00,596.0000000000,46.0000000000,757.5501000000,53.2833300000
2023-03-16 13:30:00,652.0000000000,47.0000000000,896.3490000000,55.0833300000
2023-03-16 13:45:00,624.0000000000,47.0000000000,855.2020000000,56.9666700000
2023-03-16 14:00:00,576.0000000000,46.0000000000,815.2139000000,54.9000000000
2023-03-16 14:15:00,496.0000000000,46.0000000000,660.7676000000,51.1500000000
2023-03-16 14:30:00,520.0000000000,45.0000000000,716.8860000000,52.3500000000
2023-03-16 14:45:00,504.0000000000,46.0000000000,684.2388000000,53.2500000000
2023-03-16 15:00:00,492.0000000000,46.0000000000,644.1543000000,50.8000000000
2023-03-16 15:15:00,448.0000000000,46.0000000000,609.7685000000,52.8666600000
2023-03-16 15:30:00,408.0000000000,45.0000000000,547.1786000000,51.3166700000
2023-03-16 15:45:00,336.0000000000,46.0000000000,462.8561000000,48.9000000000
2023-03-16 16:00:00,304.0000000000,45.0000000000,399.5901000000,46.1833300000
2023-03-16 16:15:00,248.0000000000,45.0000000000,340.5739000000,45.6500000000
2023-03-16 16:30:00,160.0000000000,45.0000000000,231.6212000000,41.7833300000
2023-03-16 16:45:00,104.0000000000,45.0000000000,139.6682000000,37.5666700000
2023-03-16 17:00:00,92.0000000000,44.0000000000,123.7309000000,35.0333300000
2023-03-16 17:15:00,68.0000000000,44.0000000000,96.9757000000,33.4333300000
2023-03-16 17:30:00,56.0000000000,44.0000000000,83.1634100000,32.5333300000
2023-03-16 17:45:00,36.0000000000,43.0000000000,52.5445900000,31.4000000000
2023-03-16 18:00:00,12.0000000000,43.0000000000,22.3121300000,30.3000000000
2023-03-16 18:15:00,4.0000000000,42.0000000000,3.3806270000,29.3500000000
2023-03-16 18:30:00,0.0000000000,43.0000000000,0.0000000000,28.6166700000
2023-03-16 18:45:00,0.0000000000,42.0000000000,0.0000000000,28.2500000000
2023-03-16 19:00:00,0.0000000000,41.0000000000,0.0000000000,27.9500000000
2023-03-16 19:15:00,0.0000000000,41.0000000000,0.0000000000,27.7500000000
2023-03-16 19:30:00,0.0000000000,41.0000000000,0.0000000000,27.6833300000
2023-03-16 19:45:00,0.0000000000,40.0000000000,0.0000000000,27.5500000000
2023-03-16 20:00:00,0.0000000000,40.0000000000,0.0000000000,27.4000000000
2023-03-16 20:15:00,0.0000000000,41.0000000000,0.0000000000,27.2333300000
2023-03-16 20:30:00,0.0000000000,40.0000000000,0.0000000000,27.0000000000
2023-03-16 20:45:00,0.0000000000,40.0000000000,0.0000000000,26.8166700000
2023-03-16 21:00:00,0.0000000000,40.0000000000,0.0000000000,26.7333300000
2023-03-16 21:15:00,0.0000000000,40.0000000000,0.0000000000,26.8000000000
2023-03-16 21:30:00,0.0000000000,39.0000000000,0.0000000000,26.7833300000
2023-03-16 21:45:00,0.0000000000,39.0000000000,0.0000000000,26.6500000000
2023-03-16 22:00:00,0.0000000000,39.0000000000,0.0000000000,26.5000000000
2023-03-16 22:15:00,0.0000000000,39.0000000000,0.0000000000,26.4500000000
2023-03-16 22:30:00,0.0000000000,39.0000000000,0.0000000000,26.4166700000
2023-03-16 22:45:00,0.0000000000,39.0000000000,0.0000000000,26.3333300000
2023-03-16 23:00:00,0.0000000000,39.0000000000,0.0000000000,26.4000000000
2023-03-16 23:15:00,0.0000000000,39.0000000000,0.0000000000,26.3833300000
2023-03-16 23:30:00,0.0000000000,38.0000000000,0.0000000000,26.2000000000
2023-03-16 23:45:00,0.0000000000,39.0000000000,0.0000000000,26.0833300000
2023-03-17 00:00:00,0.0000000000,39.0000000000,0.0000000000,26.0666700000
2023-03-17 00:15:00,0.0000000000,39.0000000000,0.0000000000,26.1666700000
2023-03-17 00:30:00,0.0000000000,39.0000000000,0.0000000000,26.2000000000
2023-03-17 00:45:00,0.0000000000,39.0000000000,0.0000000000,26.1833300000
2023-03-17 01:00:00,0.0000000000,38.0000000000,0.0000000000,25.9666700000
2023-03-17 01:15:00,0.0000000000,39.0000000000,0.0000000000,25.8166700000
2023-03-17 01:30:00,0.0000000000,38.0000000000,0.0000000000,25.7000000000
2023-03-17 01:45:00,0.0000000000,38.0000000000,0.0000000000,25.5333300000
2023-03-17 02:00:00,0.0000000000,39.0000000000,0.0000000000,25.2833300000
2023-03-17 02:15:00,0.0000000000,38.0000000000,0.0000000000,25.0500000000
2023-03-17 02:30:00,0.0000000000,38.0000000000,0.0000000000,24.9500000000
2023-03-17 02:45:00,0.0000000000,38.0000000000,0.0000000000,24.7666700000
2023-03-17 03:00:00,0.0000000000,38.0000000000,0.0000000000,24.5666700000
2023-03-17 03:15:00,0.0000000000,38.0000000000,0.0000000000,24.4000000000
2023-03-17 03:30:00,0.0000000000,38.0000000000,0.0000000000,24.3000000000
2023-03-17 03:45:00,0.0000000000,38.0000000000,0.0000000000,24.2166700000
2023-03-17 04:00:00,0.0000000000,38.0000000000,0.0000000000,24.1833300000
2023-03-17 04:15:00,0.0000000000,37.0000000000,0.0000000000,24.1000000000
2023-03-17 04:30:00,0.0000000000,38.0000000000,0.0000000000,24.1000000000
2023-03-17 04:45:00,0.0000000000,38.0000000000,0.0000000000,24.0500000000
2023-03-17 05:00:00,0.0000000000,37.0000000000,0.0000000000,24.0166700000
2023-03-17 05:15:00,0.0000000000,37.0000000000,0.0000000000,24.0833300000
2023-03-17 05:30:00,0.0000000000,37.0000000000,0.0000000000,24.0000000000
2023-03-17 05:45:00,0.0000000000,37.0000000000,0.0000000000,23.9833300000
2023-03-17 06:00:00,0.0000000000,37.0000000000,0.0000000000,23.9000000000
2023-03-17 06:15:00,4.0000000000,38.0000000000,3.0908590000,23.9000000000
2023-03-17 06:30:00,17.6000000000,37.0000000000,19.7042200000,24.0000000000
2023-03-17 06:45:00,40.0000000000,37.0000000000,46.6526500000,24.4000000000
2023-03-17 07:00:00,59.6000000000,37.0000000000,74.1806100000,24.8666700000
2023-03-17 07:15:00,90.4000000000,37.0000000000,123.2480000000,25.5333300000
2023-03-17 07:30:00,148.0000000000,38.0000000000,186.1277000000,27.2500000000
2023-03-17 07:45:00,181.2000000000,38.0000000000,229.2065000000,30.1166700000
2023-03-17 08:00:00,238.4000000000,40.0000000000,296.7224000000,32.5166700000
2023-03-17 08:15:00,282.8000000000,42.0000000000,355.9317000000,35.6000000000
2023-03-17 08:30:00,338.8000000000,43.0000000000,427.6975000000,38.7500000000
2023-03-17 08:45:00,370.8000000000,45.0000000000,475.6059000000,40.7666700000
2023-03-17 09:00:00,424.0000000000,46.0000000000,535.1049000000,42.3833400000
2023-03-17 09:15:00,400.0000000000,47.0000000000,569.8771000000,44.4166700000
2023-03-17 09:30:00,412.0000000000,48.0000000000,501.3952000000,44.5666700000
2023-03-17 09:45:00,352.0000000000,46.0000000000,528.2471000000,45.5333300000
2023-03-17 10:00:00,80.0000000000,44.0000000000,534.3322000000,46.5625000000
2023-03-17 10:30:00,168.0000000000,40.0000000000,839.8443000000,48.2833300000
2023-03-17 10:45:00,460.0000000000,44.0000000000,678.6367000000,51.8666600000
2023-03-17 11:00:00,400.0000000000,45.0000000000,548.2411000000,49.4166700000
2023-03-17 11:15:00,632.0000000000,46.0000000000,772.8113000000,50.1166600000
2023-03-17 11:30:00,612.0000000000,46.0000000000,816.0833000000,55.6166600000
2023-03-17 11:45:00,600.0000000000,46.0000000000,782.7599000000,56.2333300000
2023-03-17 12:00:00,552.0000000000,47.0000000000,755.3286000000,57.7500000000
2023-03-17 12:15:00,584.0000000000,46.0000000000,788.1689000000,58.0500000000
2023-03-17 12:30:00,604.0000000000,48.0000000000,806.9073000000,56.0000000000
2023-03-17 12:45:00,596.0000000000,48.0000000000,872.7812000000,57.0666700000
2023-03-17 13:00:00,604.0000000000,47.0000000000,794.8336000000,55.1500000000
2023-03-17 13:15:00,664.0000000000,46.0000000000,912.7692000000,54.9000000000
2023-03-17 13:30:00,668.0000000000,47.0000000000,922.3315000000,56.2833300000
2023-03-17 13:45:00,636.0000000000,47.0000000000,886.9799000000,57.4000000000
2023-03-17 14:00:00,416.0000000000,46.0000000000,551.4285000000,55.3000000000
2023-03-17 14:15:00,620.0000000000,46.0000000000,804.9755000000,49.8500000000
2023-03-17 14:30:00,460.0000000000,47.0000000000,686.8467000000,52.3500000000
2023-03-17 14:45:00,464.0000000000,47.0000000000,564.0817000000,47.6166600000
2023-03-17 15:00:00,464.0000000000,47.0000000000,616.8195000000,48.2333300000
2023-03-17 15:15:00,460.0000000000,46.0000000000,609.3821000000,48.7500000000
2023-03-17 15:30:00,344.0000000000,46.0000000000,503.8099000000,48.1166600000
2023-03-17 15:45:00,332.0000000000,46.0000000000,421.1295000000,43.7333300000
2023-03-17 16:00:00,304.0000000000,46.0000000000,414.4648000000,42.7166700000
2023-03-17 16:15:00,252.0000000000,45.0000000000,344.6307000000,42.0500000000
2023-03-17 16:30:00,216.0000000000,44.0000000000,275.0864000000,40.5666700000
2023-03-17 16:45:00,188.0000000000,45.0000000000,269.4842000000,39.1666700000
2023-03-17 17:00:00,116.0000000000,44.0000000000,167.1962000000,37.3166700000
2023-03-17 17:15:00,84.0000000000,44.0000000000,120.4469000000,34.7166700000
2023-03-17 17:30:00,68.0000000000,44.0000000000,97.7484100000,33.5833300000
2023-03-17 17:45:00,44.0000000000,43.0000000000,65.4875700000,32.0000000000
2023-03-17 18:00:00,24.0000000000,43.0000000000,35.5448800000,30.8000000000
2023-03-17 18:15:00,4.0000000000,43.0000000000,8.1135030000,29.7000000000
2023-03-17 18:30:00,0.0000000000,43.0000000000,0.1931787000,28.8666700000
2023-03-17 18:45:00,0.0000000000,42.0000000000,0.0000000000,28.3666700000
2023-03-17 19:00:00,0.0000000000,42.0000000000,0.0000000000,28.0500000000
2023-03-17 19:15:00,0.0000000000,41.0000000000,0.0000000000,27.6333300000
2023-03-17 19:30:00,0.0000000000,42.0000000000,0.0000000000,27.3666700000
2023-03-17 19:45:00,0.0000000000,41.0000000000,0.0000000000,27.1500000000
2023-03-17 20:00:00,0.0000000000,40.0000000000,0.0000000000,26.9500000000
2023-03-17 20:15:00,0.0000000000,41.0000000000,0.0000000000,26.9333300000
2023-03-17 20:30:00,0.0000000000,40.0000000000,0.0000000000,26.8166700000
2023-03-17 20:45:00,0.0000000000,40.0000000000,0.0000000000,26.8000000000
2023-03-17 21:00:00,0.0000000000,40.0000000000,0.0000000000,26.8833300000
2023-03-17 21:15:00,0.0000000000,40.0000000000,0.0000000000,26.8166700000
2023-03-17 21:30:00,0.0000000000,40.0000000000,0.0000000000,26.8000000000
2023-03-17 21:45:00,0.0000000000,40.0000000000,0.0000000000,26.7833300000
2023-03-17 22:00:00,0.0000000000,40.0000000000,0.0000000000,26.6500000000
2023-03-17 22:15:00,0.0000000000,39.0000000000,0.0000000000,26.6000000000
2023-03-17 22:30:00,0.0000000000,39.0000000000,0.0000000000,26.5833300000
2023-03-17 22:45:00,0.0000000000,39.0000000000,0.0000000000,26.5666700000
2023-03-17 23:00:00,0.0000000000,39.0000000000,0.0000000000,26.4500000000
2023-03-17 23:15:00,0.0000000000,39.0000000000,0.0000000000,26.4000000000
2023-03-17 23:30:00,0.0000000000,38.0000000000,0.0000000000,26.3500000000
2023-03-17 23:45:00,0.0000000000,39.0000000000,0.0000000000,26.1666700000
2023-03-18 00:00:00,0.0000000000,38.0000000000,0.0000000000,26.1333300000
2023-03-18 00:15:00,0.0000000000,39.0000000000,0.0000000000,26.1833300000
2023-03-18 00:30:00,0.0000000000,39.0000000000,0.0000000000,26.1833300000
2023-03-18 00:45:00,0.0000000000,38.0000000000,0.0000000000,26.0000000000
2023-03-18 01:00:00,0.0000000000,38.0000000000,0.0000000000,25.8000000000
2023-03-18 01:15:00,0.0000000000,38.0000000000,0.0000000000,25.5500000000
2023-03-18 01:30:00,0.0000000000,38.0000000000,0.0000000000,25.2000000000
2023-03-18 01:45:00,0.0000000000,38.0000000000,0.0000000000,25.4000000000
2023-03-18 02:00:00,0.0000000000,38.0000000000,0.0000000000,25.1833300000
2023-03-18 02:15:00,0.0000000000,38.0000000000,0.0000000000,25.0833300000
2023-03-18 02:30:00,0.0000000000,38.0000000000,0.0000000000,24.8666700000
2023-03-18 02:45:00,0.0000000000,39.0000000000,0.0000000000,24.7500000000
2023-03-18 03:00:00,0.0000000000,38.0000000000,0.0000000000,24.6166700000
2023-03-18 03:15:00,0.0000000000,39.0000000000,0.0000000000,24.5000000000
2023-03-18 03:30:00,0.0000000000,38.0000000000,0.0000000000,24.2500000000
2023-03-18 03:45:00,0.0000000000,38.0000000000,0.0000000000,24.1166700000
2023-03-18 04:00:00,0.0000000000,38.0000000000,0.0000000000,24.2000000000
2023-03-18 04:15:00,0.0000000000,38.0000000000,0.0000000000,24.0000000000
2023-03-18 04:30:00,0.0000000000,38.0000000000,0.0000000000,23.8500000000
2023-03-18 04:45:00,0.0000000000,37.0000000000,0.0000000000,23.6333300000
2023-03-18 05:00:00,0.0000000000,38.0000000000,0.0000000000,23.7000000000
2023-03-18 05:15:00,0.0000000000,38.0000000000,0.0000000000,23.7000000000
2023-03-18 05:30:00,0.0000000000,38.0000000000,0.0000000000,23.7000000000
2023-03-18 05:45:00,0.0000000000,37.0000000000,0.0000000000,23.7000000000
2023-03-18 06:00:00,0.0000000000,37.0000000000,0.0000000000,23.7166700000
2023-03-18 06:15:00,8.0000000000,37.0000000000,4.1533410000,23.8666700000
2023-03-18 06:30:00,20.0000000000,37.0000000000,21.5394200000,23.8833300000
2023-03-18 06:45:00,40.0000000000,37.0000000000,52.4480100000,24.3166700000
2023-03-18 07:00:00,76.0000000000,37.0000000000,91.8564600000,25.0333300000
2023-03-18 07:15:00,104.0000000000,38.0000000000,133.2933000000,25.8666700000
2023-03-18 07:30:00,124.0000000000,38.0000000000,164.5882000000,27.6833300000
2023-03-18 07:45:00,124.0000000000,38.0000000000,155.9918000000,29.6333300000
2023-03-18 08:00:00,184.0000000000,39.0000000000,222.3486000000,31.3833300000
2023-03-18 08:15:00,300.0000000000,40.0000000000,365.5906000000,34.6000000000
2023-03-18 08:30:00,340.0000000000,43.0000000000,440.3508000000,39.2166700000
2023-03-18 08:45:00,376.0000000000,45.0000000000,484.8785000000,42.4500000000
2023-03-18 09:00:00,336.0000000000,46.0000000000,457.1573000000,43.8666600000
2023-03-18 09:15:00,244.0000000000,46.0000000000,330.7219000000,41.3000000000
2023-03-18 09:30:00,208.0000000000,46.0000000000,293.1487000000,40.4166700000
2023-03-18 09:45:00,480.0000000000,45.0000000000,512.8893000000,42.0333300000
2023-03-18 10:00:00,560.0000000000,45.0000000000,738.6187000000,49.2166700000
2023-03-18 10:15:00,316.0000000000,46.0000000000,434.1691000000,48.2500000000
2023-03-18 10:30:00,532.0000000000,45.0000000000,598.3709000000,43.8333300000
2023-03-18 10:45:00,588.0000000000,45.0000000000,805.9414000000,53.5000000000
2023-03-18 11:00:00,680.0000000000,46.0000000000,923.6838000000,56.3666600000
2023-03-18 11:15:00,656.0000000000,47.0000000000,918.2748000000,58.1333400000
2023-03-18 11:30:00,660.0000000000,47.0000000000,926.5815000000,60.5166700000
2023-03-18 11:45:00,280.0000000000,47.0000000000,435.3281000000,55.9666700000
2023-03-18 12:00:00,440.0000000000,45.0000000000,488.4522000000,48.2000000000
2023-03-18 12:15:00,652.0000000000,46.0000000000,951.8879000000,56.3833400000
2023-03-18 12:30:00,688.0000000000,47.0000000000,919.3373000000,61.5166700000
2023-03-18 12:45:00,652.0000000000,47.0000000000,940.1040000000,60.2000000000
2023-03-18 13:00:00,500.0000000000,47.0000000000,667.7220000000,58.1666700000
2023-03-18 13:15:00,600.0000000000,47.0000000000,879.3493000000,57.1833300000
2023-03-18 13:30:00,452.0000000000,47.0000000000,523.0313000000,53.7166700000
2023-03-18 13:45:00,472.0000000000,47.0000000000,786.9133000000,53.8833400000
2023-03-18 14:00:00,400.0000000000,47.0000000000,573.3543000000,52.5833300000
2023-03-18 14:15:00,560.0000000000,47.0000000000,723.1643000000,51.7500000000
2023-03-18 14:30:00,552.0000000000,47.0000000000,768.0784000000,52.8500000000
2023-03-18 14:45:00,368.0000000000,46.0000000000,551.7183000000,50.4666700000
2023-03-18 15:00:00,320.0000000000,46.0000000000,438.0326000000,47.5000000000
2023-03-18 15:15:00,380.0000000000,46.0000000000,413.0160000000,42.5500000000
2023-03-18 15:30:00,432.0000000000,46.0000000000,570.7464000000,46.3666600000
2023-03-18 15:45:00,360.0000000000,46.0000000000,490.0942000000,46.7666700000
2023-03-18 16:00:00,316.0000000000,46.0000000000,422.6749000000,44.6500000000
2023-03-18 16:15:00,272.0000000000,46.0000000000,371.7723000000,43.2333300000
2023-03-18 16:30:00,228.0000000000,45.0000000000,315.1710000000,41.3333300000
2023-03-18 16:45:00,184.0000000000,45.0000000000,257.7969000000,39.5500000000
2023-03-18 17:00:00,140.0000000000,45.0000000000,202.2581000000,38.1833300000
2023-03-18 17:15:00,96.0000000000,44.0000000000,145.9465000000,36.3500000000
2023-03-18 17:30:00,60.0000000000,45.0000000000,95.3336600000,34.5166700000
2023-03-18 17:45:00,32.0000000000,44.0000000000,54.6695600000,32.5833300000
2023-03-18 18:00:00,12.0000000000,44.0000000000,22.8916800000,30.9666700000
2023-03-18 18:15:00,4.0000000000,43.0000000000,3.9601620000,29.8500000000
2023-03-18 18:30:00,0.0000000000,43.0000000000,0.0000000000,29.1000000000
2023-03-18 18:45:00,0.0000000000,40.0000000000,0.0000000000,28.6333300000
2023-03-18 19:00:00,0.0000000000,42.0000000000,0.0000000000,28.2500000000
2023-03-18 19:15:00,0.0000000000,42.0000000000,0.0000000000,28.0000000000
2023-03-18 19:30:00,0.0000000000,41.0000000000,0.0000000000,27.7666700000
2023-03-18 19:45:00,0.0000000000,41.0000000000,0.0000000000,27.4833300000
2023-03-18 20:00:00,0.0000000000,41.0000000000,0.0000000000,26.9833300000
2023-03-18 20:15:00,0.0000000000,40.0000000000,0.0000000000,26.9166700000
2023-03-18 20:30:00,0.0000000000,41.0000000000,0.0000000000,26.9500000000
2023-03-18 20:45:00,0.0000000000,40.0000000000,0.0000000000,26.9833300000
2023-03-18 21:00:00,0.0000000000,39.0000000000,0.0000000000,26.9833300000
2023-03-18 21:15:00,0.0000000000,40.0000000000,0.0000000000,26.9000000000
2023-03-18 21:30:00,0.0000000000,40.0000000000,0.0000000000,26.9000000000
2023-03-18 21:45:00,0.0000000000,40.0000000000,0.0000000000,26.8500000000
2023-03-18 22:00:00,0.0000000000,40.0000000000,0.0000000000,26.6500000000
2023-03-18 22:15:00,0.0000000000,39.0000000000,0.0000000000,26.3000000000
2023-03-18 22:30:00,0.0000000000,39.0000000000,0.0000000000,26.0833300000
2023-03-18 22:45:00,0.0000000000,39.0000000000,0.0000000000,26.3333300000
2023-03-18 23:00:00,0.0000000000,39.0000000000,0.0000000000,26.3333300000
2023-03-18 23:15:00,0.0000000000,39.0000000000,0.0000000000,26.1333300000
2023-03-18 23:30:00,0.0000000000,39.0000000000,0.0000000000,26.2166700000
2023-03-18 23:45:00,0.0000000000,39.0000000000,0.0000000000,26.3500000000
2023-03-19 00:00:00,0.0000000000,39.0000000000,0.0000000000,26.4500000000
2023-03-19 00:15:00,0.0000000000,38.0000000000,0.0000000000,26.4833300000
2023-03-19 00:30:00,0.0000000000,39.0000000000,0.0000000000,26.3166700000
2023-03-19 00:45:00,0.0000000000,39.0000000000,0.0000000000,26.3166700000
2023-03-19 01:00:00,0.0000000000,39.0000000000,0.0000000000,26.3833300000
2023-03-19 01:15:00,0.0000000000,39.0000000000,0.0000000000,26.2333300000
2023-03-19 01:30:00,0.0000000000,38.0000000000,0.0000000000,26.1000000000
2023-03-19 01:45:00,0.0000000000,38.0000000000,0.0000000000,26.1000000000
2023-03-19 02:00:00,0.0000000000,39.0000000000,0.0000000000,26.0166700000
2023-03-19 02:15:00,0.0000000000,38.0000000000,0.0000000000,26.0000000000
2023-03-19 02:30:00,0.0000000000,38.0000000000,0.0000000000,25.9166700000
2023-03-19 02:45:00,0.0000000000,39.0000000000,0.0000000000,25.9000000000
2023-03-19 03:00:00,0.0000000000,39.0000000000,0.0000000000,25.8333300000
2023-03-19 03:15:00,0.0000000000,38.0000000000,0.0000000000,25.5666700000
2023-03-19 03:30:00,0.0000000000,38.0000000000,0.0000000000,25.5166700000
2023-03-19 03:45:00,0.0000000000,38.0000000000,0.0000000000,25.6166700000
2023-03-19 04:00:00,0.0000000000,39.0000000000,0.0000000000,25.5500000000
2023-03-19 04:15:00,0.0000000000,38.0000000000,0.0000000000,25.1166700000
2023-03-19 04:30:00,0.0000000000,38.0000000000,0.0000000000,24.8000000000
2023-03-19 04:45:00,0.0000000000,38.0000000000,0.0000000000,24.6166700000
2023-03-19 05:00:00,0.0000000000,38.0000000000,0.0000000000,24.5166700000
2023-03-19 05:15:00,0.0000000000,38.0000000000,0.0000000000,24.4000000000
2023-03-19 05:30:00,0.0000000000,38.0000000000,0.0000000000,24.2500000000
2023-03-19 05:45:00,0.0000000000,38.0000000000,0.0000000000,24.1500000000
2023-03-19 06:00:00,0.0000000000,38.0000000000,0.0000000000,24.1000000000
2023-03-19 06:15:00,0.0000000000,38.0000000000,2.6079120000,24.1833300000
2023-03-19 06:30:00,16.0000000000,38.0000000000,15.5508800000,24.2833300000
2023-03-19 06:45:00,40.0000000000,38.0000000000,46.6526500000,24.8333300000
2023-03-19 07:00:00,68.0000000000,38.0000000000,83.3565900000,25.4000000000
2023-03-19 07:15:00,112.0000000000,38.0000000000,141.5034000000,27.1166700000
2023-03-19 07:30:00,148.0000000000,39.0000000000,195.7866000000,29.8000000000
2023-03-19 07:45:00,192.0000000000,40.0000000000,250.3595000000,32.6833300000
2023-03-19 08:00:00,244.0000000000,41.0000000000,314.8812000000,35.8666600000
2023-03-19 08:15:00,272.0000000000,43.0000000000,354.3863000000,37.7666700000
2023-03-19 08:30:00,272.0000000000,45.0000000000,368.4883000000,38.4333300000
2023-03-19 08:45:00,240.0000000000,45.0000000000,315.0744000000,37.3666600000
2023-03-19 09:00:00,240.0000000000,45.0000000000,268.9047000000,36.4666700000
2023-03-19 09:15:00,280.0000000000,45.0000000000,359.5055000000,37.6333400000
2023-03-19 09:30:00,332.0000000000,44.0000000000,421.6125000000,39.1833300000
2023-03-19 09:45:00,320.0000000000,45.0000000000,392.9254000000,41.4833300000
2023-03-19 10:00:00,292.0000000000,44.0000000000,391.0902000000,41.4500000000
2023-03-19 10:15:00,444.0000000000,44.0000000000,531.8209000000,42.2833300000
2023-03-19 10:30:00,396.0000000000,45.0000000000,580.5985000000,44.3500000000
2023-03-19 10:45:00,412.0000000000,45.0000000000,509.7019000000,43.6000000000
2023-03-19 11:00:00,452.0000000000,45.0000000000,582.4337000000,43.6500000000
2023-03-19 11:15:00,408.0000000000,45.0000000000,558.0931000000,44.6666700000
2023-03-19 11:30:00,468.0000000000,45.0000000000,604.2629000000,44.3500000000
2023-03-19 11:45:00,464.0000000000,46.0000000000,629.5693000000,46.8000000000
2023-03-19 12:00:00,520.0000000000,46.0000000000,663.4721000000,47.1333400000
2023-03-19 12:15:00,400.0000000000,46.0000000000,557.7068000000,47.5000000000
2023-03-19 12:30:00,340.0000000000,46.0000000000,424.3169000000,44.6833300000
2023-03-19 12:45:00,468.0000000000,47.0000000000,612.0866000000,46.9666700000
2023-03-19 13:00:00,504.0000000000,46.0000000000,636.0408000000,46.6833300000
2023-03-19 13:15:00,568.0000000000,46.0000000000,753.2036000000,52.0333300000
2023-03-19 13:30:00,620.0000000000,46.0000000000,871.4290000000,54.5500000000
2023-03-19 13:45:00,360.0000000000,46.0000000000,537.9060000000,51.4000000000
2023-03-19 14:00:00,512.0000000000,47.0000000000,609.1889000000,46.6166600000
2023-03-19 14:15:00,580.0000000000,46.0000000000,788.5553000000,51.5333300000
2023-03-19 14:30:00,540.0000000000,46.0000000000,737.4596000000,53.6833300000
2023-03-19 14:45:00,476.0000000000,46.0000000000,640.9669000000,51.8666600000
2023-03-19 15:00:00,424.0000000000,46.0000000000,618.0751000000,49.8833400000
2023-03-19 15:15:00,372.0000000000,46.0000000000,512.9860000000,47.6500000000
2023-03-19 15:30:00,428.0000000000,46.0000000000,532.4004000000,45.6333400000
2023-03-19 15:45:00,256.0000000000,46.0000000000,392.8288000000,45.3333300000
2023-03-19 16:00:00,340.0000000000,46.0000000000,386.3574000000,40.7000000000
2023-03-19 16:15:00,244.0000000000,45.0000000000,360.5680000000,41.7166700000
2023-03-19 16:30:00,268.0000000000,45.0000000000,344.2444000000,39.3500000000
2023-03-19 16:45:00,188.0000000000,45.0000000000,269.2910000000,38.5166700000
2023-03-19 17:00:00,140.0000000000,45.0000000000,205.6387000000,36.2166700000
2023-03-19 17:15:00,88.0000000000,44.0000000000,140.2477000000,34.4000000000
2023-03-19 17:30:00,40.0000000000,44.0000000000,59.5956200000,31.9666700000
2023-03-19 17:45:00,48.0000000000,43.0000000000,69.9306800000,31.0166700000
2023-03-19 18:00:00,20.0000000000,42.0000000000,38.0562000000,30.4333300000
2023-03-19 18:15:00,4.0000000000,42.0000000000,6.3748950000,29.5500000000
2023-03-19 18:30:00,0.0000000000,42.0000000000,0.0965893300,28.8166700000
2023-03-19 18:45:00,0.0000000000,41.0000000000,0.0000000000,28.4833300000
2023-03-19 19:00:00,0.0000000000,42.0000000000,0.0000000000,28.1666700000
2023-03-19 19:15:00,0.0000000000,41.0000000000,0.0000000000,28.0500000000
2023-03-19 19:30:00,0.0000000000,41.0000000000,0.0000000000,27.9500000000
2023-03-19 19:45:00,0.0000000000,40.0000000000,0.0000000000,27.9000000000
2023-03-19 20:00:00,0.0000000000,41.0000000000,0.0000000000,27.8500000000
2023-03-19 20:15:00,0.0000000000,40.0000000000,0.0000000000,27.8000000000
2023-03-19 20:30:00,0.0000000000,40.0000000000,0.0000000000,27.7166700000
2023-03-19 20:45:00,0.0000000000,41.0000000000,0.0000000000,27.4500000000
2023-03-19 21:00:00,0.0000000000,40.0000000000,0.0000000000,27.3666700000
2023-03-19 21:15:00,0.0000000000,40.0000000000,0.0000000000,27.4000000000
2023-03-19 21:30:00,0.0000000000,40.0000000000,0.0000000000,27.3166700000
2023-03-19 21:45:00,0.0000000000,40.0000000000,0.0000000000,27.2833300000
2023-03-19 22:00:00,0.0000000000,40.0000000000,0.0000000000,26.9833300000
2023-03-19 22:15:00,0.0000000000,39.0000000000,0.0000000000,26.9166700000
2023-03-19 22:30:00,0.0000000000,39.0000000000,0.0000000000,26.9500000000
2023-03-19 22:45:00,0.0000000000,39.0000000000,0.0000000000,26.8166700000
2023-03-19 23:00:00,0.0000000000,39.0000000000,0.0000000000,26.6666700000
2023-03-19 23:15:00,0.0000000000,39.0000000000,0.0000000000,26.6000000000
2023-03-19 23:30:00,0.0000000000,39.0000000000,0.0000000000,26.5000000000
2023-03-19 23:45:00,0.0000000000,39.0000000000,0.0000000000,26.3666700000
2023-03-20 00:00:00,0.0000000000,39.0000000000,0.0000000000,26.3833300000
2023-03-20 00:15:00,0.0000000000,39.0000000000,0.0000000000,26.3000000000
2023-03-20 00:30:00,0.0000000000,38.0000000000,0.0000000000,26.3000000000
2023-03-20 00:45:00,0.0000000000,39.0000000000,0.0000000000,26.2833300000
2023-03-20 01:00:00,0.0000000000,39.0000000000,0.0000000000,26.0500000000
2023-03-20 01:15:00,0.0000000000,39.0000000000,0.0000000000,25.7500000000
2023-03-20 01:30:00,0.0000000000,38.0000000000,0.0000000000,25.6166700000
2023-03-20 01:45:00,0.0000000000,38.0000000000,0.0000000000,25.6500000000
2023-03-20 02:00:00,0.0000000000,39.0000000000,0.0000000000,25.4500000000
2023-03-20 02:15:00,0.0000000000,39.0000000000,0.0000000000,25.3000000000
2023-03-20 02:30:00,0.0000000000,38.0000000000,0.0000000000,25.2833300000
2023-03-20 02:45:00,0.0000000000,39.0000000000,0.0000000000,25.1500000000
2023-03-20 03:00:00,0.0000000000,38.0000000000,0.0000000000,25.1666700000
2023-03-20 03:15:00,0.0000000000,38.0000000000,0.0000000000,24.9166700000
2023-03-20 03:30:00,0.0000000000,38.0000000000,0.0000000000,24.7000000000
2023-03-20 03:45:00,0.0000000000,38.0000000000,0.0000000000,24.5666700000
2023-03-20 04:00:00,0.0000000000,38.0000000000,0.0000000000,24.6000000000
2023-03-20 04:15:00,0.0000000000,38.0000000000,0.0000000000,24.5166700000
2023-03-20 04:30:00,0.0000000000,38.0000000000,0.0000000000,24.4000000000
2023-03-20 04:45:00,0.0000000000,37.0000000000,0.0000000000,24.3000000000
2023-03-20 05:00:00,0.0000000000,38.0000000000,0.0000000000,24.3000000000
2023-03-20 05:15:00,0.0000000000,37.0000000000,0.0000000000,24.2500000000
2023-03-20 05:30:00,0.0000000000,38.0000000000,0.0000000000,24.0666700000
2023-03-20 05:45:00,0.0000000000,38.0000000000,0.0000000000,23.9166700000
2023-03-20 06:00:00,0.0000000000,37.0000000000,0.0000000000,23.9500000000
2023-03-20 06:15:00,4.0000000000,38.0000000000,3.2840370000,24.1333300000
2023-03-20 06:30:00,18.8000000000,37.0000000000,21.3462400000,24.3666700000
2023-03-20 06:45:00,42.0000000000,37.0000000000,54.3797900000,24.8000000000
2023-03-20 07:00:00,78.4000000000,37.0000000000,101.2256000000,25.4500000000
2023-03-20 07:15:00,116.4000000000,38.0000000000,152.2248000000,26.3500000000
2023-03-20 07:30:00,162.4000000000,38.0000000000,209.7921000000,27.5333300000
2023-03-20 07:45:00,211.2000000000,39.0000000000,272.9615000000,30.7666700000
2023-03-20 08:00:00,260.0000000000,41.0000000000,340.7672000000,34.1833300000
2023-03-20 08:15:00,305.2000000000,43.0000000000,395.8231000000,36.7333300000
2023-03-20 08:30:00,354.4000000000,46.0000000000,459.8618000000,37.9000000000
2023-03-20 08:45:00,391.6000000000,48.0000000000,514.5314000000,39.5166700000
2023-03-20 09:00:00,388.0000000000,48.0000000000,538.3889000000,41.3333300000
2023-03-20 09:15:00,484.0000000000,49.0000000000,574.4167000000,41.1666700000
2023-03-20 09:30:00,520.0000000000,49.0000000000,684.1423000000,43.4666700000
2023-03-20 09:45:00,504.0000000000,49.0000000000,706.8408000000,45.6333400000
2023-03-20 10:00:00,460.0000000000,48.0000000000,641.9327000000,46.9000000000
2023-03-20 10:15:00,620.0000000000,48.0000000000,791.6462000000,48.4000000000
2023-03-20 10:30:00,548.0000000000,48.0000000000,796.0893000000,52.7333300000
2023-03-20 10:45:00,520.0000000000,48.0000000000,697.5682000000,52.5500000000
2023-03-20 11:00:00,548.0000000000,48.0000000000,746.9253000000,51.9666700000
2023-03-20 11:15:00,636.0000000000,48.0000000000,807.2936000000,52.9833300000
2023-03-20 11:30:00,584.0000000000,48.0000000000,874.8096000000,56.1000000000
2023-03-20 11:45:00,416.0000000000,48.0000000000,596.3425000000,55.4500000000
2023-03-20 12:00:00,392.0000000000,48.0000000000,535.6844000000,48.7166700000
2023-03-20 12:15:00,672.0000000000,48.0000000000,880.0254000000,50.0333300000
2023-03-20 12:30:00,524.0000000000,48.0000000000,917.5986000000,55.0333300000
2023-03-20 12:45:00,364.0000000000,48.0000000000,536.8435000000,52.1166600000
2023-03-20 13:00:00,568.0000000000,48.0000000000,654.7791000000,47.1500000000
2023-03-20 13:15:00,552.0000000000,48.0000000000,857.1337000000,53.5166700000
2023-03-20 13:30:00,552.0000000000,48.0000000000,719.2042000000,53.2833300000
2023-03-20 13:45:00,588.0000000000,48.0000000000,684.4320000000,50.5000000000
2023-03-20 14:00:00,540.0000000000,48.0000000000,820.9128000000,55.4000000000
2023-03-20 14:15:00,580.0000000000,48.0000000000,733.8857000000,53.7666700000
2023-03-20 14:30:00,540.0000000000,47.0000000000,738.3289000000,54.3166700000
2023-03-20 14:45:00,484.0000000000,48.0000000000,698.8239000000,53.6500000000
2023-03-20 15:00:00,480.0000000000,47.0000000000,651.2053000000,53.1333400000
2023-03-20 15:15:00,440.0000000000,47.0000000000,607.3537000000,52.8333300000
2023-03-20 15:30:00,388.0000000000,47.0000000000,540.4174000000,52.3833400000
2023-03-20 15:45:00,356.0000000000,48.0000000000,490.6738000000,49.5333300000
2023-03-20 16:00:00,312.0000000000,47.0000000000,422.4818000000,47.1666700000
2023-03-20 16:15:00,268.0000000000,46.0000000000,368.2951000000,46.4333300000
2023-03-20 16:30:00,224.0000000000,46.0000000000,311.2108000000,45.0833300000
2023-03-20 16:45:00,172.0000000000,46.0000000000,249.9732000000,42.5500000000
2023-03-20 17:00:00,128.0000000000,46.0000000000,193.4684000000,39.6833300000
2023-03-20 17:15:00,76.0000000000,45.0000000000,118.7083000000,36.7000000000
2023-03-20 17:30:00,48.0000000000,45.0000000000,81.8111600000,34.3333300000
2023-03-20 17:45:00,20.0000000000,44.0000000000,32.1642500000,32.5833300000
2023-03-20 18:00:00,12.0000000000,44.0000000000,16.7099500000,31.5333300000
2023-03-20 18:15:00,0.0000000000,42.0000000000,1.2556610000,30.6666700000
2023-03-20 18:30:00,0.0000000000,43.0000000000,0.0000000000,29.9500000000
2023-03-20 18:45:00,0.0000000000,43.0000000000,0.0000000000,29.3166700000
2023-03-20 19:00:00,0.0000000000,42.0000000000,0.0000000000,29.0333300000
2023-03-20 19:15:00,0.0000000000,42.0000000000,0.0000000000,29.0000000000
2023-03-20 19:30:00,0.0000000000,42.0000000000,0.0000000000,28.7500000000
2023-03-20 19:45:00,0.0000000000,42.0000000000,0.0000000000,28.6000000000
2023-03-20 20:00:00,0.0000000000,41.0000000000,0.0000000000,28.4333300000
2023-03-20 20:15:00,0.0000000000,41.0000000000,0.0000000000,28.1000000000
2023-03-20 20:30:00,0.0000000000,41.0000000000,0.0000000000,27.8500000000
2023-03-20 20:45:00,0.0000000000,41.0000000000,0.0000000000,27.6000000000
2023-03-20 21:00:00,0.0000000000,40.0000000000,0.0000000000,27.3333300000
2023-03-20 21:15:00,0.0000000000,40.0000000000,0.0000000000,27.3666700000
2023-03-20 21:30:00,0.0000000000,40.0000000000,0.0000000000,27.1333300000
2023-03-20 21:45:00,0.0000000000,40.0000000000,0.0000000000,27.1666700000
2023-03-20 22:00:00,0.0000000000,40.0000000000,0.0000000000,27.2333300000
2023-03-20 22:15:00,0.0000000000,39.0000000000,0.0000000000,27.1166700000
2023-03-20 22:30:00,0.0000000000,39.0000000000,0.0000000000,26.8666700000
2023-03-20 22:45:00,0.0000000000,40.0000000000,0.0000000000,26.7833300000
2023-03-20 23:00:00,0.0000000000,39.0000000000,0.0000000000,26.6833300000
2023-03-20 23:15:00,0.0000000000,39.0000000000,0.0000000000,26.5333300000
2023-03-20 23:30:00,0.0000000000,40.0000000000,0.0000000000,26.4500000000
2023-03-20 23:45:00,0.0000000000,39.0000000000,0.0000000000,26.5500000000
2023-03-21 00:00:00,0.0000000000,40.0000000000,0.0000000000,26.5000000000
2023-03-21 00:15:00,0.0000000000,39.0000000000,0.0000000000,26.4000000000
2023-03-21 00:30:00,0.0000000000,39.0000000000,0.0000000000,26.2666700000
2023-03-21 00:45:00,0.0000000000,40.0000000000,0.0000000000,26.2166700000
2023-03-21 01:00:00,0.0000000000,38.0000000000,0.0000000000,26.2666700000
2023-03-21 01:15:00,0.0000000000,39.0000000000,0.0000000000,26.3000000000
2023-03-21 01:30:00,0.0000000000,39.0000000000,0.0000000000,26.3000000000
2023-03-21 01:45:00,0.0000000000,39.0000000000,0.0000000000,26.2500000000
2023-03-21 02:00:00,0.0000000000,39.0000000000,0.0000000000,26.0333300000
2023-03-21 02:15:00,0.0000000000,38.0000000000,0.0000000000,25.8500000000
2023-03-21 02:30:00,0.0000000000,38.0000000000,0.0000000000,25.9000000000
2023-03-21 02:45:00,0.0000000000,38.0000000000,0.0000000000,25.9000000000
2023-03-21 03:00:00,0.0000000000,39.0000000000,0.0000000000,25.8833300000
2023-03-21 03:15:00,0.0000000000,39.0000000000,0.0000000000,25.7166700000
2023-03-21 03:30:00,0.0000000000,38.0000000000,0.0000000000,25.6500000000
2023-03-21 03:45:00,0.0000000000,38.0000000000,0.0000000000,25.4500000000
2023-03-21 04:00:00,0.0000000000,38.0000000000,0.0000000000,25.1500000000
2023-03-21 04:15:00,0.0000000000,38.0000000000,0.0000000000,24.8500000000
2023-03-21 04:30:00,0.0000000000,38.0000000000,0.0000000000,24.5000000000
2023-03-21 04:45:00,0.0000000000,38.0000000000,0.0000000000,24.3000000000
2023-03-21 05:00:00,0.0000000000,38.0000000000,0.0000000000,24.5166700000
2023-03-21 05:15:00,0.0000000000,38.0000000000,0.0000000000,24.5500000000
2023-03-21 05:30:00,0.0000000000,38.0000000000,0.0000000000,24.4000000000
2023-03-21 05:45:00,0.0000000000,38.0000000000,0.0000000000,24.3166700000
2023-03-21 06:00:00,0.0000000000,38.0000000000,0.0000000000,24.3833300000
2023-03-21 06:15:00,4.4000000000,38.0000000000,3.8635740000,24.3666700000
2023-03-21 06:30:00,20.0000000000,38.0000000000,22.3121400000,24.6000000000
2023-03-21 06:45:00,39.2000000000,38.0000000000,45.6867600000,25.2166700000
2023-03-21 07:00:00,75.6000000000,38.0000000000,90.2144500000,25.6833300000
2023-03-21 07:15:00,123.6000000000,38.0000000000,160.4349000000,26.6166700000
2023-03-21 07:30:00,164.4000000000,39.0000000000,217.1328000000,28.6166700000
2023-03-21 07:45:00,217.6000000000,39.0000000000,285.3249000000,31.5166700000
2023-03-21 08:00:00,260.0000000000,41.0000000000,346.1762000000,34.4500000000
2023-03-21 08:15:00,309.2000000000,44.0000000000,401.3287000000,37.0333300000
2023-03-21 08:30:00,360.8000000000,45.0000000000,465.9470000000,39.4000000000
2023-03-21 08:45:00,429.6000000000,47.0000000000,555.8716000000,41.1500000000
2023-03-21 09:00:00,440.0000000000,48.0000000000,572.3884000000,41.8000000000
2023-03-21 09:15:00,488.0000000000,48.0000000000,639.0350000000,42.6833300000
2023-03-21 09:30:00,512.0000000000,49.0000000000,672.2618000000,44.4333300000
2023-03-21 09:45:00,548.0000000000,49.0000000000,732.0505000000,46.5000000000
2023-03-21 10:00:00,560.0000000000,47.0000000000,760.3513000000,47.3333300000
2023-03-21 10:15:00,580.0000000000,48.0000000000,785.6577000000,48.7166700000
2023-03-21 10:30:00,500.0000000000,48.0000000000,711.9600000000,49.3833400000
2023-03-21 10:45:00,592.0000000000,48.0000000000,779.8623000000,49.6333400000
2023-03-21 11:00:00,652.0000000000,48.0000000000,862.2530000000,51.4833300000
2023-03-21 11:15:00,604.0000000000,48.0000000000,903.5932000000,54.9833300000
2023-03-21 11:30:00,680.0000000000,48.0000000000,926.8713000000,55.9833300000
2023-03-21 11:45:00,704.0000000000,49.0000000000,998.2507000000,58.3833400000
2023-03-21 12:00:00,684.0000000000,49.0000000000,970.1432000000,58.7000000000
2023-03-21 12:15:00,584.0000000000,48.0000000000,887.3662000000,56.8833400000
2023-03-21 12:30:00,504.0000000000,49.0000000000,846.3157000000,56.4166700000
2023-03-21 12:45:00,616.0000000000,49.0000000000,794.3506000000,53.0833300000
2023-03-21 13:00:00,704.0000000000,49.0000000000,984.0522000000,58.1500000000
2023-03-21 13:15:00,668.0000000000,46.0000000000,967.6320000000,58.5333300000
2023-03-21 13:30:00,552.0000000000,49.0000000000,778.7998000000,54.2500000000
2023-03-21 13:45:00,592.0000000000,48.0000000000,801.4983000000,52.6166600000
2023-03-21 14:00:00,572.0000000000,48.0000000000,752.1411000000,52.7166700000
2023-03-21 14:15:00,572.0000000000,48.0000000000,783.3395000000,52.4166700000
2023-03-21 14:30:00,556.0000000000,48.0000000000,749.0503000000,51.2500000000
2023-03-21 14:45:00,540.0000000000,47.0000000000,731.8574000000,51.1333400000
2023-03-21 15:00:00,504.0000000000,47.0000000000,689.8411000000,51.0666700000
2023-03-21 15:15:00,472.0000000000,47.0000000000,641.1600000000,49.9833300000
2023-03-21 15:30:00,440.0000000000,47.0000000000,591.3199000000,48.9000000000
2023-03-21 15:45:00,392.0000000000,47.0000000000,535.5878000000,47.6000000000
2023-03-21 16:00:00,344.0000000000,47.0000000000,469.1344000000,44.8333300000
2023-03-21 16:15:00,304.0000000000,46.0000000000,418.9079000000,42.4666700000
2023-03-21 16:30:00,260.0000000000,46.0000000000,361.1475000000,41.1333400000
2023-03-21 16:45:00,208.0000000000,46.0000000000,295.7566000000,39.7500000000
2023-03-21 17:00:00,152.0000000000,45.0000000000,232.9735000000,38.1166600000
2023-03-21 17:15:00,108.0000000000,45.0000000000,168.4518000000,36.3333300000
2023-03-21 17:30:00,68.0000000000,45.0000000000,113.2027000000,34.5833300000
2023-03-21 17:45:00,36.0000000000,44.0000000000,65.4875600000,32.9166700000
2023-03-21 18:00:00,12.0000000000,44.0000000000,28.3006700000,31.1666700000
2023-03-21 18:15:00,4.0000000000,43.0000000000,4.6362870000,30.0666700000
2023-03-21 18:30:00,0.0000000000,43.0000000000,0.0000000000,29.4166700000
2023-03-21 18:45:00,0.0000000000,43.0000000000,0.0000000000,29.0666700000
2023-03-21 19:00:00,0.0000000000,42.0000000000,0.0000000000,28.7833300000
2023-03-21 19:15:00,0.0000000000,42.0000000000,0.0000000000,28.3333300000
2023-03-21 19:30:00,0.0000000000,42.0000000000,0.0000000000,28.1833300000
2023-03-21 19:45:00,0.0000000000,41.0000000000,0.0000000000,28.1833300000
2023-03-21 20:00:00,0.0000000000,41.0000000000,0.0000000000,27.9666700000
2023-03-21 20:15:00,0.0000000000,40.0000000000,0.0000000000,27.8333300000
2023-03-21 20:30:00,0.0000000000,41.0000000000,0.0000000000,27.7166700000
2023-03-21 20:45:00,0.0000000000,41.0000000000,0.0000000000,27.6500000000
2023-03-21 21:00:00,0.0000000000,40.0000000000,0.0000000000,27.3666700000
2023-03-21 21:15:00,0.0000000000,40.0000000000,0.0000000000,27.3833300000
2023-03-21 21:30:00,0.0000000000,40.0000000000,0.0000000000,27.3333300000
2023-03-21 21:45:00,0.0000000000,40.0000000000,0.0000000000,27.2000000000
2023-03-21 22:00:00,0.0000000000,40.0000000000,0.0000000000,27.2500000000
2023-03-21 22:15:00,0.0000000000,40.0000000000,0.0000000000,27.3333300000
2023-03-21 22:30:00,0.0000000000,40.0000000000,0.0000000000,27.1666700000
2023-03-21 22:45:00,0.0000000000,39.0000000000,0.0000000000,27.0166700000
2023-03-21 23:00:00,0.0000000000,40.0000000000,0.0000000000,27.0833300000
2023-03-21 23:15:00,0.0000000000,39.0000000000,0.0000000000,26.9500000000
2023-03-21 23:30:00,0.0000000000,40.0000000000,0.0000000000,26.8000000000
2023-03-21 23:45:00,0.0000000000,40.0000000000,0.0000000000,26.9000000000
2023-03-22 00:00:00,0.0000000000,40.0000000000,0.0000000000,27.4000000000
2023-03-22 00:15:00,0.0000000000,39.0000000000,0.0000000000,27.4166700000
2023-03-22 00:30:00,0.0000000000,40.0000000000,0.0000000000,27.2000000000
2023-03-22 00:45:00,0.0000000000,40.0000000000,0.0000000000,27.2166700000
2023-03-22 01:00:00,0.0000000000,39.0000000000,0.0000000000,27.2500000000
2023-03-22 01:15:00,0.0000000000,39.0000000000,0.0000000000,27.0166700000
2023-03-22 01:30:00,0.0000000000,40.0000000000,0.0000000000,26.6500000000
2023-03-22 01:45:00,0.0000000000,39.0000000000,0.0000000000,26.5166700000
2023-03-22 02:00:00,0.0000000000,40.0000000000,0.0000000000,26.6000000000
2023-03-22 02:15:00,0.0000000000,39.0000000000,0.0000000000,26.5333300000
2023-03-22 02:30:00,0.0000000000,39.0000000000,0.0000000000,26.3666700000
2023-03-22 02:45:00,0.0000000000,38.0000000000,0.0000000000,26.3833300000
2023-03-22 03:00:00,0.0000000000,39.0000000000,0.0000000000,26.2500000000
2023-03-22 03:15:00,0.0000000000,39.0000000000,0.0000000000,26.1000000000
2023-03-22 03:30:00,0.0000000000,39.0000000000,0.0000000000,25.9000000000
2023-03-22 03:45:00,0.0000000000,39.0000000000,0.0000000000,25.6500000000
2023-03-22 04:00:00,0.0000000000,39.0000000000,0.0000000000,25.4666700000
2023-03-22 04:15:00,0.0000000000,39.0000000000,0.0000000000,25.5333300000
2023-03-22 04:30:00,0.0000000000,38.0000000000,0.0000000000,25.3500000000
2023-03-22 04:45:00,0.0000000000,39.0000000000,0.0000000000,25.1166700000
2023-03-22 05:00:00,0.0000000000,39.0000000000,0.0000000000,25.0333300000
2023-03-22 05:15:00,0.0000000000,38.0000000000,0.0000000000,25.0000000000
2023-03-22 05:30:00,0.0000000000,38.0000000000,0.0000000000,25.0500000000
2023-03-22 05:45:00,0.0000000000,39.0000000000,0.0000000000,25.0000000000
2023-03-22 06:00:00,0.0000000000,38.0000000000,0.0000000000,24.9166700000
2023-03-22 06:15:00,6.4000000000,38.0000000000,5.6021800000,24.8166700000
2023-03-22 06:30:00,23.6000000000,38.0000000000,28.4938500000,24.9500000000
2023-03-22 06:45:00,49.6000000000,38.0000000000,65.2943900000,25.4166700000
2023-03-22 07:00:00,87.2000000000,38.0000000000,114.8447000000,26.6500000000
2023-03-22 07:15:00,132.0000000000,39.0000000000,175.3096000000,28.9666700000
2023-03-22 07:30:00,167.6000000000,39.0000000000,227.9508000000,31.5666700000
2023-03-22 07:45:00,182.8000000000,40.0000000000,252.5811000000,33.6833300000
2023-03-22 08:00:00,223.6000000000,41.0000000000,278.8534000000,34.1166600000
2023-03-22 08:15:00,255.2000000000,43.0000000000,340.3808000000,34.6166600000
2023-03-22 08:30:00,341.2000000000,44.0000000000,423.9306000000,36.0666700000
2023-03-22 08:45:00,387.2000000000,45.0000000000,500.7191000000,39.2666700000
2023-03-22 09:00:00,404.0000000000,46.0000000000,536.1674000000,41.5333300000
2023-03-22 09:15:00,424.0000000000,48.0000000000,569.0078000000,43.7833300000
2023-03-22 09:30:00,468.0000000000,49.0000000000,598.8539000000,44.8833400000
2023-03-22 09:45:00,504.0000000000,48.0000000000,667.5289000000,46.7666700000
2023-03-22 10:00:00,540.0000000000,48.0000000000,756.4877000000,50.1000000000
2023-03-22 10:15:00,560.0000000000,48.0000000000,756.1013000000,50.9000000000
2023-03-22 10:30:00,608.0000000000,48.0000000000,824.1002000000,52.8000000000
2023-03-22 10:45:00,440.0000000000,48.0000000000,702.1078000000,54.8333300000
2023-03-22 11:00:00,600.0000000000,48.0000000000,731.2778000000,54.2500000000
2023-03-22 11:15:00,492.0000000000,48.0000000000,807.2936000000,56.7000000000
2023-03-22 11:30:00,532.0000000000,50.0000000000,718.4315000000,54.1333400000
2023-03-22 11:45:00,544.0000000000,48.0000000000,677.7674000000,54.7833300000
2023-03-22 12:00:00,432.0000000000,48.0000000000,679.4094000000,55.9500000000
2023-03-22 12:15:00,704.0000000000,48.0000000000,911.8999000000,56.7333300000
2023-03-22 12:30:00,628.0000000000,48.0000000000,917.5021000000,61.6833300000
2023-03-22 12:45:00,588.0000000000,48.0000000000,821.2025000000,61.2333300000
2023-03-22 13:00:00,464.0000000000,49.0000000000,751.4650000000,59.5500000000
2023-03-22 13:15:00,568.0000000000,48.0000000000,631.1147000000,52.3000000000
2023-03-22 13:30:00,664.0000000000,48.0000000000,942.2289000000,58.7833300000
2023-03-22 13:45:00,496.0000000000,48.0000000000,736.6869000000,57.8833400000
2023-03-22 14:00:00,584.0000000000,48.0000000000,820.1401000000,53.9833300000
2023-03-22 14:15:00,412.0000000000,48.0000000000,609.6719000000,50.4500000000
2023-03-22 14:30:00,556.0000000000,48.0000000000,732.2438000000,48.9333300000
2023-03-22 14:45:00,520.0000000000,48.0000000000,708.9657000000,50.9666700000
2023-03-22 15:00:00,484.0000000000,47.0000000000,664.9210000000,49.3333300000
2023-03-22 15:15:00,452.0000000000,47.0000000000,607.8367000000,48.1833300000
2023-03-22 15:30:00,420.0000000000,48.0000000000,572.0986000000,47.6333400000
2023-03-22 15:45:00,380.0000000000,47.0000000000,515.6905000000,46.2166700000
2023-03-22 16:00:00,332.0000000000,46.0000000000,456.6744000000,44.1333400000
2023-03-22 16:15:00,280.0000000000,47.0000000000,394.2776000000,42.8833400000
2023-03-22 16:30:00,232.0000000000,46.0000000000,323.6708000000,41.4000000000
2023-03-22 16:45:00,192.0000000000,45.0000000000,276.0523000000,39.2833300000
2023-03-22 17:00:00,136.0000000000,45.0000000000,204.4796000000,37.8333300000
2023-03-22 17:15:00,88.0000000000,46.0000000000,145.5601000000,36.0166700000
2023-03-22 17:30:00,40.0000000000,45.0000000000,75.8226200000,33.8500000000
2023-03-22 17:45:00,16.0000000000,44.0000000000,22.8916700000,31.8833300000
2023-03-22 18:00:00,4.0000000000,45.0000000000,9.4657550000,30.8333300000
2023-03-22 18:15:00,0.0000000000,44.0000000000,0.7727147000,30.1166700000
2023-03-22 18:30:00,0.0000000000,43.0000000000,0.0000000000,29.6500000000
2023-03-22 18:45:00,0.0000000000,43.0000000000,0.0000000000,29.1666700000
2023-03-22 19:00:00,0.0000000000,43.0000000000,0.0000000000,28.9500000000
2023-03-22 19:15:00,0.0000000000,42.0000000000,0.0000000000,28.7500000000
2023-03-22 19:30:00,0.0000000000,41.0000000000,0.0000000000,28.5833300000
2023-03-22 19:45:00,0.0000000000,42.0000000000,0.0000000000,28.5666700000
2023-03-22 20:00:00,0.0000000000,42.0000000000,0.0000000000,28.7000000000
2023-03-22 20:15:00,0.0000000000,42.0000000000,0.0000000000,28.6000000000
2023-03-22 20:30:00,0.0000000000,41.0000000000,0.0000000000,28.4000000000
2023-03-22 20:45:00,0.0000000000,41.0000000000,0.0000000000,28.2333300000
2023-03-22 21:00:00,0.0000000000,40.0000000000,0.0000000000,28.0000000000
2023-03-22 21:15:00,0.0000000000,40.0000000000,0.0000000000,27.7500000000
2023-03-22 21:30:00,0.0000000000,40.0000000000,0.0000000000,27.4166700000
2023-03-22 21:45:00,0.0000000000,40.0000000000,0.0000000000,27.2833300000
2023-03-22 22:00:00,0.0000000000,40.0000000000,0.0000000000,27.0500000000
2023-03-22 22:15:00,0.0000000000,40.0000000000,0.0000000000,27.0333300000
2023-03-22 22:30:00,0.0000000000,40.0000000000,0.0000000000,27.1333300000
2023-03-22 22:45:00,0.0000000000,40.0000000000,0.0000000000,27.0333300000
2023-03-22 23:00:00,0.0000000000,40.0000000000,0.0000000000,26.9333300000
2023-03-22 23:15:00,0.0000000000,40.0000000000,0.0000000000,26.9000000000
2023-03-22 23:30:00,0.0000000000,40.0000000000,0.0000000000,26.8833300000
2023-03-22 23:45:00,0.0000000000,39.0000000000,0.0000000000,26.7166700000
2023-03-23 00:00:00,0.0000000000,40.0000000000,0.0000000000,26.7833300000
2023-03-23 00:15:00,0.0000000000,39.0000000000,0.0000000000,26.8000000000
2023-03-23 00:30:00,0.0000000000,39.0000000000,0.0000000000,26.7000000000
2023-03-23 00:45:00,0.0000000000,39.0000000000,0.0000000000,26.5500000000
2023-03-23 01:00:00,0.0000000000,40.0000000000,0.0000000000,26.4166700000
2023-03-23 01:15:00,0.0000000000,40.0000000000,0.0000000000,26.4000000000
2023-03-23 01:30:00,0.0000000000,39.0000000000,0.0000000000,26.4000000000
2023-03-23 01:45:00,0.0000000000,39.0000000000,0.0000000000,26.4000000000
2023-03-23 02:00:00,0.0000000000,39.0000000000,0.0000000000,26.4166700000
2023-03-23 02:15:00,0.0000000000,39.0000000000,0.0000000000,26.4833300000
2023-03-23 02:30:00,0.0000000000,39.0000000000,0.0000000000,26.3500000000
2023-03-23 02:45:00,0.0000000000,39.0000000000,0.0000000000,26.3833300000
2023-03-23 03:00:00,0.0000000000,39.0000000000,0.0000000000,26.4833300000
2023-03-23 03:15:00,0.0000000000,39.0000000000,0.0000000000,26.3500000000
2023-03-23 03:30:00,0.0000000000,39.0000000000,0.0000000000,26.1500000000
2023-03-23 03:45:00,0.0000000000,39.0000000000,0.0000000000,26.0500000000
2023-03-23 04:00:00,0.0000000000,39.0000000000,0.0000000000,26.0000000000
2023-03-23 04:15:00,0.0000000000,39.0000000000,0.0000000000,26.0500000000
2023-03-23 04:30:00,0.0000000000,39.0000000000,0.0000000000,26.0666700000
2023-03-23 04:45:00,0.0000000000,39.0000000000,0.0000000000,26.0833300000
2023-03-23 05:00:00,0.0000000000,39.0000000000,0.0000000000,25.9000000000
2023-03-23 05:15:00,0.0000000000,39.0000000000,0.0000000000,25.7000000000
2023-03-23 05:30:00,0.0000000000,38.0000000000,0.0000000000,25.4500000000
2023-03-23 05:45:00,0.0000000000,38.0000000000,0.0000000000,25.2166700000
2023-03-23 06:00:00,0.0000000000,39.0000000000,0.0000000000,25.2500000000
2023-03-23 06:15:00,4.8000000000,39.0000000000,4.1533410000,25.4166700000
2023-03-23 06:30:00,15.2000000000,38.0000000000,17.3860800000,25.7333300000
2023-03-23 06:45:00,36.0000000000,38.0000000000,40.9538800000,26.3166700000
2023-03-23 07:00:00,67.2000000000,38.0000000000,88.4758400000,27.3333300000
2023-03-23 07:15:00,111.2000000000,38.0000000000,147.2022000000,28.5500000000
2023-03-23 07:30:00,164.4000000000,40.0000000000,218.2919000000,30.5166700000
2023-03-23 07:45:00,182.8000000000,40.0000000000,261.6605000000,32.6500000000
2023-03-23 08:00:00,212.0000000000,40.0000000000,265.7173000000,34.2166700000
2023-03-23 08:15:00,181.2000000000,42.0000000000,257.2174000000,35.0833300000
2023-03-23 08:30:00,186.0000000000,42.0000000000,242.7290000000,34.1333400000
2023-03-23 08:45:00,287.2000000000,44.0000000000,359.4089000000,35.3500000000
2023-03-23 09:00:00,444.0000000000,45.0000000000,566.1101000000,38.5166700000
2023-03-23 09:15:00,504.0000000000,47.0000000000,644.9270000000,42.1166600000
2023-03-23 09:30:00,556.0000000000,48.0000000000,743.0617000000,44.2000000000
2023-03-23 09:45:00,480.0000000000,48.0000000000,655.5518000000,46.1166600000
2023-03-23 10:00:00,584.0000000000,48.0000000000,766.0500000000,47.0333300000
2023-03-23 10:15:00,620.0000000000,48.0000000000,825.2593000000,49.2500000000
2023-03-23 10:30:00,608.0000000000,48.0000000000,838.7818000000,51.0000000000
2023-03-23 10:45:00,600.0000000000,48.0000000000,834.3386000000,50.9666700000
2023-03-23 11:00:00,612.0000000000,50.0000000000,826.1285000000,51.4666700000
2023-03-23 11:15:00,660.0000000000,48.0000000000,905.7182000000,53.6666700000
2023-03-23 11:30:00,624.0000000000,50.0000000000,870.9460000000,55.0333300000
2023-03-23 11:45:00,668.0000000000,49.0000000000,928.2235000000,55.1500000000
2023-03-23 12:00:00,656.0000000000,48.0000000000,935.6609000000,55.3833400000
2023-03-23 12:15:00,644.0000000000,49.0000000000,925.2291000000,54.6666700000
2023-03-23 12:30:00,676.0000000000,49.0000000000,918.5646000000,53.9500000000
2023-03-23 12:45:00,620.0000000000,48.0000000000,840.2306000000,53.6333400000
2023-03-23 13:00:00,620.0000000000,48.0000000000,851.9179000000,51.0166700000
2023-03-23 13:15:00,636.0000000000,48.0000000000,906.0080000000,52.2500000000
2023-03-23 13:30:00,616.0000000000,48.0000000000,866.6961000000,53.5666700000
2023-03-23 13:45:00,600.0000000000,48.0000000000,848.6339000000,52.3166700000
2023-03-23 14:00:00,608.0000000000,48.0000000000,833.2762000000,52.3333300000
2023-03-23 14:15:00,576.0000000000,48.0000000000,794.5439000000,52.3166700000
2023-03-23 14:30:00,504.0000000000,47.0000000000,697.0852000000,50.9500000000
2023-03-23 14:45:00,504.0000000000,47.0000000000,689.3581000000,49.4333300000
2023-03-23 15:00:00,484.0000000000,47.0000000000,661.7335000000,48.8833400000
2023-03-23 15:15:00,440.0000000000,47.0000000000,603.2004000000,50.3833400000
2023-03-23 15:30:00,404.0000000000,46.0000000000,550.7524000000,48.1500000000
2023-03-23 15:45:00,360.0000000000,47.0000000000,491.8329000000,46.6666700000
2023-03-23 16:00:00,316.0000000000,43.0000000000,437.8394000000,45.4000000000
2023-03-23 16:15:00,272.0000000000,47.0000000000,379.4995000000,43.3000000000
2023-03-23 16:30:00,224.0000000000,46.0000000000,317.4891000000,41.3000000000
2023-03-23 16:45:00,176.0000000000,46.0000000000,257.5071000000,39.8833400000
2023-03-23 17:00:00,132.0000000000,45.0000000000,202.8376000000,38.7000000000
2023-03-23 17:15:00,96.0000000000,46.0000000000,148.5544000000,36.9666700000
2023-03-23 17:30:00,60.0000000000,45.0000000000,99.2938300000,35.3500000000
2023-03-23 17:45:00,32.0000000000,45.0000000000,57.1808900000,33.8500000000
2023-03-23 18:00:00,12.0000000000,45.0000000000,24.9200500000,32.3333300000
2023-03-23 18:15:00,4.0000000000,44.0000000000,4.6362880000,31.0333300000
2023-03-23 18:30:00,0.0000000000,44.0000000000,0.0000000000,30.2500000000
2023-03-23 18:45:00,0.0000000000,44.0000000000,0.0000000000,29.8333300000
2023-03-23 19:00:00,0.0000000000,43.0000000000,0.0000000000,29.5166700000
2023-03-23 19:15:00,0.0000000000,42.0000000000,0.0000000000,29.4500000000
2023-03-23 19:30:00,0.0000000000,42.0000000000,0.0000000000,29.3333300000
2023-03-23 19:45:00,0.0000000000,42.0000000000,0.0000000000,29.1833300000
2023-03-23 20:00:00,0.0000000000,42.0000000000,0.0000000000,28.9166700000
2023-03-23 20:15:00,0.0000000000,41.0000000000,0.0000000000,28.7000000000
2023-03-23 20:30:00,0.0000000000,42.0000000000,0.0000000000,28.5333300000
2023-03-23 20:45:00,0.0000000000,41.0000000000,0.0000000000,28.3500000000
2023-03-23 21:00:00,0.0000000000,41.0000000000,0.0000000000,28.3000000000
2023-03-23 21:15:00,0.0000000000,41.0000000000,0.0000000000,28.2000000000
2023-03-23 21:30:00,0.0000000000,41.0000000000,0.0000000000,28.0500000000
2023-03-23 21:45:00,0.0000000000,41.0000000000,0.0000000000,28.0000000000
2023-03-23 22:00:00,0.0000000000,40.0000000000,0.0000000000,27.8333300000
2023-03-23 22:15:00,0.0000000000,40.0000000000,0.0000000000,27.5000000000
2023-03-23 22:30:00,0.0000000000,40.0000000000,0.0000000000,27.4000000000
2023-03-23 22:45:00,0.0000000000,40.0000000000,0.0000000000,27.4000000000
2023-03-23 23:00:00,0.0000000000,39.0000000000,0.0000000000,27.3500000000
2023-03-23 23:15:00,0.0000000000,40.0000000000,0.0000000000,27.1666700000
2023-03-23 23:30:00,0.0000000000,40.0000000000,0.0000000000,27.1166700000
2023-03-23 23:45:00,0.0000000000,40.0000000000,0.0000000000,27.2500000000
2023-03-24 00:00:00,0.0000000000,40.0000000000,0.0000000000,27.2333300000
2023-03-24 00:15:00,0.0000000000,39.0000000000,0.0000000000,27.0166700000
2023-03-24 00:30:00,0.0000000000,40.0000000000,0.0000000000,27.0000000000
2023-03-24 00:45:00,0.0000000000,39.0000000000,0.0000000000,26.9500000000
2023-03-24 01:00:00,0.0000000000,40.0000000000,0.0000000000,26.9666700000
2023-03-24 01:15:00,0.0000000000,39.0000000000,0.0000000000,27.0333300000
2023-03-24 01:30:00,0.0000000000,39.0000000000,0.0000000000,26.7666700000
2023-03-24 01:45:00,0.0000000000,39.0000000000,0.0000000000,26.6000000000
2023-03-24 02:00:00,0.0000000000,39.0000000000,0.0000000000,26.4833300000
2023-03-24 02:15:00,0.0000000000,39.0000000000,0.0000000000,26.3666700000
2023-03-24 02:30:00,0.0000000000,40.0000000000,0.0000000000,26.5000000000
2023-03-24 02:45:00,0.0000000000,39.0000000000,0.0000000000,26.5833300000
2023-03-24 03:00:00,0.0000000000,40.0000000000,0.0000000000,26.3666700000
2023-03-24 03:15:00,0.0000000000,39.0000000000,0.0000000000,26.2166700000
2023-03-24 03:30:00,0.0000000000,39.0000000000,0.0000000000,26.2333300000
2023-03-24 03:45:00,0.0000000000,39.0000000000,0.0000000000,26.2000000000
2023-03-24 04:00:00,0.0000000000,39.0000000000,0.0000000000,26.0666700000
2023-03-24 04:15:00,0.0000000000,38.0000000000,0.0000000000,25.9000000000
2023-03-24 04:30:00,0.0000000000,39.0000000000,0.0000000000,25.8000000000
2023-03-24 04:45:00,0.0000000000,39.0000000000,0.0000000000,25.8166700000
2023-03-24 05:00:00,0.0000000000,38.0000000000,0.0000000000,25.8166700000
2023-03-24 05:15:00,0.0000000000,38.0000000000,0.0000000000,25.8500000000
2023-03-24 05:30:00,0.0000000000,39.0000000000,0.0000000000,25.9666700000
2023-03-24 05:45:00,0.0000000000,38.0000000000,0.0000000000,25.9000000000
2023-03-24 06:00:00,0.0000000000,38.0000000000,0.0000000000,25.9000000000
2023-03-24 06:15:00,3.6000000000,38.0000000000,3.3806270000,26.0000000000
2023-03-24 06:30:00,17.2000000000,39.0000000000,20.1871700000,26.2666700000
2023-03-24 06:45:00,40.0000000000,38.0000000000,47.0390100000,26.8000000000
2023-03-24 07:00:00,74.8000000000,38.0000000000,94.4643800000,27.7166700000
2023-03-24 07:15:00,76.4000000000,38.0000000000,98.4245500000,28.7666700000
2023-03-24 07:30:00,135.2000000000,38.0000000000,164.2985000000,29.9000000000
2023-03-24 07:45:00,198.4000000000,39.0000000000,260.0185000000,31.9500000000
2023-03-24 08:00:00,248.0000000000,41.0000000000,327.5344000000,34.3000000000
2023-03-24 08:15:00,289.2000000000,44.0000000000,381.1415000000,36.6500000000
2023-03-24 08:30:00,335.6000000000,45.0000000000,439.4815000000,38.5000000000
2023-03-24 08:45:00,378.4000000000,46.0000000000,501.2021000000,40.3833400000
2023-03-24 09:00:00,420.0000000000,48.0000000000,554.4228000000,43.1000000000
2023-03-24 09:15:00,428.0000000000,48.0000000000,574.2236000000,45.2666700000
2023-03-24 09:30:00,468.0000000000,49.0000000000,630.8250000000,47.0333300000
2023-03-24 09:45:00,448.0000000000,48.0000000000,632.6601000000,49.4666700000
2023-03-24 10:00:00,388.0000000000,48.0000000000,535.7811000000,48.0333300000
2023-03-24 10:15:00,536.0000000000,48.0000000000,717.7553000000,48.6333400000
2023-03-24 10:30:00,576.0000000000,48.0000000000,809.8050000000,52.4666700000
2023-03-24 10:45:00,608.0000000000,48.0000000000,839.0715000000,54.7500000000
2023-03-24 11:00:00,632.0000000000,49.0000000000,875.3891000000,54.5333300000
2023-03-24 11:15:00,564.0000000000,48.0000000000,762.4762000000,54.3500000000
2023-03-24 11:30:00,600.0000000000,48.0000000000,825.6456000000,55.5500000000
2023-03-24 11:45:00,664.0000000000,49.0000000000,942.7119000000,59.7000000000
2023-03-24 12:00:00,660.0000000000,48.0000000000,938.1722000000,61.5166700000
2023-03-24 12:15:00,648.0000000000,49.0000000000,923.8770000000,58.9833300000
2023-03-24 12:30:00,660.0000000000,49.0000000000,943.4846000000,60.7666700000
2023-03-24 12:45:00,664.0000000000,49.0000000000,947.9277000000,59.8833400000
2023-03-24 13:00:00,584.0000000000,49.0000000000,827.1910000000,55.9166700000
2023-03-24 13:15:00,628.0000000000,48.0000000000,899.5364000000,55.4000000000
2023-03-24 13:30:00,628.0000000000,48.0000000000,878.0936000000,55.7833300000
2023-03-24 13:45:00,612.0000000000,48.0000000000,857.5201000000,55.1500000000
2023-03-24 14:00:00,584.0000000000,48.0000000000,818.9810000000,53.5833300000
2023-03-24 14:15:00,564.0000000000,48.0000000000,778.8964000000,52.5833300000
2023-03-24 14:30:00,496.0000000000,48.0000000000,722.9711000000,52.5666700000
2023-03-24 14:45:00,500.0000000000,47.0000000000,676.4151000000,50.4166700000
2023-03-24 15:00:00,472.0000000000,48.0000000000,646.3758000000,50.1666700000
2023-03-24 15:15:00,424.0000000000,47.0000000000,587.7461000000,49.2333300000
2023-03-24 15:30:00,404.0000000000,47.0000000000,549.1104000000,48.3833400000
2023-03-24 15:45:00,356.0000000000,48.0000000000,491.8329000000,47.2833300000
2023-03-24 16:00:00,316.0000000000,47.0000000000,436.4872000000,45.8333300000
2023-03-24 16:15:00,272.0000000000,47.0000000000,382.0108000000,43.2166700000
2023-03-24 16:30:00,232.0000000000,47.0000000000,329.6594000000,41.1666700000
2023-03-24 16:45:00,188.0000000000,45.0000000000,275.0864000000,39.5833300000
2023-03-24 17:00:00,144.0000000000,45.0000000000,218.0021000000,38.5500000000
2023-03-24 17:15:00,100.0000000000,44.0000000000,160.9178000000,36.7166700000
2023-03-24 17:30:00,64.0000000000,45.0000000000,109.6289000000,34.8500000000
2023-03-24 17:45:00,36.0000000000,45.0000000000,65.2944000000,33.1000000000
2023-03-24 18:00:00,16.0000000000,44.0000000000,30.1358700000,31.8000000000
2023-03-24 18:15:00,4.0000000000,44.0000000000,5.1192350000,30.7166700000
2023-03-24 18:30:00,0.0000000000,43.0000000000,0.0000000000,30.0000000000
2023-03-24 18:45:00,0.0000000000,43.0000000000,0.0000000000,29.4000000000
2023-03-24 19:00:00,0.0000000000,43.0000000000,0.0000000000,28.9000000000
2023-03-24 19:15:00,0.0000000000,43.0000000000,0.0000000000,28.4833300000
2023-03-24 19:30:00,0.0000000000,42.0000000000,0.0000000000,28.4166700000
2023-03-24 19:45:00,0.0000000000,42.0000000000,0.0000000000,28.4000000000
2023-03-24 20:00:00,0.0000000000,42.0000000000,0.0000000000,28.1000000000
2023-03-24 20:15:00,0.0000000000,41.0000000000,0.0000000000,27.8166700000
2023-03-24 20:30:00,0.0000000000,41.0000000000,0.0000000000,27.8000000000
2023-03-24 20:45:00,0.0000000000,41.0000000000,0.0000000000,27.6000000000
2023-03-24 21:00:00,0.0000000000,41.0000000000,0.0000000000,27.2000000000
2023-03-24 21:15:00,0.0000000000,40.0000000000,0.0000000000,27.0000000000
2023-03-24 21:30:00,0.0000000000,41.0000000000,0.0000000000,26.9500000000
2023-03-24 21:45:00,0.0000000000,40.0000000000,0.0000000000,27.0000000000
2023-03-24 22:00:00,0.0000000000,40.0000000000,0.0000000000,27.2333300000
2023-03-24 22:15:00,0.0000000000,41.0000000000,0.0000000000,27.2833300000
2023-03-24 22:30:00,0.0000000000,40.0000000000,0.0000000000,27.1166700000
2023-03-24 22:45:00,0.0000000000,40.0000000000,0.0000000000,27.0000000000
2023-03-24 23:00:00,0.0000000000,39.0000000000,0.0000000000,26.9000000000
2023-03-24 23:15:00,0.0000000000,40.0000000000,0.0000000000,26.7500000000
2023-03-24 23:30:00,0.0000000000,39.0000000000,0.0000000000,26.6000000000
2023-03-24 23:45:00,0.0000000000,40.0000000000,0.0000000000,26.6000000000
2023-03-25 00:00:00,0.0000000000,39.0000000000,0.0000000000,26.5833300000
2023-03-25 00:15:00,0.0000000000,39.0000000000,0.0000000000,26.4000000000
2023-03-25 00:30:00,0.0000000000,39.0000000000,0.0000000000,26.3833300000
2023-03-25 00:45:00,0.0000000000,39.0000000000,0.0000000000,26.4000000000
2023-03-25 01:00:00,0.0000000000,39.0000000000,0.0000000000,26.3166700000
2023-03-25 01:15:00,0.0000000000,39.0000000000,0.0000000000,26.3000000000
2023-03-25 01:30:00,0.0000000000,40.0000000000,0.0000000000,26.3000000000
2023-03-25 01:45:00,0.0000000000,39.0000000000,0.0000000000,26.2500000000
2023-03-25 02:00:00,0.0000000000,39.0000000000,0.0000000000,26.1166700000
2023-03-25 02:15:00,0.0000000000,39.0000000000,0.0000000000,26.1000000000
2023-03-25 02:30:00,0.0000000000,38.0000000000,0.0000000000,26.1500000000
2023-03-25 02:45:00,0.0000000000,39.0000000000,0.0000000000,26.1500000000
2023-03-25 03:00:00,0.0000000000,39.0000000000,0.0000000000,26.1000000000
2023-03-25 03:15:00,0.0000000000,39.0000000000,0.0000000000,26.1000000000
2023-03-25 03:30:00,0.0000000000,38.0000000000,0.0000000000,26.0500000000
2023-03-25 03:45:00,0.0000000000,39.0000000000,0.0000000000,26.0333300000
2023-03-25 04:00:00,0.0000000000,38.0000000000,0.0000000000,26.0000000000
2023-03-25 04:15:00,0.0000000000,39.0000000000,0.0000000000,26.0000000000
2023-03-25 04:30:00,0.0000000000,38.0000000000,0.0000000000,26.0000000000
2023-03-25 04:45:00,0.0000000000,38.0000000000,0.0000000000,25.9000000000
2023-03-25 05:00:00,0.0000000000,39.0000000000,0.0000000000,25.7500000000
2023-03-25 05:15:00,0.0000000000,39.0000000000,0.0000000000,25.6000000000
2023-03-25 05:30:00,0.0000000000,39.0000000000,0.0000000000,25.4000000000
2023-03-25 05:45:00,0.0000000000,39.0000000000,0.0000000000,25.3000000000
2023-03-25 06:00:00,0.0000000000,39.0000000000,0.1931787000,25.2500000000
2023-03-25 06:15:00,12.0000000000,38.0000000000,10.0452900000,25.2666700000
2023-03-25 06:30:00,28.0000000000,38.0000000000,32.0676600000,25.5666700000
2023-03-25 06:45:00,52.0000000000,38.0000000000,57.5672400000,26.0166700000
2023-03-25 07:00:00,68.0000000000,39.0000000000,83.3566000000,26.9000000000
2023-03-25 07:15:00,88.0000000000,39.0000000000,109.4357000000,28.1833300000
2023-03-25 07:30:00,136.0000000000,39.0000000000,171.5426000000,29.7000000000
2023-03-25 07:45:00,200.0000000000,40.0000000000,251.4220000000,31.4833300000
2023-03-25 08:00:00,224.0000000000,41.0000000000,295.6600000000,33.7166700000
2023-03-25 08:15:00,300.0000000000,42.0000000000,390.4141000000,35.9000000000
2023-03-25 08:30:00,348.0000000000,45.0000000000,460.4414000000,38.0666700000
2023-03-25 08:45:00,344.0000000000,46.0000000000,515.3041000000,40.7666700000
2023-03-25 09:00:00,316.0000000000,46.0000000000,419.4875000000,41.2000000000
2023-03-25 09:15:00,444.0000000000,46.0000000000,563.8885000000,41.8000000000
2023-03-25 09:30:00,320.0000000000,48.0000000000,521.4858000000,44.5666700000
2023-03-25 09:45:00,444.0000000000,47.0000000000,549.2070000000,42.9000000000
2023-03-25 10:00:00,544.0000000000,48.0000000000,708.4828000000,46.5500000000
2023-03-25 10:15:00,532.0000000000,47.0000000000,699.0170000000,49.1000000000
2023-03-25 10:30:00,596.0000000000,48.0000000000,760.9308000000,49.6666700000
2023-03-25 10:45:00,604.0000000000,48.0000000000,890.4570000000,52.7833300000
2023-03-25 11:00:00,484.0000000000,47.0000000000,701.0454000000,54.5000000000
2023-03-25 11:15:00,512.0000000000,48.0000000000,720.3632000000,51.0666700000
2023-03-25 11:30:00,600.0000000000,48.0000000000,895.5763000000,54.4166700000
2023-03-25 11:45:00,556.0000000000,49.0000000000,787.2031000000,54.6333400000
2023-03-25 12:00:00,532.0000000000,48.0000000000,748.1810000000,53.0333300000
2023-03-25 12:15:00,628.0000000000,48.0000000000,836.9466000000,54.9333300000
2023-03-25 12:30:00,376.0000000000,49.0000000000,553.1671000000,53.9500000000
2023-03-25 12:45:00,540.0000000000,48.0000000000,761.2205000000,51.1166600000
2023-03-25 13:00:00,652.0000000000,48.0000000000,868.4347000000,51.7000000000
2023-03-25 13:15:00,588.0000000000,48.0000000000,837.7193000000,55.6500000000
2023-03-25 13:30:00,644.0000000000,48.0000000000,911.1271000000,55.8166700000
2023-03-25 13:45:00,620.0000000000,48.0000000000,879.7357000000,56.4500000000
2023-03-25 14:00:00,604.0000000000,48.0000000000,851.9179000000,56.2833300000
2023-03-25 14:15:00,568.0000000000,47.0000000000,792.2257000000,54.8500000000
2023-03-25 14:30:00,552.0000000000,48.0000000000,772.7147000000,53.2666700000
2023-03-25 14:45:00,520.0000000000,47.0000000000,726.3517000000,51.4833300000
2023-03-25 15:00:00,496.0000000000,48.0000000000,686.6536000000,50.0166700000
2023-03-25 15:15:00,456.0000000000,47.0000000000,632.3704000000,50.5833300000
2023-03-25 15:30:00,416.0000000000,47.0000000000,578.3769000000,48.9333300000
2023-03-25 15:45:00,380.0000000000,47.0000000000,525.7357000000,46.5166700000
2023-03-25 16:00:00,332.0000000000,47.0000000000,466.5265000000,46.0666700000
2023-03-25 16:15:00,288.0000000000,46.0000000000,405.9650000000,44.0666700000
2023-03-25 16:30:00,244.0000000000,45.0000000000,351.1988000000,42.9333300000
2023-03-25 16:45:00,200.0000000000,46.0000000000,293.6316000000,41.4500000000
2023-03-25 17:00:00,152.0000000000,46.0000000000,236.0643000000,39.8333300000
2023-03-25 17:15:00,116.0000000000,46.0000000000,181.5879000000,37.6666700000
2023-03-25 17:30:00,76.0000000000,45.0000000000,128.1741000000,35.9833300000
2023-03-25 17:45:00,40.0000000000,44.0000000000,79.0100700000,34.1000000000
2023-03-25 18:00:00,20.0000000000,45.0000000000,36.8005400000,32.7500000000
2023-03-25 18:15:00,4.0000000000,44.0000000000,7.5339680000,31.5500000000
2023-03-25 18:30:00,0.0000000000,44.0000000000,0.0965893300,30.6500000000
2023-03-25 18:45:00,0.0000000000,44.0000000000,0.0000000000,29.9166700000
2023-03-25 19:00:00,0.0000000000,43.0000000000,0.0000000000,29.5333300000
2023-03-25 19:15:00,0.0000000000,42.0000000000,0.0000000000,29.3000000000
2023-03-25 19:30:00,0.0000000000,43.0000000000,0.0000000000,29.0500000000
2023-03-25 19:45:00,0.0000000000,42.0000000000,0.0000000000,28.6333300000
2023-03-25 20:00:00,0.0000000000,42.0000000000,0.0000000000,28.5166700000
2023-03-25 20:15:00,0.0000000000,41.0000000000,0.0000000000,28.2500000000
2023-03-25 20:30:00,0.0000000000,42.0000000000,0.0000000000,28.0833300000
2023-03-25 20:45:00,0.0000000000,42.0000000000,0.0000000000,27.8833300000
2023-03-25 21:00:00,0.0000000000,41.0000000000,0.0000000000,27.5666700000
2023-03-25 21:15:00,0.0000000000,41.0000000000,0.0000000000,27.5833300000
2023-03-25 21:30:00,0.0000000000,41.0000000000,0.0000000000,27.5833300000
2023-03-25 21:45:00,0.0000000000,40.0000000000,0.0000000000,27.5500000000
2023-03-25 22:00:00,0.0000000000,40.0000000000,0.0000000000,27.5500000000
2023-03-25 22:15:00,0.0000000000,40.0000000000,0.0000000000,27.3500000000
2023-03-25 22:30:00,0.0000000000,40.0000000000,0.0000000000,27.3333300000
2023-03-25 22:45:00,0.0000000000,40.0000000000,0.0000000000,27.4666700000
2023-03-25 23:00:00,0.0000000000,40.0000000000,0.0000000000,27.2666700000
2023-03-25 23:15:00,0.0000000000,40.0000000000,0.0000000000,27.1500000000
2023-03-25 23:30:00,0.0000000000,40.0000000000,0.0000000000,26.9500000000
2023-03-25 23:45:00,0.0000000000,40.0000000000,0.0000000000,26.8666700000
2023-03-26 00:00:00,0.0000000000,40.0000000000,0.0000000000,27.0000000000
2023-03-26 00:15:00,0.0000000000,39.0000000000,0.0000000000,26.9000000000
2023-03-26 00:30:00,0.0000000000,40.0000000000,0.0000000000,26.8000000000
2023-03-26 00:45:00,0.0000000000,39.0000000000,0.0000000000,26.7333300000
2023-03-26 01:00:00,0.0000000000,39.0000000000,0.0000000000,26.6166700000
2023-03-26 01:15:00,0.0000000000,39.0000000000,0.0000000000,26.8333300000
2023-03-26 01:30:00,0.0000000000,39.0000000000,0.0000000000,26.9666700000
2023-03-26 01:45:00,0.0000000000,40.0000000000,0.0000000000,27.3833300000
2023-03-26 02:00:00,0.0000000000,40.0000000000,0.0000000000,27.5833300000
2023-03-26 02:15:00,0.0000000000,39.0000000000,0.0000000000,27.5000000000
2023-03-26 02:30:00,0.0000000000,39.0000000000,0.0000000000,27.4000000000
2023-03-26 02:45:00,0.0000000000,39.0000000000,0.0000000000,27.2000000000
2023-03-26 03:00:00,0.0000000000,40.0000000000,0.0000000000,27.0666700000
2023-03-26 03:15:00,0.0000000000,39.0000000000,0.0000000000,27.0500000000
2023-03-26 03:30:00,0.0000000000,39.0000000000,0.0000000000,26.8500000000
2023-03-26 03:45:00,0.0000000000,39.0000000000,0.0000000000,26.7000000000
2023-03-26 04:00:00,0.0000000000,39.0000000000,0.0000000000,26.7000000000
2023-03-26 04:15:00,0.0000000000,40.0000000000,0.0000000000,26.6166700000
2023-03-26 04:30:00,0.0000000000,39.0000000000,0.0000000000,26.6000000000
2023-03-26 04:45:00,0.0000000000,39.0000000000,0.0000000000,26.5833300000
2023-03-26 05:00:00,0.0000000000,38.0000000000,0.0000000000,26.5000000000
2023-03-26 05:15:00,0.0000000000,39.0000000000,0.0000000000,26.5000000000
2023-03-26 05:30:00,0.0000000000,39.0000000000,0.0000000000,26.4833300000
2023-03-26 05:45:00,0.0000000000,38.0000000000,0.0000000000,26.2666700000
2023-03-26 06:00:00,0.0000000000,38.0000000000,0.0000000000,26.0500000000
2023-03-26 06:15:00,8.0000000000,39.0000000000,6.9544320000,25.8166700000
2023-03-26 06:30:00,24.0000000000,38.0000000000,27.8177300000,26.0166700000
2023-03-26 06:45:00,48.0000000000,38.0000000000,58.6297300000,26.9166700000
2023-03-26 07:00:00,64.0000000000,38.0000000000,82.8736400000,28.1166700000
2023-03-26 07:15:00,84.0000000000,40.0000000000,109.6289000000,29.3666700000
2023-03-26 07:30:00,120.0000000000,39.0000000000,147.4919000000,30.4833300000
2023-03-26 07:45:00,176.0000000000,40.0000000000,227.6611000000,32.4166700000
2023-03-26 08:00:00,228.0000000000,41.0000000000,300.6826000000,35.3500000000
2023-03-26 08:15:00,172.0000000000,43.0000000000,243.8881000000,36.4333300000
2023-03-26 08:30:00,204.0000000000,42.0000000000,237.4166000000,35.3166700000
2023-03-26 08:45:00,412.0000000000,44.0000000000,503.7134000000,37.3166700000
2023-03-26 09:00:00,360.0000000000,45.0000000000,533.4629000000,40.8166700000
2023-03-26 09:15:00,400.0000000000,46.0000000000,457.3505000000,41.0166700000
2023-03-26 09:30:00,480.0000000000,47.0000000000,661.1540000000,44.7833300000
2023-03-26 09:45:00,500.0000000000,48.0000000000,641.6429000000,44.8000000000
2023-03-26 10:00:00,596.0000000000,48.0000000000,796.8620000000,47.3166700000
2023-03-26 10:15:00,604.0000000000,48.0000000000,834.2421000000,49.2833300000
2023-03-26 10:30:00,648.0000000000,49.0000000000,909.4851000000,51.3500000000
2023-03-26 10:45:00,604.0000000000,49.0000000000,859.7416000000,50.8833400000
2023-03-26 11:00:00,648.0000000000,49.0000000000,906.7806000000,52.2666700000
2023-03-26 11:15:00,656.0000000000,48.0000000000,907.9398000000,53.8500000000
2023-03-26 11:30:00,660.0000000000,49.0000000000,968.5012000000,57.1166600000
2023-03-26 11:45:00,684.0000000000,49.0000000000,950.7288000000,57.4500000000
2023-03-26 12:00:00,688.0000000000,48.0000000000,983.0862000000,58.0000000000
2023-03-26 12:15:00,696.0000000000,49.0000000000,996.5122000000,59.5333300000
2023-03-26 12:30:00,680.0000000000,49.0000000000,986.3702000000,61.2666700000
2023-03-26 12:45:00,680.0000000000,49.0000000000,983.6658000000,61.5333300000
2023-03-26 13:00:00,668.0000000000,49.0000000000,963.2854000000,61.1166600000
2023-03-26 13:15:00,624.0000000000,49.0000000000,911.1272000000,60.4333300000
2023-03-26 13:30:00,624.0000000000,49.0000000000,828.2535000000,56.6833300000
2023-03-26 13:45:00,628.0000000000,49.0000000000,903.9796000000,57.7666700000
2023-03-26 14:00:00,620.0000000000,48.0000000000,870.2699000000,57.0000000000
2023-03-26 14:15:00,592.0000000000,48.0000000000,833.2762000000,53.6833300000
2023-03-26 14:30:00,560.0000000000,48.0000000000,790.4871000000,52.2833300000
2023-03-26 14:45:00,532.0000000000,48.0000000000,738.4254000000,51.6000000000
2023-03-26 15:00:00,496.0000000000,49.0000000000,691.5796000000,50.9333300000
2023-03-26 15:15:00,456.0000000000,48.0000000000,640.1941000000,49.3666600000
2023-03-26 15:30:00,420.0000000000,47.0000000000,580.3087000000,47.7833300000
2023-03-26 15:45:00,380.0000000000,48.0000000000,531.6277000000,46.1833300000
2023-03-26 16:00:00,340.0000000000,47.0000000000,472.8048000000,45.0666700000
2023-03-26 16:15:00,288.0000000000,46.0000000000,410.1183000000,44.0333300000
2023-03-26 16:30:00,244.0000000000,46.0000000000,351.9715000000,43.6166600000
2023-03-26 16:45:00,200.0000000000,46.0000000000,298.7508000000,41.5500000000
2023-03-26 17:00:00,148.0000000000,46.0000000000,233.6496000000,39.9500000000
2023-03-26 17:15:00,104.0000000000,45.0000000000,168.2586000000,37.7666700000
2023-03-26 17:30:00,60.0000000000,46.0000000000,112.4300000000,35.5833300000
2023-03-26 17:45:00,32.0000000000,45.0000000000,61.7205800000,33.6166600000
2023-03-26 18:00:00,12.0000000000,45.0000000000,25.9825300000,31.8833300000
2023-03-26 18:15:00,4.0000000000,44.0000000000,3.7669830000,30.6666700000
2023-03-26 18:30:00,0.0000000000,43.0000000000,0.0000000000,29.8666700000
2023-03-26 18:45:00,0.0000000000,43.0000000000,0.0000000000,29.3000000000
2023-03-26 19:00:00,0.0000000000,43.0000000000,0.0000000000,28.8833300000
2023-03-26 19:15:00,0.0000000000,42.0000000000,0.0000000000,28.5166700000
2023-03-26 19:30:00,0.0000000000,42.0000000000,0.0000000000,28.3166700000
2023-03-26 19:45:00,0.0000000000,42.0000000000,0.0000000000,28.2000000000
2023-03-26 20:00:00,0.0000000000,42.0000000000,0.0000000000,27.9166700000
2023-03-26 20:15:00,0.0000000000,41.0000000000,0.0000000000,27.7500000000
2023-03-26 20:30:00,0.0000000000,41.0000000000,0.0000000000,27.7500000000
2023-03-26 20:45:00,0.0000000000,41.0000000000,0.0000000000,27.6500000000
2023-03-26 21:00:00,0.0000000000,41.0000000000,0.0000000000,27.4166700000
2023-03-26 21:15:00,0.0000000000,40.0000000000,0.0000000000,27.1333300000
2023-03-26 21:30:00,0.0000000000,41.0000000000,0.0000000000,27.0000000000
2023-03-26 21:45:00,0.0000000000,41.0000000000,0.0000000000,26.9333300000
2023-03-26 22:00:00,0.0000000000,41.0000000000,0.0000000000,26.7333300000
2023-03-26 22:15:00,0.0000000000,41.0000000000,0.0000000000,26.8000000000
2023-03-26 22:30:00,0.0000000000,40.0000000000,0.0000000000,26.8333300000
2023-03-26 22:45:00,0.0000000000,40.0000000000,0.0000000000,26.9333300000
2023-03-26 23:00:00,0.0000000000,40.0000000000,0.0000000000,27.0833300000
2023-03-26 23:15:00,0.0000000000,40.0000000000,0.0000000000,26.9333300000
2023-03-26 23:30:00,0.0000000000,40.0000000000,0.0000000000,26.6166700000
2023-03-26 23:45:00,0.0000000000,40.0000000000,0.0000000000,26.6000000000
2023-03-27 00:00:00,0.0000000000,39.0000000000,0.0000000000,26.6666700000
2023-03-27 00:15:00,0.0000000000,39.0000000000,0.0000000000,26.6000000000
2023-03-27 00:30:00,0.0000000000,40.0000000000,0.0000000000,26.5333300000
2023-03-27 00:45:00,0.0000000000,39.0000000000,0.0000000000,26.4333300000
2023-03-27 01:00:00,0.0000000000,39.0000000000,0.0000000000,26.3000000000
2023-03-27 01:15:00,0.0000000000,39.0000000000,0.0000000000,26.1166700000
2023-03-27 01:30:00,0.0000000000,39.0000000000,0.0000000000,26.0166700000
2023-03-27 01:45:00,0.0000000000,39.0000000000,0.0000000000,25.9000000000
2023-03-27 02:00:00,0.0000000000,39.0000000000,0.0000000000,25.7166700000
2023-03-27 02:15:00,0.0000000000,39.0000000000,0.0000000000,25.6500000000
2023-03-27 02:30:00,0.0000000000,39.0000000000,0.0000000000,25.6000000000
2023-03-27 02:45:00,0.0000000000,39.0000000000,0.0000000000,25.5833300000
2023-03-27 03:00:00,0.0000000000,39.0000000000,0.0000000000,25.5500000000
2023-03-27 03:15:00,0.0000000000,39.0000000000,0.0000000000,25.6000000000
2023-03-27 03:30:00,0.0000000000,39.0000000000,0.0000000000,25.4666700000
2023-03-27 03:45:00,0.0000000000,39.0000000000,0.0000000000,25.4000000000
2023-03-27 04:00:00,0.0000000000,39.0000000000,0.0000000000,25.4000000000
2023-03-27 04:15:00,0.0000000000,39.0000000000,0.0000000000,25.4000000000
2023-03-27 04:30:00,0.0000000000,38.0000000000,0.0000000000,25.3166700000
2023-03-27 04:45:00,0.0000000000,38.0000000000,0.0000000000,25.3000000000
2023-03-27 05:00:00,0.0000000000,38.0000000000,0.0000000000,25.3500000000
2023-03-27 05:15:00,0.0000000000,39.0000000000,0.0000000000,25.3500000000
2023-03-27 05:30:00,0.0000000000,38.0000000000,0.0000000000,25.2333300000
2023-03-27 05:45:00,0.0000000000,38.0000000000,0.0000000000,25.2500000000
2023-03-27 06:00:00,0.8000000000,38.0000000000,0.7727147000,25.2000000000
2023-03-27 06:15:00,10.8000000000,38.0000000000,11.8804900000,25.2666700000
2023-03-27 06:30:00,31.6000000000,38.0000000000,40.3743400000,25.6000000000
2023-03-27 06:45:00,61.2000000000,38.0000000000,82.4873000000,26.1166700000
2023-03-27 07:00:00,96.4000000000,39.0000000000,133.0035000000,27.1833300000
2023-03-27 07:15:00,123.6000000000,39.0000000000,171.6392000000,29.2000000000
2023-03-27 07:30:00,146.0000000000,40.0000000000,191.7298000000,30.6166700000
2023-03-27 07:45:00,207.2000000000,40.0000000000,270.5467000000,32.1500000000
2023-03-27 08:00:00,213.6000000000,42.0000000000,310.5347000000,34.2666700000
2023-03-27 08:15:00,329.6000000000,43.0000000000,411.3740000000,35.5833300000
2023-03-27 08:30:00,358.4000000000,44.0000000000,499.0771000000,38.6666700000
2023-03-27 08:45:00,452.0000000000,47.0000000000,588.5188000000,40.9166700000
2023-03-27 09:00:00,476.0000000000,48.0000000000,644.8304000000,43.6333400000
2023-03-27 09:15:00,396.0000000000,48.0000000000,538.1957000000,44.0333300000
2023-03-27 09:30:00,364.0000000000,49.0000000000,539.2582000000,43.3166700000
2023-03-27 09:45:00,428.0000000000,48.0000000000,519.8438000000,38.5166700000
2023-03-27 10:00:00,564.0000000000,48.0000000000,691.0001000000,37.9333300000
2023-03-27 10:15:00,620.0000000000,48.0000000000,879.5425000000,46.6833300000
2023-03-27 10:30:00,456.0000000000,48.0000000000,703.6533000000,48.9000000000
2023-03-27 10:45:00,448.0000000000,48.0000000000,619.2342000000,47.2333300000
2023-03-27 11:00:00,672.0000000000,48.0000000000,853.2701000000,49.7500000000
2023-03-27 11:15:00,672.0000000000,48.0000000000,947.1550000000,53.9500000000
2023-03-27 11:30:00,656.0000000000,48.0000000000,939.2349000000,55.5500000000
2023-03-27 11:45:00,676.0000000000,48.0000000000,939.1381000000,56.9333300000
2023-03-27 12:00:00,700.0000000000,48.0000000000,957.6833000000,55.0666700000
2023-03-27 12:15:00,708.0000000000,48.0000000000,996.8986000000,56.3500000000
2023-03-27 12:30:00,664.0000000000,48.0000000000,975.1659000000,57.6333400000
2023-03-27 12:45:00,636.0000000000,49.0000000000,929.3825000000,56.9333300000
2023-03-27 13:00:00,700.0000000000,49.0000000000,941.1665000000,56.7166700000
2023-03-27 13:15:00,680.0000000000,48.0000000000,968.7910000000,57.6000000000
2023-03-27 13:30:00,580.0000000000,48.0000000000,823.7139000000,55.6166600000
2023-03-27 13:45:00,604.0000000000,49.0000000000,864.9575000000,56.0166700000
2023-03-27 14:00:00,608.0000000000,48.0000000000,862.4462000000,55.8833400000
2023-03-27 14:15:00,576.0000000000,47.0000000000,808.0663000000,55.4833300000
2023-03-27 14:30:00,588.0000000000,48.0000000000,809.1288000000,55.0333300000
2023-03-27 14:45:00,552.0000000000,48.0000000000,756.0047000000,54.1333400000
2023-03-27 15:00:00,488.0000000000,48.0000000000,678.4435000000,53.2166700000
2023-03-27 15:15:00,448.0000000000,48.0000000000,604.2629000000,50.4666700000
2023-03-27 15:30:00,448.0000000000,47.0000000000,593.2517000000,50.2833300000
2023-03-27 15:45:00,404.0000000000,47.0000000000,533.0765000000,49.9333300000
2023-03-27 16:00:00,356.0000000000,47.0000000000,468.4583000000,46.9666700000
2023-03-27 16:15:00,308.0000000000,47.0000000000,402.9707000000,44.5166700000
2023-03-27 16:30:00,264.0000000000,46.0000000000,346.6591000000,42.4666700000
2023-03-27 16:45:00,212.0000000000,47.0000000000,283.6829000000,41.3833400000
2023-03-27 17:00:00,160.0000000000,46.0000000000,224.5702000000,39.7833300000
2023-03-27 17:15:00,112.0000000000,46.0000000000,166.4234000000,37.8500000000
2023-03-27 17:30:00,72.0000000000,46.0000000000,111.3675000000,35.9833300000
2023-03-27 17:45:00,36.0000000000,45.0000000000,63.9421400000,33.9333300000
2023-03-27 18:00:00,16.0000000000,44.0000000000,27.7211400000,32.3833400000
2023-03-27 18:15:00,4.0000000000,44.0000000000,5.0226450000,31.2833300000
2023-03-27 18:30:00,0.0000000000,44.0000000000,0.0000000000,30.5166700000
2023-03-27 18:45:00,0.0000000000,43.0000000000,0.0000000000,29.9500000000
2023-03-27 19:00:00,0.0000000000,44.0000000000,0.0000000000,29.5500000000
2023-03-27 19:15:00,0.0000000000,43.0000000000,0.0000000000,29.3000000000
2023-03-27 19:30:00,0.0000000000,43.0000000000,0.0000000000,28.9333300000
2023-03-27 19:45:00,0.0000000000,43.0000000000,0.0000000000,28.7500000000
2023-03-27 20:00:00,0.0000000000,42.0000000000,0.0000000000,28.6000000000
2023-03-27 20:15:00,0.0000000000,42.0000000000,0.0000000000,28.3500000000
2023-03-27 20:30:00,0.0000000000,42.0000000000,0.0000000000,28.2500000000
2023-03-27 20:45:00,0.0000000000,41.0000000000,0.0000000000,28.2000000000
2023-03-27 21:00:00,0.0000000000,41.0000000000,0.0000000000,27.9500000000
2023-03-27 21:15:00,0.0000000000,41.0000000000,0.0000000000,28.0500000000
2023-03-27 21:30:00,0.0000000000,41.0000000000,0.0000000000,28.0500000000
2023-03-27 21:45:00,0.0000000000,41.0000000000,0.0000000000,27.9333300000
2023-03-27 22:00:00,0.0000000000,40.0000000000,0.0000000000,27.7833300000
2023-03-27 22:15:00,0.0000000000,40.0000000000,0.0000000000,27.5500000000
2023-03-27 22:30:00,0.0000000000,40.0000000000,0.0000000000,27.2000000000
2023-03-27 22:45:00,0.0000000000,40.0000000000,0.0000000000,27.0500000000
2023-03-27 23:00:00,0.0000000000,40.0000000000,0.0000000000,27.0666700000
2023-03-27 23:15:00,0.0000000000,40.0000000000,0.0000000000,26.8166700000
2023-03-27 23:30:00,0.0000000000,40.0000000000,0.0000000000,26.8833300000
2023-03-27 23:45:00,0.0000000000,40.0000000000,0.0000000000,26.8833300000
2023-03-28 00:00:00,0.0000000000,40.0000000000,0.0000000000,26.8500000000
2023-03-28 00:15:00,0.0000000000,40.0000000000,0.0000000000,26.8833300000
2023-03-28 00:30:00,0.0000000000,40.0000000000,0.0000000000,26.8500000000
2023-03-28 00:45:00,0.0000000000,40.0000000000,0.0000000000,26.7666700000
2023-03-28 01:00:00,0.0000000000,39.0000000000,0.0000000000,26.6833300000
2023-03-28 01:15:00,0.0000000000,39.0000000000,0.0000000000,26.5833300000
2023-03-28 01:30:00,0.0000000000,40.0000000000,0.0000000000,26.4833300000
2023-03-28 01:45:00,0.0000000000,40.0000000000,0.0000000000,26.4000000000
2023-03-28 02:00:00,0.0000000000,40.0000000000,0.0000000000,26.5500000000
2023-03-28 02:15:00,0.0000000000,39.0000000000,0.0000000000,26.7000000000
2023-03-28 02:30:00,0.0000000000,39.0000000000,0.0000000000,26.7000000000
2023-03-28 02:45:00,0.0000000000,39.0000000000,0.0000000000,26.7000000000
2023-03-28 03:00:00,0.0000000000,40.0000000000,0.0000000000,26.6500000000
2023-03-28 03:15:00,0.0000000000,39.0000000000,0.0000000000,26.5000000000
2023-03-28 03:30:00,0.0000000000,39.0000000000,0.0000000000,26.3333300000
2023-03-28 03:45:00,0.0000000000,39.0000000000,0.0000000000,26.1000000000
2023-03-28 04:00:00,0.0000000000,39.0000000000,0.0000000000,25.9166700000
2023-03-28 04:15:00,0.0000000000,39.0000000000,0.0000000000,25.8333300000
2023-03-28 04:30:00,0.0000000000,40.0000000000,0.0000000000,25.7833300000
2023-03-28 04:45:00,0.0000000000,39.0000000000,0.0000000000,25.5166700000
2023-03-28 05:00:00,0.0000000000,40.0000000000,0.0000000000,25.1000000000
2023-03-28 05:15:00,0.0000000000,39.0000000000,0.0000000000,24.7500000000
2023-03-28 05:30:00,0.0000000000,39.0000000000,0.0000000000,24.5833300000
2023-03-28 05:45:00,0.0000000000,38.0000000000,0.0000000000,24.5666700000
2023-03-28 06:00:00,1.2000000000,38.0000000000,0.4829467000,24.5166700000
2023-03-28 06:15:00,11.2000000000,38.0000000000,11.7839000000,24.7500000000
2023-03-28 06:30:00,33.6000000000,37.0000000000,43.5617900000,25.1000000000
2023-03-28 06:45:00,64.0000000000,38.0000000000,87.7031100000,25.7000000000
2023-03-28 07:00:00,102.0000000000,38.0000000000,139.0887000000,27.0500000000
2023-03-28 07:15:00,151.2000000000,39.0000000000,198.3945000000,29.4000000000
2023-03-28 07:30:00,204.4000000000,39.0000000000,261.1775000000,31.7833300000
2023-03-28 07:45:00,257.6000000000,41.0000000000,324.7333000000,34.0500000000
2023-03-28 08:00:00,308.8000000000,43.0000000000,387.1300000000,36.4166700000
2023-03-28 08:15:00,348.4000000000,45.0000000000,444.0212000000,38.4833300000
2023-03-28 08:30:00,397.6000000000,48.0000000000,507.1906000000,40.3833400000
2023-03-28 08:45:00,476.4000000000,49.0000000000,617.7853000000,43.4166700000
2023-03-28 09:00:00,496.0000000000,50.0000000000,637.4896000000,44.1500000000
2023-03-28 09:15:00,516.0000000000,50.0000000000,691.6762000000,45.0833300000
2023-03-28 09:30:00,576.0000000000,50.0000000000,745.4764000000,46.5333300000
2023-03-28 09:45:00,600.0000000000,51.0000000000,790.2939000000,48.4833300000
2023-03-28 10:00:00,628.0000000000,51.0000000000,834.0489000000,49.5166700000
2023-03-28 10:15:00,648.0000000000,50.0000000000,866.8893000000,51.1000000000
2023-03-28 10:30:00,664.0000000000,50.0000000000,895.7695000000,53.6333400000
2023-03-28 10:45:00,620.0000000000,49.0000000000,862.9291000000,55.0833300000
2023-03-28 11:00:00,700.0000000000,49.0000000000,917.4055000000,54.6166600000
2023-03-28 11:15:00,652.0000000000,49.0000000000,895.9626000000,55.7166700000
2023-03-28 11:30:00,716.0000000000,49.0000000000,966.3765000000,56.3166700000
2023-03-28 11:45:00,724.0000000000,49.0000000000,979.0295000000,57.9666700000
2023-03-28 12:00:00,708.0000000000,49.0000000000,958.6492000000,57.8833400000
2023-03-28 12:15:00,712.0000000000,50.0000000000,971.3987000000,56.2166700000
2023-03-28 12:30:00,684.0000000000,50.0000000000,913.3487000000,55.2500000000
2023-03-28 12:45:00,672.0000000000,50.0000000000,934.9847000000,55.6500000000
2023-03-28 13:00:00,588.0000000000,49.0000000000,862.9290000000,53.2833300000
2023-03-28 13:15:00,524.0000000000,49.0000000000,750.8854000000,50.2666700000
2023-03-28 13:30:00,720.0000000000,49.0000000000,888.2355000000,50.6333400000
2023-03-28 13:45:00,536.0000000000,50.0000000000,766.3397000000,50.3000000000
2023-03-28 14:00:00,560.0000000000,49.0000000000,729.2495000000,48.3166700000
2023-03-28 14:15:00,560.0000000000,48.0000000000,735.7209000000,48.3833400000
2023-03-28 14:30:00,452.0000000000,48.0000000000,553.3603000000,45.5333300000
2023-03-28 14:45:00,504.0000000000,48.0000000000,683.8525000000,44.8500000000
2023-03-28 15:00:00,524.0000000000,46.0000000000,700.2726000000,46.0666700000
2023-03-28 15:15:00,532.0000000000,45.0000000000,692.7387000000,46.5666700000
2023-03-28 15:30:00,460.0000000000,47.0000000000,592.0926000000,46.0666700000
2023-03-28 15:45:00,400.0000000000,47.0000000000,533.2697000000,45.3666600000
2023-03-28 16:00:00,360.0000000000,46.0000000000,468.1685000000,42.4833300000
2023-03-28 16:15:00,316.0000000000,45.0000000000,408.2831000000,40.5000000000
2023-03-28 16:30:00,260.0000000000,46.0000000000,345.1137000000,39.9333300000
2023-03-28 16:45:00,220.0000000000,45.0000000000,288.8987000000,38.1333400000
2023-03-28 17:00:00,164.0000000000,44.0000000000,229.9792000000,36.6666700000
2023-03-28 17:15:00,116.0000000000,45.0000000000,168.2586000000,35.4166700000
2023-03-28 17:30:00,68.0000000000,44.0000000000,110.6914000000,33.6666700000
2023-03-28 17:45:00,36.0000000000,43.0000000000,63.6523700000,32.0000000000
2023-03-28 18:00:00,12.0000000000,43.0000000000,23.8575600000,30.7333300000
2023-03-28 18:15:00,4.0000000000,43.0000000000,2.5113230000,29.8166700000
2023-03-28 18:30:00,0.0000000000,43.0000000000,0.0000000000,29.3666700000
2023-03-28 18:45:00,0.0000000000,42.0000000000,0.0000000000,29.0833300000
2023-03-28 19:00:00,0.0000000000,42.0000000000,0.0000000000,28.8333300000
2023-03-28 19:15:00,0.0000000000,42.0000000000,0.0000000000,28.5833300000
2023-03-28 19:30:00,0.0000000000,42.0000000000,0.0000000000,28.5000000000
2023-03-28 19:45:00,0.0000000000,41.0000000000,0.0000000000,28.3666700000
2023-03-28 20:00:00,0.0000000000,42.0000000000,0.0000000000,28.3666700000
2023-03-28 20:15:00,0.0000000000,42.0000000000,0.0000000000,28.3000000000
2023-03-28 20:30:00,0.0000000000,41.0000000000,0.0000000000,28.2000000000
2023-03-28 20:45:00,0.0000000000,40.0000000000,0.0000000000,28.1000000000
2023-03-28 21:00:00,0.0000000000,41.0000000000,0.0000000000,27.9833300000
2023-03-28 21:15:00,0.0000000000,41.0000000000,0.0000000000,27.9833300000
2023-03-28 21:30:00,0.0000000000,41.0000000000,0.0000000000,27.8666700000
2023-03-28 21:45:00,0.0000000000,40.0000000000,0.0000000000,27.9000000000
2023-03-28 22:00:00,0.0000000000,40.0000000000,0.0000000000,27.8000000000
2023-03-28 22:15:00,0.0000000000,40.0000000000,0.0000000000,27.6166700000
2023-03-28 22:30:00,0.0000000000,40.0000000000,0.0000000000,27.6333300000
2023-03-28 22:45:00,0.0000000000,40.0000000000,0.0000000000,27.5166700000
2023-03-28 23:00:00,0.0000000000,40.0000000000,0.0000000000,27.3333300000
2023-03-28 23:15:00,0.0000000000,39.0000000000,0.0000000000,27.0000000000
2023-03-28 23:30:00,0.0000000000,40.0000000000,0.0000000000,26.9833300000
2023-03-28 23:45:00,0.0000000000,40.0000000000,0.0000000000,26.9833300000
2023-03-29 00:00:00,0.0000000000,39.0000000000,0.0000000000,26.9166700000
2023-03-29 00:15:00,0.0000000000,40.0000000000,0.0000000000,27.0000000000
2023-03-29 00:30:00,0.0000000000,39.0000000000,0.0000000000,26.8333300000
2023-03-29 00:45:00,0.0000000000,40.0000000000,0.0000000000,26.6000000000
2023-03-29 01:00:00,0.0000000000,39.0000000000,0.0000000000,26.4833300000
2023-03-29 01:15:00,0.0000000000,40.0000000000,0.0000000000,26.5666700000
2023-03-29 01:30:00,0.0000000000,40.0000000000,0.0000000000,26.6333300000
2023-03-29 01:45:00,0.0000000000,39.0000000000,0.0000000000,26.4333300000
2023-03-29 02:00:00,0.0000000000,39.0000000000,0.0000000000,26.2166700000
2023-03-29 02:15:00,0.0000000000,39.0000000000,0.0000000000,25.9666700000
2023-03-29 02:30:00,0.0000000000,40.0000000000,0.0000000000,25.9500000000
2023-03-29 02:45:00,0.0000000000,39.0000000000,0.0000000000,25.8833300000
2023-03-29 03:00:00,0.0000000000,39.0000000000,0.0000000000,25.8000000000
2023-03-29 03:15:00,0.0000000000,39.0000000000,0.0000000000,25.8000000000
2023-03-29 03:30:00,0.0000000000,39.0000000000,0.0000000000,25.6500000000
2023-03-29 03:45:00,0.0000000000,39.0000000000,0.0000000000,25.5666700000
2023-03-29 04:00:00,0.0000000000,39.0000000000,0.0000000000,25.7166700000
2023-03-29 04:15:00,0.0000000000,39.0000000000,0.0000000000,25.7666700000
2023-03-29 04:30:00,0.0000000000,39.0000000000,0.0000000000,25.4666700000
2023-03-29 04:45:00,0.0000000000,39.0000000000,0.0000000000,25.4000000000
2023-03-29 05:00:00,0.0000000000,39.0000000000,0.0000000000,25.2333300000
2023-03-29 05:15:00,0.0000000000,39.0000000000,0.0000000000,24.8166700000
2023-03-29 05:30:00,0.0000000000,39.0000000000,0.0000000000,25.0000000000
2023-03-29 05:45:00,0.0000000000,39.0000000000,0.0000000000,25.4833300000
2023-03-29 06:00:00,0.4000000000,39.0000000000,0.1931787000,25.4666700000
2023-03-29 06:15:00,9.2000000000,39.0000000000,8.6930390000,25.3166700000
2023-03-29 06:30:00,24.0000000000,39.0000000000,27.3347800000,25.5000000000
2023-03-29 06:45:00,50.0000000000,39.0000000000,56.8911200000,26.1500000000
2023-03-29 07:00:00,90.4000000000,39.0000000000,118.7083000000,27.4333300000
2023-03-29 07:15:00,137.6000000000,39.0000000000,180.6221000000,29.6166700000
2023-03-29 07:30:00,192.8000000000,39.0000000000,244.9505000000,32.2333300000
2023-03-29 07:45:00,250.4000000000,41.0000000000,315.1710000000,35.0166700000
2023-03-29 08:00:00,305.2000000000,44.0000000000,383.1699000000,37.4333300000
2023-03-29 08:15:00,358.0000000000,46.0000000000,450.2029000000,38.9000000000
2023-03-29 08:30:00,402.0000000000,49.0000000000,511.3439000000,40.4333300000
2023-03-29 08:45:00,443.6000000000,50.0000000000,566.8828000000,42.3666600000
2023-03-29 09:00:00,476.0000000000,50.0000000000,613.2457000000,43.9500000000
2023-03-29 09:15:00,524.0000000000,51.0000000000,676.1253000000,44.7333300000
2023-03-29 09:30:00,564.0000000000,51.0000000000,733.5960000000,45.5333300000
2023-03-29 09:45:00,600.0000000000,51.0000000000,784.6918000000,47.9333300000
2023-03-29 10:00:00,604.0000000000,51.0000000000,803.2369000000,48.7666700000
2023-03-29 10:15:00,640.0000000000,50.0000000000,870.1733000000,49.9666700000
2023-03-29 10:30:00,636.0000000000,52.0000000000,917.3089000000,51.5333300000
2023-03-29 10:45:00,688.0000000000,50.0000000000,973.2341000000,53.0166700000
2023-03-29 11:00:00,600.0000000000,49.0000000000,915.6669000000,53.8666600000
2023-03-29 11:15:00,692.0000000000,50.0000000000,890.7468000000,52.5166700000
2023-03-29 11:30:00,724.0000000000,50.0000000000,988.8815000000,53.2000000000
2023-03-29 11:45:00,716.0000000000,49.0000000000,985.4043000000,54.6833300000
2023-03-29 12:00:00,728.0000000000,49.0000000000,980.2851000000,54.9000000000
2023-03-29 12:15:00,736.0000000000,49.0000000000,1000.3760000000,56.6333400000
2023-03-29 12:30:00,716.0000000000,50.0000000000,996.1257000000,57.1166600000
2023-03-29 12:45:00,716.0000000000,49.0000000000,987.4327000000,56.1666700000
2023-03-29 13:00:00,712.0000000000,48.0000000000,982.7964000000,56.4000000000
2023-03-29 13:15:00,700.0000000000,49.0000000000,962.5127000000,55.4500000000
2023-03-29 13:30:00,688.0000000000,49.0000000000,945.8028000000,56.7833300000
2023-03-29 13:45:00,676.0000000000,49.0000000000,926.9678000000,56.7500000000
2023-03-29 14:00:00,656.0000000000,49.0000000000,901.6614000000,56.2333300000
2023-03-29 14:15:00,640.0000000000,49.0000000000,871.1392000000,54.8333300000
2023-03-29 14:30:00,608.0000000000,48.0000000000,821.7820000000,54.2333300000
2023-03-29 14:45:00,580.0000000000,48.0000000000,778.6066000000,53.5833300000
2023-03-29 15:00:00,544.0000000000,48.0000000000,727.1245000000,52.2000000000
2023-03-29 15:15:00,500.0000000000,48.0000000000,662.6028000000,49.9000000000
2023-03-29 15:30:00,484.0000000000,48.0000000000,631.1147000000,47.3833400000
2023-03-29 15:45:00,436.0000000000,48.0000000000,572.0986000000,45.6333400000
2023-03-29 16:00:00,404.0000000000,48.0000000000,522.5483000000,44.4000000000
2023-03-29 16:15:00,360.0000000000,47.0000000000,471.1628000000,43.3500000000
2023-03-29 16:30:00,304.0000000000,47.0000000000,403.4536000000,42.0833300000
2023-03-29 16:45:00,248.0000000000,47.0000000000,333.6195000000,39.9166700000
2023-03-29 17:00:00,196.0000000000,46.0000000000,271.8990000000,37.6333400000
2023-03-29 17:15:00,140.0000000000,46.0000000000,202.3546000000,36.4500000000
2023-03-29 17:30:00,92.0000000000,45.0000000000,139.9580000000,34.8500000000
2023-03-29 17:45:00,52.0000000000,45.0000000000,80.8452800000,33.3666600000
2023-03-29 18:00:00,20.0000000000,44.0000000000,32.7437800000,32.0500000000
2023-03-29 18:15:00,4.0000000000,44.0000000000,7.6305580000,31.0000000000
2023-03-29 18:30:00,0.0000000000,44.0000000000,0.0965893300,30.2500000000
2023-03-29 18:45:00,0.0000000000,43.0000000000,0.0000000000,29.5333300000
2023-03-29 19:00:00,0.0000000000,43.0000000000,0.0000000000,28.7166700000
2023-03-29 19:15:00,0.0000000000,42.0000000000,0.0000000000,28.2333300000
2023-03-29 19:30:00,0.0000000000,41.0000000000,0.0000000000,27.8000000000
2023-03-29 19:45:00,0.0000000000,41.0000000000,0.0000000000,27.5166700000
2023-03-29 20:00:00,0.0000000000,41.0000000000,0.0000000000,27.1000000000
2023-03-29 20:15:00,0.0000000000,40.0000000000,0.0000000000,26.6666700000
2023-03-29 20:30:00,0.0000000000,40.0000000000,0.0000000000,26.3666700000
2023-03-29 20:45:00,0.0000000000,40.0000000000,0.0000000000,26.2000000000
2023-03-29 21:00:00,0.0000000000,40.0000000000,0.0000000000,26.0166700000
2023-03-29 21:15:00,0.0000000000,40.0000000000,0.0000000000,25.9333300000
2023-03-29 21:30:00,0.0000000000,40.0000000000,0.0000000000,25.7166700000
2023-03-29 21:45:00,0.0000000000,39.0000000000,0.0000000000,25.7000000000
2023-03-29 22:00:00,0.0000000000,39.0000000000,0.0000000000,25.5666700000
2023-03-29 22:15:00,0.0000000000,39.0000000000,0.0000000000,25.5833300000
2023-03-29 22:30:00,0.0000000000,39.0000000000,0.0000000000,25.4500000000
2023-03-29 22:45:00,0.0000000000,39.0000000000,0.0000000000,25.3500000000
2023-03-29 23:00:00,0.0000000000,39.0000000000,0.0000000000,25.3333300000
2023-03-29 23:15:00,0.0000000000,39.0000000000,0.0000000000,25.0666700000
2023-03-29 23:30:00,0.0000000000,38.0000000000,0.0000000000,24.9833300000
2023-03-29 23:45:00,0.0000000000,39.0000000000,0.0000000000,24.8166700000
2023-03-30 00:00:00,0.0000000000,38.0000000000,0.0000000000,24.7833300000
2023-03-30 00:15:00,0.0000000000,38.0000000000,0.0000000000,24.7000000000
2023-03-30 00:30:00,0.0000000000,38.0000000000,0.0000000000,24.6000000000
2023-03-30 00:45:00,0.0000000000,38.0000000000,0.0000000000,24.5833300000
2023-03-30 01:00:00,0.0000000000,38.0000000000,0.0000000000,24.7500000000
2023-03-30 01:15:00,0.0000000000,38.0000000000,0.0000000000,24.5666700000
2023-03-30 01:30:00,0.0000000000,38.0000000000,0.0000000000,24.6500000000
2023-03-30 01:45:00,0.0000000000,38.0000000000,0.0000000000,24.8000000000
2023-03-30 02:00:00,0.0000000000,38.0000000000,0.0000000000,24.6500000000
2023-03-30 02:15:00,0.0000000000,37.0000000000,0.0000000000,24.3500000000
2023-03-30 02:30:00,0.0000000000,37.0000000000,0.0000000000,24.1333300000
2023-03-30 02:45:00,0.0000000000,37.0000000000,0.0000000000,23.9500000000
2023-03-30 03:00:00,0.0000000000,39.0000000000,0.0000000000,23.8500000000
2023-03-30 03:15:00,0.0000000000,37.0000000000,0.0000000000,23.8000000000
2023-03-30 03:30:00,0.0000000000,37.0000000000,0.0000000000,23.7833300000
2023-03-30 03:45:00,0.0000000000,37.0000000000,0.0000000000,23.5666700000
2023-03-30 04:00:00,0.0000000000,37.0000000000,0.0000000000,23.5000000000
2023-03-30 04:15:00,0.0000000000,37.0000000000,0.0000000000,23.5500000000
2023-03-30 04:30:00,0.0000000000,37.0000000000,0.0000000000,23.5000000000
2023-03-30 04:45:00,0.0000000000,37.0000000000,0.0000000000,23.3666700000
2023-03-30 05:00:00,0.0000000000,36.0000000000,0.0000000000,23.4000000000
2023-03-30 05:15:00,0.0000000000,36.0000000000,0.0000000000,23.3500000000
2023-03-30 05:30:00,0.0000000000,37.0000000000,0.0000000000,23.2333300000
2023-03-30 05:45:00,0.0000000000,37.0000000000,0.0000000000,23.3833300000
2023-03-30 06:00:00,0.8000000000,36.0000000000,0.2897680000,23.4000000000
2023-03-30 06:15:00,8.4000000000,37.0000000000,8.9828080000,23.4833300000
2023-03-30 06:30:00,27.2000000000,37.0000000000,32.4540200000,24.1166700000
2023-03-30 06:45:00,49.2000000000,36.0000000000,62.7830600000,25.0666700000
2023-03-30 07:00:00,81.6000000000,37.0000000000,97.5552200000,26.1166700000
2023-03-30 07:15:00,118.8000000000,37.0000000000,144.6908000000,27.4000000000
2023-03-30 07:30:00,140.8000000000,38.0000000000,177.0483000000,28.4333300000
2023-03-30 07:45:00,197.2000000000,38.0000000000,236.7405000000,29.7166700000
2023-03-30 08:00:00,252.0000000000,40.0000000000,309.5688000000,32.0000000000
2023-03-30 08:15:00,306.4000000000,42.0000000000,377.3746000000,34.2833300000
2023-03-30 08:30:00,321.6000000000,43.0000000000,420.6466000000,37.0500000000
2023-03-30 08:45:00,347.2000000000,45.0000000000,427.5044000000,38.3000000000
2023-03-30 09:00:00,340.0000000000,45.0000000000,439.2883000000,38.8000000000
2023-03-30 09:15:00,468.0000000000,45.0000000000,563.4056000000,40.7500000000
2023-03-30 09:30:00,496.0000000000,45.0000000000,638.6487000000,44.3833400000
2023-03-30 09:45:00,452.0000000000,46.0000000000,596.9221000000,45.6500000000
2023-03-30 10:00:00,568.0000000000,46.0000000000,725.6757000000,48.0500000000
2023-03-30 10:15:00,540.0000000000,46.0000000000,754.5558000000,51.8833400000
2023-03-30 10:30:00,600.0000000000,47.0000000000,797.8279000000,52.6166600000
2023-03-30 10:45:00,612.0000000000,45.0000000000,815.6003000000,52.5500000000
2023-03-30 11:00:00,552.0000000000,48.0000000000,742.7720000000,53.2333300000
2023-03-30 11:15:00,692.0000000000,47.0000000000,930.1553000000,53.1833300000
2023-03-30 11:30:00,692.0000000000,48.0000000000,947.1550000000,57.1166600000
2023-03-30 11:45:00,700.0000000000,48.0000000000,965.2172000000,58.0333300000
2023-03-30 12:00:00,704.0000000000,48.0000000000,977.5806000000,57.5000000000
2023-03-30 12:15:00,580.0000000000,48.0000000000,884.4685000000,58.9833300000
2023-03-30 12:30:00,624.0000000000,49.0000000000,791.0667000000,54.2500000000
2023-03-30 12:45:00,440.0000000000,48.0000000000,627.5409000000,52.7000000000
2023-03-30 13:00:00,704.0000000000,48.0000000000,905.8148000000,51.4833300000
2023-03-30 13:15:00,564.0000000000,48.0000000000,741.4197000000,55.5000000000
2023-03-30 13:30:00,668.0000000000,48.0000000000,889.6844000000,52.4166700000
2023-03-30 13:45:00,496.0000000000,48.0000000000,667.6255000000,50.2166700000
2023-03-30 14:00:00,560.0000000000,48.0000000000,734.7550000000,49.1166600000
2023-03-30 14:15:00,528.0000000000,48.0000000000,743.4481000000,51.5333300000
2023-03-30 14:30:00,484.0000000000,48.0000000000,629.8591000000,50.1333400000
2023-03-30 14:45:00,516.0000000000,47.0000000000,673.7106000000,49.7666700000
2023-03-30 15:00:00,436.0000000000,47.0000000000,620.1035000000,50.4166700000
2023-03-30 15:15:00,448.0000000000,47.0000000000,596.6323000000,49.8666600000
2023-03-30 15:30:00,396.0000000000,47.0000000000,535.4913000000,47.5833300000
2023-03-30 15:45:00,364.0000000000,46.0000000000,461.3107000000,44.9000000000
2023-03-30 16:00:00,332.0000000000,47.0000000000,434.5554000000,44.0000000000
2023-03-30 16:15:00,284.0000000000,46.0000000000,375.7325000000,42.7833300000
2023-03-30 16:30:00,240.0000000000,46.0000000000,317.4891000000,41.0500000000
2023-03-30 16:45:00,192.0000000000,45.0000000000,261.9503000000,39.0833300000
2023-03-30 17:00:00,148.0000000000,46.0000000000,206.5080000000,37.3500000000
2023-03-30 17:15:00,100.0000000000,46.0000000000,150.8726000000,35.7666700000
2023-03-30 17:30:00,64.0000000000,45.0000000000,100.6461000000,34.1666700000
2023-03-30 17:45:00,28.0000000000,44.0000000000,48.1980800000,32.4166700000
2023-03-30 18:00:00,12.0000000000,43.0000000000,21.3462400000,31.1500000000
2023-03-30 18:15:00,4.0000000000,43.0000000000,4.1533410000,30.3833300000
2023-03-30 18:30:00,0.0000000000,43.0000000000,0.0000000000,29.7666700000
2023-03-30 18:45:00,0.0000000000,43.0000000000,0.0000000000,29.5333300000
2023-03-30 19:00:00,0.0000000000,42.0000000000,0.0000000000,29.2500000000
2023-03-30 19:15:00,0.0000000000,42.0000000000,0.0000000000,28.9500000000
2023-03-30 19:30:00,0.0000000000,42.0000000000,0.0000000000,28.6666700000
2023-03-30 19:45:00,0.0000000000,41.0000000000,0.0000000000,28.6333300000
2023-03-30 20:00:00,0.0000000000,42.0000000000,0.0000000000,28.5500000000
2023-03-30 20:15:00,0.0000000000,41.0000000000,0.0000000000,28.4333300000
2023-03-30 20:30:00,0.0000000000,40.0000000000,0.0000000000,28.3000000000
2023-03-30 20:45:00,0.0000000000,41.0000000000,0.0000000000,28.2833300000
2023-03-30 21:00:00,0.0000000000,40.0000000000,0.0000000000,28.2833300000
2023-03-30 21:15:00,0.0000000000,41.0000000000,0.0000000000,28.1666700000
2023-03-30 21:30:00,0.0000000000,40.0000000000,0.0000000000,28.0833300000
2023-03-30 21:45:00,0.0000000000,41.0000000000,0.0000000000,28.0000000000
2023-03-30 22:00:00,0.0000000000,40.0000000000,0.0000000000,28.0166700000
2023-03-30 22:15:00,0.0000000000,41.0000000000,0.0000000000,28.0000000000
2023-03-30 22:30:00,0.0000000000,40.0000000000,0.0000000000,27.7833300000
2023-03-30 22:45:00,0.0000000000,39.0000000000,0.0000000000,27.8833300000
2023-03-30 23:00:00,0.0000000000,40.0000000000,0.0000000000,27.8833300000
2023-03-30 23:15:00,0.0000000000,39.0000000000,0.0000000000,27.8000000000
2023-03-30 23:30:00,0.0000000000,40.0000000000,0.0000000000,27.7500000000
2023-03-30 23:45:00,0.0000000000,40.0000000000,0.0000000000,27.6333300000
2023-03-31 00:00:00,0.0000000000,40.0000000000,0.0000000000,27.9833300000
2023-03-31 00:15:00,0.0000000000,40.0000000000,0.0000000000,28.2833300000
2023-03-31 00:30:00,0.0000000000,40.0000000000,0.0000000000,28.0000000000
2023-03-31 00:45:00,0.0000000000,40.0000000000,0.0000000000,27.6166700000
2023-03-31 01:00:00,0.0000000000,39.0000000000,0.0000000000,27.5166700000
2023-03-31 01:15:00,0.0000000000,40.0000000000,0.0000000000,27.4000000000
2023-03-31 01:30:00,0.0000000000,39.0000000000,0.0000000000,27.2833300000
2023-03-31 01:45:00,0.0000000000,39.0000000000,0.0000000000,27.1833300000
2023-03-31 02:00:00,0.0000000000,40.0000000000,0.0000000000,27.0500000000
2023-03-31 02:15:00,0.0000000000,40.0000000000,0.0000000000,26.9166700000
2023-03-31 02:30:00,0.0000000000,39.0000000000,0.0000000000,26.7666700000
2023-03-31 02:45:00,0.0000000000,39.0000000000,0.0000000000,26.6500000000
2023-03-31 03:00:00,0.0000000000,39.0000000000,0.0000000000,26.5500000000
2023-03-31 03:15:00,0.0000000000,39.0000000000,0.0000000000,26.4000000000
2023-03-31 03:30:00,0.0000000000,39.0000000000,0.0000000000,26.3000000000
2023-03-31 03:45:00,0.0000000000,39.0000000000,0.0000000000,26.3000000000
2023-03-31 04:00:00,0.0000000000,39.0000000000,0.0000000000,26.2333300000
2023-03-31 04:15:00,0.0000000000,39.0000000000,0.0000000000,26.1333300000
2023-03-31 04:30:00,0.0000000000,38.0000000000,0.0000000000,25.7333300000
2023-03-31 04:45:00,0.0000000000,39.0000000000,0.0000000000,25.2833300000
2023-03-31 05:00:00,0.0000000000,39.0000000000,0.0000000000,25.4000000000
2023-03-31 05:15:00,0.0000000000,39.0000000000,0.0000000000,25.6666700000
2023-03-31 05:30:00,0.0000000000,39.0000000000,0.0000000000,25.8500000000
2023-03-31 05:45:00,0.0000000000,39.0000000000,0.0000000000,25.7500000000
2023-03-31 06:00:00,1.2000000000,39.0000000000,0.7727147000,25.4500000000
2023-03-31 06:15:00,12.8000000000,39.0000000000,12.9429700000,25.3000000000
2023-03-31 06:30:00,32.0000000000,38.0000000000,39.2152700000,25.4833300000
2023-03-31 06:45:00,60.8000000000,38.0000000000,79.7828000000,26.3333300000
2023-03-31 07:00:00,98.0000000000,39.0000000000,132.0376000000,27.8000000000
2023-03-31 07:15:00,144.8000000000,39.0000000000,189.8947000000,29.4166700000
2023-03-31 07:30:00,194.0000000000,39.0000000000,248.6209000000,31.2166700000
2023-03-31 07:45:00,243.2000000000,40.0000000000,307.9268000000,33.1000000000
2023-03-31 08:00:00,293.2000000000,42.0000000000,374.2837000000,35.1666700000
2023-03-31 08:15:00,344.0000000000,44.0000000000,431.6577000000,37.5666700000
2023-03-31 08:30:00,402.0000000000,46.0000000000,505.2588000000,39.7166700000
2023-03-31 08:45:00,378.0000000000,47.0000000000,530.5652000000,41.8000000000
2023-03-31 09:00:00,304.0000000000,48.0000000000,427.6976000000,41.5833300000
2023-03-31 09:15:00,264.0000000000,48.0000000000,322.0288000000,38.6333400000
2023-03-31 09:30:00,356.0000000000,48.0000000000,486.2307000000,39.2666700000
2023-03-31 09:45:00,472.0000000000,48.0000000000,577.7008000000,42.5833300000
2023-03-31 10:00:00,400.0000000000,47.0000000000,552.6841000000,43.4666700000
2023-03-31 10:15:00,520.0000000000,47.0000000000,586.0074000000,43.9000000000
2023-03-31 10:30:00,668.0000000000,48.0000000000,910.4510000000,47.4000000000
2023-03-31 10:45:00,620.0000000000,47.0000000000,877.9005000000,51.6500000000
2023-03-31 11:00:00,612.0000000000,48.0000000000,834.3386000000,51.3166700000
2023-03-31 11:15:00,552.0000000000,49.0000000000,766.8227000000,51.3000000000
2023-03-31 11:30:00,660.0000000000,48.0000000000,877.0310000000,51.5500000000
2023-03-31 11:45:00,764.0000000000,48.0000000000,970.9160000000,52.8166700000
2023-03-31 12:00:00,724.0000000000,49.0000000000,1010.1310000000,55.9500000000
2023-03-31 12:15:00,628.0000000000,49.0000000000,909.5820000000,55.7000000000
2023-03-31 12:30:00,636.0000000000,49.0000000000,880.9913000000,55.7500000000
2023-03-31 12:45:00,592.0000000000,48.0000000000,726.7382000000,51.8666600000
2023-03-31 13:00:00,484.0000000000,49.0000000000,699.6931000000,52.4833300000
2023-03-31 13:15:00,624.0000000000,48.0000000000,866.0200000000,52.0666700000
2023-03-31 13:30:00,688.0000000000,48.0000000000,920.3032000000,54.5166700000
2023-03-31 13:45:00,580.0000000000,48.0000000000,815.2139000000,56.2833300000
2023-03-31 14:00:00,612.0000000000,48.0000000000,844.8669000000,55.7666700000
2023-03-31 14:15:00,596.0000000000,48.0000000000,814.9242000000,54.9333300000
2023-03-31 14:30:00,568.0000000000,48.0000000000,778.7032000000,55.7333300000
2023-03-31 14:45:00,524.0000000000,48.0000000000,702.9772000000,53.6333400000
2023-03-31 15:00:00,428.0000000000,47.0000000000,601.6550000000,51.1666700000
2023-03-31 15:15:00,464.0000000000,48.0000000000,589.9677000000,48.9166700000
2023-03-31 15:30:00,388.0000000000,47.0000000000,535.4913000000,48.7500000000
2023-03-31 15:45:00,368.0000000000,47.0000000000,483.0433000000,45.8333300000
2023-03-31 16:00:00,312.0000000000,47.0000000000,424.4135000000,43.9000000000
2023-03-31 16:15:00,288.0000000000,46.0000000000,375.3462000000,41.9500000000
2023-03-31 16:30:00,244.0000000000,46.0000000000,326.3754000000,41.5666700000
2023-03-31 16:45:00,200.0000000000,46.0000000000,272.3819000000,40.9833300000
2023-03-31 17:00:00,176.0000000000,46.0000000000,239.3483000000,39.8166700000
2023-03-31 17:15:00,160.0000000000,46.0000000000,215.0078000000,38.0333300000
2023-03-31 17:30:00,116.0000000000,46.0000000000,165.2644000000,36.4833300000
2023-03-31 17:45:00,68.0000000000,45.0000000000,103.2540000000,34.7666700000
2023-03-31 18:00:00,36.0000000000,45.0000000000,53.0275400000,32.9000000000
2023-03-31 18:15:00,12.0000000000,45.0000000000,20.7667100000,31.5166700000
2023-03-31 18:30:00,0.0000000000,43.0000000000,4.2499310000,30.4666700000
2023-03-31 18:45:00,0.0000000000,43.0000000000,0.0000000000,29.8500000000
2023-03-31 19:00:00,0.0000000000,43.0000000000,0.0000000000,29.4500000000
2023-03-31 19:15:00,0.0000000000,41.0000000000,0.0000000000,29.2000000000
2023-03-31 19:30:00,0.0000000000,42.0000000000,0.0000000000,28.9666700000
2023-03-31 19:45:00,0.0000000000,42.0000000000,0.0000000000,28.8000000000
2023-03-31 20:00:00,0.0000000000,42.0000000000,0.0000000000,28.7000000000
2023-03-31 20:15:00,0.0000000000,41.0000000000,0.0000000000,28.7000000000
2023-03-31 20:30:00,0.0000000000,41.0000000000,0.0000000000,28.6166700000
2023-03-31 20:45:00,0.0000000000,41.0000000000,0.0000000000,28.5166700000
2023-03-31 21:00:00,0.0000000000,41.0000000000,0.0000000000,28.5000000000
2023-03-31 21:15:00,0.0000000000,41.0000000000,0.0000000000,28.4833300000
2023-03-31 21:30:00,0.0000000000,42.0000000000,0.0000000000,28.4000000000
2023-03-31 21:45:00,0.0000000000,40.0000000000,0.0000000000,28.3500000000
2023-03-31 22:00:00,0.0000000000,40.0000000000,0.0000000000,28.2500000000
2023-03-31 22:15:00,0.0000000000,40.0000000000,0.0000000000,28.1166700000
2023-03-31 22:30:00,0.0000000000,41.0000000000,0.0000000000,27.9666700000
2023-03-31 22:45:00,0.0000000000,40.0000000000,0.0000000000,27.9833300000
2023-03-31 23:00:00,0.0000000000,40.0000000000,0.0000000000,27.8666700000
2023-03-31 23:15:00,0.0000000000,40.0000000000,0.0000000000,27.8333300000
2023-03-31 23:30:00,0.0000000000,40.0000000000,0.0000000000,28.1833300000
2023-03-31 23:45:00,0.0000000000,40.0000000000,0.0000000000,28.2333300000
2023-04-01 00:00:00,0.0000000000,40.0000000000,0.0000000000,27.8666700000
2023-04-01 00:15:00,0.0000000000,40.0000000000,0.0000000000,27.6166700000
2023-04-01 00:30:00,0.0000000000,40.0000000000,0.0000000000,27.8166700000
2023-04-01 00:45:00,0.0000000000,40.0000000000,0.0000000000,28.1000000000
2023-04-01 01:00:00,0.0000000000,40.0000000000,0.0000000000,28.0833300000
2023-04-01 01:15:00,0.0000000000,40.0000000000,0.0000000000,27.9166700000
2023-04-01 01:30:00,0.0000000000,40.0000000000,0.0000000000,28.0166700000
2023-04-01 01:45:00,0.0000000000,40.0000000000,0.0000000000,27.7666700000
2023-04-01 02:00:00,0.0000000000,39.0000000000,0.0000000000,27.3833300000
2023-04-01 02:15:00,0.0000000000,40.0000000000,0.0000000000,27.2333300000
2023-04-01 02:30:00,0.0000000000,39.0000000000,0.0000000000,27.1000000000
2023-04-01 02:45:00,0.0000000000,40.0000000000,0.0000000000,27.1000000000
2023-04-01 03:00:00,0.0000000000,40.0000000000,0.0000000000,26.9500000000
2023-04-01 03:15:00,0.0000000000,40.0000000000,0.0000000000,26.8000000000
2023-04-01 03:30:00,0.0000000000,40.0000000000,0.0000000000,26.7500000000
2023-04-01 03:45:00,0.0000000000,39.0000000000,0.0000000000,26.6500000000
2023-04-01 04:00:00,0.0000000000,39.0000000000,0.0000000000,26.5500000000
2023-04-01 04:15:00,0.0000000000,40.0000000000,0.0000000000,26.2166700000
2023-04-01 04:30:00,0.0000000000,39.0000000000,0.0000000000,25.3666700000
2023-04-01 04:45:00,0.0000000000,39.0000000000,0.0000000000,24.8166700000
2023-04-01 05:00:00,0.0000000000,39.0000000000,0.0000000000,24.6166700000
2023-04-01 05:15:00,0.0000000000,38.0000000000,0.0000000000,24.6000000000
2023-04-01 05:30:00,0.0000000000,38.0000000000,0.0000000000,24.6166700000
2023-04-01 05:45:00,0.0000000000,38.0000000000,0.0000000000,25.0166700000
2023-04-01 06:00:00,0.0000000000,38.0000000000,3.0908590000,25.2166700000
2023-04-01 06:15:00,20.0000000000,38.0000000000,20.5735300000,25.3666700000
2023-04-01 06:30:00,48.0000000000,38.0000000000,55.4422800000,26.0000000000
2023-04-01 06:45:00,60.0000000000,38.0000000000,73.6976600000,27.0166700000
2023-04-01 07:00:00,96.0000000000,39.0000000000,112.6232000000,27.9000000000
2023-04-01 07:15:00,156.0000000000,39.0000000000,193.2753000000,29.5500000000
2023-04-01 07:30:00,216.0000000000,40.0000000000,266.7798000000,31.5166700000
2023-04-01 07:45:00,272.0000000000,40.0000000000,339.6081000000,33.5833300000
2023-04-01 08:00:00,312.0000000000,42.0000000000,400.0730000000,36.2166700000
2023-04-01 08:15:00,344.0000000000,44.0000000000,437.8394000000,38.1166600000
2023-04-01 08:30:00,392.0000000000,46.0000000000,493.0886000000,39.7166700000
2023-04-01 08:45:00,436.0000000000,47.0000000000,558.8658000000,41.7166700000
2023-04-01 09:00:00,488.0000000000,49.0000000000,628.2170000000,43.1500000000
2023-04-01 09:15:00,536.0000000000,49.0000000000,693.5114000000,44.1833300000
2023-04-01 09:30:00,456.0000000000,49.0000000000,637.9725000000,45.6000000000
2023-04-01 09:45:00,412.0000000000,49.0000000000,584.0757000000,45.5666700000
2023-04-01 10:00:00,492.0000000000,49.0000000000,666.4664000000,45.2166700000
2023-04-01 10:15:00,556.0000000000,49.0000000000,694.0909000000,46.0833300000
2023-04-01 10:30:00,620.0000000000,49.0000000000,861.2871000000,48.1833300000
2023-04-01 10:45:00,436.0000000000,48.0000000000,679.2162000000,49.3500000000
2023-04-01 11:00:00,500.0000000000,48.0000000000,649.4667000000,46.8333300000
2023-04-01 11:15:00,500.0000000000,48.0000000000,646.3759000000,45.5333300000
2023-04-01 11:30:00,636.0000000000,48.0000000000,778.2203000000,46.8666600000
2023-04-01 11:45:00,552.0000000000,48.0000000000,777.9305000000,49.3333300000
2023-04-01 12:00:00,584.0000000000,48.0000000000,755.2320000000,47.8000000000
2023-04-01 12:15:00,452.0000000000,49.0000000000,650.8190000000,49.3666600000
2023-04-01 12:30:00,732.0000000000,47.0000000000,924.9396000000,49.0166700000
2023-04-01 12:45:00,656.0000000000,47.0000000000,844.4805000000,52.9500000000
2023-04-01 13:00:00,648.0000000000,48.0000000000,885.2413000000,51.9833300000
2023-04-01 13:15:00,692.0000000000,48.0000000000,957.2002000000,53.3000000000
2023-04-01 13:30:00,688.0000000000,48.0000000000,943.2914000000,54.1166600000
2023-04-01 13:45:00,620.0000000000,47.0000000000,861.5768000000,54.4500000000
2023-04-01 14:00:00,632.0000000000,48.0000000000,860.4178000000,52.5833300000
2023-04-01 14:15:00,612.0000000000,48.0000000000,836.6568000000,52.7666700000
2023-04-01 14:30:00,584.0000000000,49.0000000000,791.1632000000,51.7000000000
2023-04-01 14:45:00,552.0000000000,47.0000000000,745.7662000000,50.9500000000
2023-04-01 15:00:00,516.0000000000,47.0000000000,687.1365000000,49.3333300000
2023-04-01 15:15:00,480.0000000000,48.0000000000,639.0350000000,47.7666700000
2023-04-01 15:30:00,444.0000000000,46.0000000000,582.9166000000,47.5500000000
2023-04-01 15:45:00,396.0000000000,47.0000000000,528.6334000000,46.6666700000
2023-04-01 16:00:00,356.0000000000,47.0000000000,470.5832000000,44.2666700000
2023-04-01 16:15:00,312.0000000000,47.0000000000,416.3966000000,42.6333400000
2023-04-01 16:30:00,276.0000000000,46.0000000000,365.8804000000,41.4500000000
2023-04-01 16:45:00,252.0000000000,46.0000000000,338.1593000000,40.1833300000
2023-04-01 17:00:00,212.0000000000,45.0000000000,289.3817000000,39.0666700000
2023-04-01 17:15:00,164.0000000000,45.0000000000,232.1042000000,38.2166700000
2023-04-01 17:30:00,116.0000000000,46.0000000000,169.1279000000,36.3333300000
2023-04-01 17:45:00,68.0000000000,45.0000000000,103.2540000000,34.8166700000
2023-04-01 18:00:00,20.0000000000,45.0000000000,36.8971300000,32.9666700000
2023-04-01 18:15:00,4.0000000000,44.0000000000,7.2442010000,31.5166700000
2023-04-01 18:30:00,0.0000000000,44.0000000000,0.0000000000,30.6333300000
2023-04-01 18:45:00,0.0000000000,43.0000000000,0.0000000000,30.2500000000
2023-04-01 19:00:00,0.0000000000,43.0000000000,0.0000000000,29.8666700000
2023-04-01 19:15:00,0.0000000000,43.0000000000,0.0000000000,29.6000000000
2023-04-01 19:30:00,0.0000000000,42.0000000000,0.0000000000,29.3166700000
2023-04-01 19:45:00,0.0000000000,42.0000000000,0.0000000000,29.1166700000
2023-04-01 20:00:00,0.0000000000,42.0000000000,0.0000000000,28.9666700000
2023-04-01 20:15:00,0.0000000000,42.0000000000,0.0000000000,28.9500000000
2023-04-01 20:30:00,0.0000000000,42.0000000000,0.0000000000,29.0000000000
2023-04-01 20:45:00,0.0000000000,42.0000000000,0.0000000000,29.0000000000
2023-04-01 21:00:00,0.0000000000,41.0000000000,0.0000000000,28.9833300000
2023-04-01 21:15:00,0.0000000000,42.0000000000,0.0000000000,28.8333300000
2023-04-01 21:30:00,0.0000000000,42.0000000000,0.0000000000,28.5500000000
2023-04-01 21:45:00,0.0000000000,40.0000000000,0.0000000000,28.3166700000
2023-04-01 22:00:00,0.0000000000,40.0000000000,0.0000000000,28.2333300000
2023-04-01 22:15:00,0.0000000000,41.0000000000,0.0000000000,28.0333300000
2023-04-01 22:30:00,0.0000000000,41.0000000000,0.0000000000,27.8000000000
2023-04-01 22:45:00,0.0000000000,40.0000000000,0.0000000000,27.7666700000
2023-04-01 23:00:00,0.0000000000,40.0000000000,0.0000000000,27.7166700000
2023-04-01 23:15:00,0.0000000000,39.0000000000,0.0000000000,27.7500000000
2023-04-01 23:30:00,0.0000000000,40.0000000000,0.0000000000,27.7166700000
2023-04-01 23:45:00,0.0000000000,40.0000000000,0.0000000000,27.6666700000
2023-04-02 00:00:00,0.0000000000,40.0000000000,0.0000000000,27.6833300000
2023-04-02 00:15:00,0.0000000000,40.0000000000,0.0000000000,27.7000000000
2023-04-02 00:30:00,0.0000000000,39.0000000000,0.0000000000,27.7000000000
2023-04-02 00:45:00,0.0000000000,40.0000000000,0.0000000000,27.7000000000
2023-04-02 01:00:00,0.0000000000,40.0000000000,0.0000000000,27.5500000000
2023-04-02 01:15:00,0.0000000000,40.0000000000,0.0000000000,27.3166700000
2023-04-02 01:30:00,0.0000000000,40.0000000000,0.0000000000,27.3166700000
2023-04-02 01:45:00,0.0000000000,40.0000000000,0.0000000000,27.3000000000
2023-04-02 02:00:00,0.0000000000,40.0000000000,0.0000000000,27.2166700000
2023-04-02 02:15:00,0.0000000000,39.0000000000,0.0000000000,27.1666700000
2023-04-02 02:30:00,0.0000000000,39.0000000000,0.0000000000,27.1000000000
2023-04-02 02:45:00,0.0000000000,39.0000000000,0.0000000000,27.0000000000
2023-04-02 03:00:00,0.0000000000,39.0000000000,0.0000000000,26.8500000000
2023-04-02 03:15:00,0.0000000000,39.0000000000,0.0000000000,26.8833300000
2023-04-02 03:30:00,0.0000000000,39.0000000000,0.0000000000,26.9000000000
2023-04-02 03:45:00,0.0000000000,39.0000000000,0.0000000000,26.8333300000
2023-04-02 04:00:00,0.0000000000,39.0000000000,0.0000000000,26.8166700000
2023-04-02 04:15:00,0.0000000000,39.0000000000,0.0000000000,26.8000000000
2023-04-02 04:30:00,0.0000000000,39.0000000000,0.0000000000,26.6666700000
2023-04-02 04:45:00,0.0000000000,39.0000000000,0.0000000000,26.5500000000
2023-04-02 05:00:00,0.0000000000,39.0000000000,0.0000000000,26.4333300000
2023-04-02 05:15:00,0.0000000000,39.0000000000,0.0000000000,26.5166700000
2023-04-02 05:30:00,0.0000000000,39.0000000000,0.0000000000,26.5833300000
2023-04-02 05:45:00,0.0000000000,39.0000000000,0.0000000000,26.4166700000
2023-04-02 06:00:00,0.0000000000,39.0000000000,0.6761253000,26.4000000000
2023-04-02 06:15:00,12.0000000000,39.0000000000,10.0452900000,26.4000000000
2023-04-02 06:30:00,20.0000000000,39.0000000000,23.9541500000,26.6833300000
2023-04-02 06:45:00,24.0000000000,39.0000000000,31.8744800000,27.7666700000
2023-04-02 07:00:00,56.0000000000,39.0000000000,61.8171700000,28.8666700000
2023-04-02 07:15:00,136.0000000000,40.0000000000,146.8158000000,30.6000000000
2023-04-02 07:30:00,216.0000000000,41.0000000000,265.4275000000,34.1500000000
2023-04-02 07:45:00,244.0000000000,42.0000000000,314.2051000000,37.0833300000
2023-04-02 08:00:00,288.0000000000,43.0000000000,376.5052000000,38.4166700000
2023-04-02 08:15:00,276.0000000000,45.0000000000,354.7726000000,39.7166700000
2023-04-02 08:30:00,240.0000000000,45.0000000000,310.8245000000,39.0166700000
2023-04-02 08:45:00,304.0000000000,45.0000000000,363.3691000000,38.2666700000
2023-04-02 09:00:00,396.0000000000,45.0000000000,515.4973000000,40.3666600000
2023-04-02 09:15:00,312.0000000000,47.0000000000,434.5554000000,42.6833300000
2023-04-02 09:30:00,252.0000000000,47.0000000000,319.9039000000,40.8500000000
2023-04-02 09:45:00,424.0000000000,46.0000000000,583.5928000000,43.4500000000
2023-04-02 10:00:00,328.0000000000,46.0000000000,442.2826000000,45.0333300000
2023-04-02 10:15:00,560.0000000000,46.0000000000,642.9952000000,45.6333400000
2023-04-02 10:30:00,528.0000000000,47.0000000000,738.5221000000,51.2500000000
2023-04-02 10:45:00,444.0000000000,47.0000000000,671.5856000000,51.5500000000
2023-04-02 11:00:00,288.0000000000,47.0000000000,293.4384000000,43.2000000000
2023-04-02 11:15:00,752.0000000000,47.0000000000,934.9846000000,46.9666700000
2023-04-02 11:30:00,480.0000000000,47.0000000000,808.4526000000,55.8666600000
2023-04-02 11:45:00,160.0000000000,47.0000000000,333.8127000000,50.7833300000
2023-04-02 12:00:00,56.0000000000,46.0000000000,66.2602800000,38.5166700000
2023-04-02 12:15:00,76.0000000000,45.0000000000,94.3677700000,28.3000000000
2023-04-02 12:30:00,72.0000000000,44.0000000000,81.3282200000,27.9166700000
2023-04-02 12:45:00,60.0000000000,43.0000000000,69.2545500000,28.9166700000
2023-04-02 13:00:00,84.0000000000,42.0000000000,92.4360000000,27.7833300000
2023-04-02 13:15:00,72.0000000000,41.0000000000,84.9020300000,27.3166700000
2023-04-02 13:30:00,28.0000000000,42.0000000000,80.9418600000,26.3000000000
2023-04-02 13:45:00,0.0000000000,41.0000000000,93.4018900000,24.1500000000
2023-04-02 14:00:00,0.0000000000,40.0000000000,110.9812000000,24.0833300000
2023-04-02 14:15:00,0.0000000000,40.0000000000,185.4515000000,26.3666700000
2023-04-02 14:30:00,0.0000000000,40.0000000000,574.9963000000,32.9666700000
2023-04-02 14:45:00,0.0000000000,40.0000000000,775.0328000000,48.7166700000
2023-04-02 15:00:00,0.0000000000,41.0000000000,706.5510000000,55.4833300000
2023-04-02 15:15:00,0.0000000000,42.0000000000,639.4214000000,56.8833400000
2023-04-02 15:30:00,0.0000000000,43.0000000000,606.6776000000,54.5333300000
2023-04-02 15:45:00,0.0000000000,44.0000000000,554.8091000000,50.9500000000
2023-04-02 16:00:00,0.0000000000,43.0000000000,472.8048000000,48.1666700000
2023-04-02 16:15:00,0.0000000000,44.0000000000,406.7377000000,45.0500000000
2023-04-02 16:30:00,0.0000000000,44.0000000000,345.0171000000,43.6500000000
2023-04-02 16:45:00,0.0000000000,44.0000000000,285.2283000000,41.8833400000
2023-04-02 17:00:00,0.0000000000,44.0000000000,227.3713000000,39.3500000000
2023-04-02 17:15:00,0.0000000000,43.0000000000,161.4973000000,37.1333400000
2023-04-02 17:30:00,0.0000000000,43.0000000000,76.3055800000,34.7500000000
2023-04-02 17:45:00,0.0000000000,43.0000000000,22.3121400000,32.3500000000
2023-04-02 18:00:00,0.0000000000,43.0000000000,9.5623430000,31.0500000000
2023-04-02 18:15:00,0.0000000000,42.0000000000,1.3522510000,30.2833300000
2023-04-02 18:30:00,0.0000000000,42.0000000000,0.0000000000,29.6166700000
2023-04-02 18:45:00,0.0000000000,42.0000000000,0.0000000000,29.2333300000
2023-04-02 19:00:00,0.0000000000,41.0000000000,0.0000000000,28.9000000000
2023-04-02 19:15:00,0.0000000000,42.0000000000,0.0000000000,28.6833300000
2023-04-02 19:30:00,0.0000000000,41.0000000000,0.0000000000,28.5833300000
2023-04-02 19:45:00,0.0000000000,41.0000000000,0.0000000000,28.4333300000
2023-04-02 20:00:00,0.0000000000,41.0000000000,0.0000000000,28.2166700000
2023-04-02 20:15:00,0.0000000000,41.0000000000,0.0000000000,28.1500000000
2023-04-02 20:30:00,0.0000000000,40.0000000000,0.0000000000,28.0333300000
2023-04-02 20:45:00,0.0000000000,40.0000000000,0.0000000000,27.8166700000
2023-04-02 21:00:00,0.0000000000,41.0000000000,0.0000000000,27.8666700000
2023-04-02 21:15:00,0.0000000000,40.0000000000,0.0000000000,27.6833300000
2023-04-02 21:30:00,0.0000000000,40.0000000000,0.0000000000,27.6000000000
2023-04-02 21:45:00,0.0000000000,40.0000000000,0.0000000000,27.5000000000
2023-04-02 22:00:00,0.0000000000,40.0000000000,0.0000000000,27.5333300000
2023-04-02 22:15:00,0.0000000000,40.0000000000,0.0000000000,27.6000000000
2023-04-02 22:30:00,0.0000000000,40.0000000000,0.0000000000,27.7833300000
2023-04-02 22:45:00,0.0000000000,40.0000000000,0.0000000000,27.6333300000
2023-04-02 23:00:00,0.0000000000,39.0000000000,0.0000000000,27.7000000000
2023-04-02 23:15:00,0.0000000000,39.0000000000,0.0000000000,27.7333300000
2023-04-02 23:30:00,0.0000000000,39.0000000000,0.0000000000,27.5333300000
2023-04-02 23:45:00,0.0000000000,40.0000000000,0.0000000000,27.4000000000
2023-04-03 00:00:00,0.0000000000,40.0000000000,0.0000000000,27.4500000000
2023-04-03 00:15:00,0.0000000000,40.0000000000,0.0000000000,27.4833300000
2023-04-03 00:30:00,0.0000000000,39.0000000000,0.0000000000,27.4000000000
2023-04-03 00:45:00,0.0000000000,39.0000000000,0.0000000000,27.4000000000
2023-04-03 01:00:00,0.0000000000,39.0000000000,0.0000000000,27.5833300000
2023-04-03 01:15:00,0.0000000000,39.0000000000,0.0000000000,27.8666700000
2023-04-03 01:30:00,0.0000000000,39.0000000000,0.0000000000,27.9500000000
2023-04-03 01:45:00,0.0000000000,40.0000000000,0.0000000000,27.7500000000
2023-04-03 02:00:00,0.0000000000,40.0000000000,0.0000000000,27.3666700000
2023-04-03 02:15:00,0.0000000000,39.0000000000,0.0000000000,27.2166700000
2023-04-03 02:30:00,0.0000000000,40.0000000000,0.0000000000,27.1833300000
2023-04-03 02:45:00,0.0000000000,39.0000000000,0.0000000000,27.0833300000
2023-04-03 03:00:00,0.0000000000,39.0000000000,0.0000000000,26.9500000000
2023-04-03 03:15:00,0.0000000000,39.0000000000,0.0000000000,26.8166700000
2023-04-03 03:30:00,0.0000000000,39.0000000000,0.0000000000,26.8000000000
2023-04-03 03:45:00,0.0000000000,39.0000000000,0.0000000000,26.8000000000
2023-04-03 04:00:00,0.0000000000,39.0000000000,0.0000000000,26.8000000000
2023-04-03 04:15:00,0.0000000000,39.0000000000,0.0000000000,27.0166700000
2023-04-03 04:30:00,0.0000000000,40.0000000000,0.0000000000,27.1666700000
2023-04-03 04:45:00,0.0000000000,38.0000000000,0.0000000000,27.2500000000
2023-04-03 05:00:00,0.0000000000,40.0000000000,0.0000000000,26.8166700000
2023-04-03 05:15:00,0.0000000000,39.0000000000,0.0000000000,26.5000000000
2023-04-03 05:30:00,0.0000000000,39.0000000000,0.0000000000,25.9833300000
2023-04-03 05:45:00,0.0000000000,39.0000000000,0.0000000000,25.3666700000
2023-04-03 06:00:00,2.0000000000,38.0000000000,1.3522510000,25.1166700000
2023-04-03 06:15:00,14.0000000000,38.0000000000,14.1986300000,25.2833300000
2023-04-03 06:30:00,32.0000000000,38.0000000000,37.8630200000,25.9166700000
2023-04-03 06:45:00,55.2000000000,39.0000000000,69.6409100000,26.8666700000
2023-04-03 07:00:00,86.4000000000,39.0000000000,107.0210000000,28.1666700000
2023-04-03 07:15:00,126.8000000000,39.0000000000,156.3781000000,29.8666700000
2023-04-03 07:30:00,178.8000000000,39.0000000000,218.3884000000,32.2333300000
2023-04-03 07:45:00,224.0000000000,41.0000000000,289.5748000000,34.9833300000
2023-04-03 08:00:00,166.8000000000,42.0000000000,224.0873000000,35.3666600000
2023-04-03 08:15:00,129.2000000000,43.0000000000,159.7588000000,34.2333300000
2023-04-03 08:30:00,350.0000000000,42.0000000000,361.1476000000,35.4000000000
2023-04-03 08:45:00,458.0000000000,44.0000000000,561.1840000000,40.7666700000
2023-04-03 09:00:00,312.0000000000,46.0000000000,426.1521000000,42.9833300000
2023-04-03 09:15:00,432.0000000000,47.0000000000,541.0934000000,43.0000000000
2023-04-03 09:30:00,516.0000000000,47.0000000000,659.0291000000,46.1000000000
2023-04-03 09:45:00,544.0000000000,48.0000000000,702.3010000000,49.5166700000
2023-04-03 10:00:00,592.0000000000,49.0000000000,771.1693000000,50.4833300000
2023-04-03 10:15:00,616.0000000000,49.0000000000,816.9526000000,52.2666700000
2023-04-03 10:30:00,632.0000000000,49.0000000000,847.4749000000,54.8166700000
2023-04-03 10:45:00,652.0000000000,48.0000000000,881.8606000000,56.9666700000
2023-04-03 11:00:00,668.0000000000,49.0000000000,905.1387000000,57.0833300000
2023-04-03 11:15:00,672.0000000000,49.0000000000,921.4623000000,57.7833300000
2023-04-03 11:30:00,688.0000000000,49.0000000000,944.9335000000,60.3500000000
2023-04-03 11:45:00,692.0000000000,49.0000000000,963.5752000000,61.1500000000
2023-04-03 12:00:00,696.0000000000,49.0000000000,968.6945000000,61.7333300000
2023-04-03 12:15:00,684.0000000000,49.0000000000,967.0524000000,63.2000000000
2023-04-03 12:30:00,684.0000000000,49.0000000000,961.6434000000,64.3500000000
2023-04-03 12:45:00,680.0000000000,49.0000000000,961.1605000000,62.8833400000
2023-04-03 13:00:00,660.0000000000,50.0000000000,934.9848000000,64.2500000000
2023-04-03 13:15:00,648.0000000000,48.0000000000,909.8715000000,64.7333300000
2023-04-03 13:30:00,632.0000000000,48.0000000000,890.4571000000,63.9666700000
2023-04-03 13:45:00,616.0000000000,49.0000000000,859.7416000000,62.4833300000
2023-04-03 14:00:00,600.0000000000,48.0000000000,832.4069000000,60.5666700000
2023-04-03 14:15:00,584.0000000000,48.0000000000,801.3051000000,59.7000000000
2023-04-03 14:30:00,552.0000000000,48.0000000000,749.6298000000,53.9166700000
2023-04-03 14:45:00,524.0000000000,48.0000000000,693.7046000000,51.0500000000
2023-04-03 15:00:00,488.0000000000,48.0000000000,646.0861000000,50.3500000000
2023-04-03 15:15:00,432.0000000000,49.0000000000,575.0929000000,49.4500000000
2023-04-03 15:30:00,392.0000000000,47.0000000000,513.8553000000,47.2166700000
2023-04-03 15:45:00,368.0000000000,47.0000000000,474.5434000000,46.9000000000
2023-04-03 16:00:00,316.0000000000,47.0000000000,420.3568000000,45.4500000000
2023-04-03 16:15:00,276.0000000000,48.0000000000,359.6987000000,43.0500000000
2023-04-03 16:30:00,236.0000000000,47.0000000000,311.2108000000,41.3166700000
2023-04-03 16:45:00,192.0000000000,46.0000000000,258.0867000000,40.1833300000
2023-04-03 17:00:00,140.0000000000,45.0000000000,201.5820000000,38.7500000000
2023-04-03 17:15:00,100.0000000000,46.0000000000,146.2362000000,37.2000000000
2023-04-03 17:30:00,68.0000000000,46.0000000000,100.2597000000,35.7666700000
2023-04-03 17:45:00,32.0000000000,45.0000000000,56.5047600000,34.4000000000
2023-04-03 18:00:00,16.0000000000,45.0000000000,24.3405100000,33.2666700000
2023-04-03 18:15:00,0.0000000000,45.0000000000,4.0567520000,32.3500000000
2023-04-03 18:30:00,0.0000000000,44.0000000000,0.0000000000,31.5500000000
2023-04-03 18:45:00,0.0000000000,44.0000000000,0.0000000000,30.8333300000
2023-04-03 19:00:00,0.0000000000,43.0000000000,0.0000000000,30.3666700000
2023-04-03 19:15:00,0.0000000000,44.0000000000,0.0000000000,29.9166700000
2023-04-03 19:30:00,0.0000000000,43.0000000000,0.0000000000,29.4833300000
2023-04-03 19:45:00,0.0000000000,41.0000000000,0.0000000000,28.9833300000
2023-04-03 20:00:00,0.0000000000,43.0000000000,0.0000000000,28.5166700000
2023-04-03 20:15:00,0.0000000000,42.0000000000,0.0000000000,28.4000000000
2023-04-03 20:30:00,0.0000000000,42.0000000000,0.0000000000,28.5166700000
2023-04-03 20:45:00,0.0000000000,42.0000000000,0.0000000000,28.6833300000
2023-04-03 21:00:00,0.0000000000,42.0000000000,0.0000000000,28.5833300000
2023-04-03 21:15:00,0.0000000000,42.0000000000,0.0000000000,28.7833300000
2023-04-03 21:30:00,0.0000000000,41.0000000000,0.0000000000,28.8833300000
2023-04-03 21:45:00,0.0000000000,41.0000000000,0.0000000000,28.8166700000
2023-04-03 22:00:00,0.0000000000,42.0000000000,0.0000000000,28.5833300000
2023-04-03 22:15:00,0.0000000000,41.0000000000,0.0000000000,28.7666700000
2023-04-03 22:30:00,0.0000000000,41.0000000000,0.0000000000,28.6166700000
2023-04-03 22:45:00,0.0000000000,41.0000000000,0.0000000000,28.5333300000
2023-04-03 23:00:00,0.0000000000,41.0000000000,0.0000000000,28.2500000000
2023-04-03 23:15:00,0.0000000000,40.0000000000,0.0000000000,27.8666700000
2023-04-03 23:30:00,0.0000000000,40.0000000000,0.0000000000,27.8333300000
2023-04-03 23:45:00,0.0000000000,40.0000000000,0.0000000000,27.8000000000
2023-04-04 00:00:00,0.0000000000,40.0000000000,0.0000000000,27.6166700000
2023-04-04 00:15:00,0.0000000000,41.0000000000,0.0000000000,27.3666700000
2023-04-04 00:30:00,0.0000000000,40.0000000000,0.0000000000,27.1166700000
2023-04-04 00:45:00,0.0000000000,40.0000000000,0.0000000000,27.1000000000
2023-04-04 01:00:00,0.0000000000,40.0000000000,0.0000000000,26.9666700000
2023-04-04 01:15:00,0.0000000000,40.0000000000,0.0000000000,26.8166700000
2023-04-04 01:30:00,0.0000000000,40.0000000000,0.0000000000,26.8000000000
2023-04-04 01:45:00,0.0000000000,39.0000000000,0.0000000000,26.7166700000
2023-04-04 02:00:00,0.0000000000,39.0000000000,0.0000000000,26.6000000000
2023-04-04 02:15:00,0.0000000000,40.0000000000,0.0000000000,26.4500000000
2023-04-04 02:30:00,0.0000000000,39.0000000000,0.0000000000,26.4000000000
2023-04-04 02:45:00,0.0000000000,39.0000000000,0.0000000000,26.2833300000
2023-04-04 03:00:00,0.0000000000,40.0000000000,0.0000000000,26.3833300000
2023-04-04 03:15:00,0.0000000000,39.0000000000,0.0000000000,26.4000000000
2023-04-04 03:30:00,0.0000000000,39.0000000000,0.0000000000,26.4666700000
2023-04-04 03:45:00,0.0000000000,39.0000000000,0.0000000000,26.5833300000
2023-04-04 04:00:00,0.0000000000,39.0000000000,0.0000000000,26.4166700000
2023-04-04 04:15:00,0.0000000000,39.0000000000,0.0000000000,26.4500000000
2023-04-04 04:30:00,0.0000000000,39.0000000000,0.0000000000,26.4500000000
2023-04-04 04:45:00,0.0000000000,39.0000000000,0.0000000000,26.2333300000
2023-04-04 05:00:00,0.0000000000,39.0000000000,0.0000000000,25.9000000000
2023-04-04 05:15:00,0.0000000000,39.0000000000,0.0000000000,25.6500000000
2023-04-04 05:30:00,0.0000000000,39.0000000000,0.0000000000,25.4666700000
2023-04-04 05:45:00,0.0000000000,40.0000000000,0.0000000000,25.6500000000
2023-04-04 06:00:00,1.2000000000,39.0000000000,0.8693040000,26.0666700000
2023-04-04 06:15:00,11.6000000000,38.0000000000,11.9770800000,26.3000000000
2023-04-04 06:30:00,30.0000000000,38.0000000000,35.0619200000,26.6000000000
2023-04-04 06:45:00,36.8000000000,39.0000000000,48.6810200000,27.0333300000
2023-04-04 07:00:00,61.2000000000,39.0000000000,72.4420000000,27.5833300000
2023-04-04 07:15:00,98.4000000000,39.0000000000,115.9072000000,28.8500000000
2023-04-04 07:30:00,169.6000000000,39.0000000000,198.6843000000,30.6166700000
2023-04-04 07:45:00,205.6000000000,40.0000000000,249.4902000000,32.5000000000
2023-04-04 08:00:00,280.0000000000,42.0000000000,339.2217000000,34.8166700000
2023-04-04 08:15:00,261.6000000000,44.0000000000,338.7388000000,37.0166700000
2023-04-04 08:30:00,280.0000000000,43.0000000000,326.4720000000,36.7333300000
2023-04-04 08:45:00,280.8000000000,44.0000000000,354.5794000000,38.3666600000
2023-04-04 09:00:00,328.0000000000,44.0000000000,386.5505000000,38.9166700000
2023-04-04 09:15:00,492.0000000000,45.0000000000,626.1887000000,42.6166600000
2023-04-04 09:30:00,460.0000000000,46.0000000000,605.4219000000,44.6833300000
2023-04-04 09:45:00,540.0000000000,47.0000000000,684.7218000000,46.1666700000
2023-04-04 10:00:00,616.0000000000,48.0000000000,806.1346000000,50.7833300000
2023-04-04 10:15:00,568.0000000000,48.0000000000,795.4131000000,53.6666700000
2023-04-04 10:30:00,648.0000000000,47.0000000000,859.7416000000,55.5666700000
2023-04-04 10:45:00,664.0000000000,49.0000000000,892.2922000000,58.5500000000
2023-04-04 11:00:00,608.0000000000,49.0000000000,811.9299000000,57.3500000000
2023-04-04 11:15:00,668.0000000000,49.0000000000,935.8541000000,58.4833300000
2023-04-04 11:30:00,612.0000000000,49.0000000000,826.8047000000,59.4666700000
2023-04-04 11:45:00,612.0000000000,48.0000000000,879.2527000000,60.0333300000
2023-04-04 12:00:00,620.0000000000,49.0000000000,819.5605000000,57.3833400000
2023-04-04 12:15:00,568.0000000000,48.0000000000,897.8945000000,58.0166700000
2023-04-04 12:30:00,696.0000000000,49.0000000000,926.7747000000,57.7333300000
2023-04-04 12:45:00,512.0000000000,49.0000000000,769.1409000000,61.7000000000
2023-04-04 13:00:00,576.0000000000,48.0000000000,690.1307000000,56.7333300000
2023-04-04 13:15:00,544.0000000000,48.0000000000,801.2086000000,56.6000000000
2023-04-04 13:30:00,560.0000000000,48.0000000000,790.4871000000,56.1666700000
2023-04-04 13:45:00,640.0000000000,48.0000000000,841.3897000000,60.3833400000
2023-04-04 14:00:00,624.0000000000,48.0000000000,866.0200000000,61.9000000000
2023-04-04 14:15:00,460.0000000000,49.0000000000,685.4945000000,59.6833300000
2023-04-04 14:30:00,400.0000000000,48.0000000000,503.2304000000,51.0833300000
2023-04-04 14:45:00,356.0000000000,48.0000000000,436.6804000000,46.7000000000
2023-04-04 15:00:00,496.0000000000,48.0000000000,646.9553000000,47.9500000000
2023-04-04 15:15:00,432.0000000000,48.0000000000,578.0872000000,51.0166700000
2023-04-04 15:30:00,416.0000000000,48.0000000000,536.2640000000,48.4666700000
2023-04-04 15:45:00,360.0000000000,48.0000000000,467.0094000000,46.7166700000
2023-04-04 16:00:00,312.0000000000,47.0000000000,417.3625000000,45.6666700000
2023-04-04 16:15:00,256.0000000000,47.0000000000,340.0910000000,43.6333400000
2023-04-04 16:30:00,224.0000000000,47.0000000000,290.0578000000,41.8000000000
2023-04-04 16:45:00,192.0000000000,47.0000000000,257.5071000000,40.7000000000
2023-04-04 17:00:00,132.0000000000,46.0000000000,193.4684000000,39.5166700000
2023-04-04 17:15:00,104.0000000000,46.0000000000,145.0772000000,37.8500000000
2023-04-04 17:30:00,60.0000000000,46.0000000000,95.4302600000,36.3833400000
2023-04-04 17:45:00,40.0000000000,45.0000000000,59.7888000000,34.7166700000
2023-04-04 18:00:00,16.0000000000,45.0000000000,30.3290500000,33.4500000000
2023-04-04 18:15:00,4.0000000000,45.0000000000,6.8578420000,32.2333300000
2023-04-04 18:30:00,0.0000000000,45.0000000000,0.1931787000,31.0666700000
2023-04-04 18:45:00,0.0000000000,44.0000000000,0.0000000000,30.3166700000
2023-04-04 19:00:00,0.0000000000,44.0000000000,0.0000000000,29.9166700000
2023-04-04 19:15:00,0.0000000000,43.0000000000,0.0000000000,29.7333300000
2023-04-04 19:30:00,0.0000000000,43.0000000000,0.0000000000,29.7333300000
2023-04-04 19:45:00,0.0000000000,42.0000000000,0.0000000000,29.4500000000
2023-04-04 20:00:00,0.0000000000,43.0000000000,0.0000000000,29.3666700000
2023-04-04 20:15:00,0.0000000000,43.0000000000,0.0000000000,29.3500000000
2023-04-04 20:30:00,0.0000000000,42.0000000000,0.0000000000,29.1333300000
2023-04-04 20:45:00,0.0000000000,42.0000000000,0.0000000000,28.9000000000
2023-04-04 21:00:00,0.0000000000,42.0000000000,0.0000000000,28.8500000000
2023-04-04 21:15:00,0.0000000000,42.0000000000,0.0000000000,28.7833300000
2023-04-04 21:30:00,0.0000000000,42.0000000000,0.0000000000,28.8833300000
2023-04-04 21:45:00,0.0000000000,42.0000000000,0.0000000000,28.8333300000
2023-04-04 22:00:00,0.0000000000,42.0000000000,0.0000000000,28.7000000000
2023-04-04 22:15:00,0.0000000000,41.0000000000,0.0000000000,28.4500000000
2023-04-04 22:30:00,0.0000000000,42.0000000000,0.0000000000,28.3166700000
2023-04-04 22:45:00,0.0000000000,42.0000000000,0.0000000000,28.2833300000
2023-04-04 23:00:00,0.0000000000,41.0000000000,0.0000000000,28.1166700000
2023-04-04 23:15:00,0.0000000000,41.0000000000,0.0000000000,28.1333300000
2023-04-04 23:30:00,0.0000000000,40.0000000000,0.0000000000,27.9833300000
2023-04-04 23:45:00,0.0000000000,40.0000000000,0.0000000000,27.8000000000
2023-04-05 00:00:00,0.0000000000,41.0000000000,0.0000000000,27.7333300000
2023-04-05 00:15:00,0.0000000000,41.0000000000,0.0000000000,27.7166700000
2023-04-05 00:30:00,0.0000000000,40.0000000000,0.0000000000,27.7666700000
2023-04-05 00:45:00,0.0000000000,40.0000000000,0.0000000000,27.6333300000
2023-04-05 01:00:00,0.0000000000,41.0000000000,0.0000000000,27.5166700000
2023-04-05 01:15:00,0.0000000000,40.0000000000,0.0000000000,27.6000000000
2023-04-05 01:30:00,0.0000000000,40.0000000000,0.0000000000,27.5500000000
2023-04-05 01:45:00,0.0000000000,40.0000000000,0.0000000000,27.5000000000
2023-04-05 02:00:00,0.0000000000,40.0000000000,0.0000000000,27.5000000000
2023-04-05 02:15:00,0.0000000000,40.0000000000,0.0000000000,27.5000000000
2023-04-05 02:30:00,0.0000000000,40.0000000000,0.0000000000,27.4000000000
2023-04-05 02:45:00,0.0000000000,40.0000000000,0.0000000000,27.1666700000
2023-04-05 03:00:00,0.0000000000,40.0000000000,0.0000000000,26.9500000000
2023-04-05 03:15:00,0.0000000000,40.0000000000,0.0000000000,26.7333300000
2023-04-05 03:30:00,0.0000000000,40.0000000000,0.0000000000,26.5333300000
2023-04-05 03:45:00,0.0000000000,40.0000000000,0.0000000000,26.3333300000
2023-04-05 04:00:00,0.0000000000,40.0000000000,0.0000000000,25.9166700000
2023-04-05 04:15:00,0.0000000000,40.0000000000,0.0000000000,25.5666700000
2023-04-05 04:30:00,0.0000000000,39.0000000000,0.0000000000,25.4000000000
2023-04-05 04:45:00,0.0000000000,39.0000000000,0.0000000000,25.3000000000
2023-04-05 05:00:00,0.0000000000,40.0000000000,0.0000000000,25.3000000000
2023-04-05 05:15:00,0.0000000000,39.0000000000,0.0000000000,25.1833300000
2023-04-05 05:30:00,0.0000000000,39.0000000000,0.0000000000,24.8333300000
2023-04-05 05:45:00,0.0000000000,39.0000000000,0.0000000000,24.4500000000
2023-04-05 06:00:00,2.0000000000,38.0000000000,1.4488400000,24.5666700000
2023-04-05 06:15:00,15.2000000000,38.0000000000,15.4542900000,24.5833300000
2023-04-05 06:30:00,33.6000000000,38.0000000000,38.7323200000,24.9500000000
2023-04-05 06:45:00,69.2000000000,39.0000000000,78.0441700000,25.4666700000
2023-04-05 07:00:00,113.2000000000,39.0000000000,138.8954000000,26.4166700000
2023-04-05 07:15:00,144.8000000000,39.0000000000,179.6562000000,28.0833300000
2023-04-05 07:30:00,186.0000000000,40.0000000000,226.3088000000,30.7833300000
2023-04-05 07:45:00,242.0000000000,41.0000000000,296.5293000000,33.5833300000
2023-04-05 08:00:00,306.8000000000,44.0000000000,376.8916000000,36.8166700000
2023-04-05 08:15:00,359.6000000000,46.0000000000,447.9814000000,39.8166700000
2023-04-05 08:30:00,388.0000000000,47.0000000000,493.2817000000,42.3333300000
2023-04-05 08:45:00,427.6000000000,48.0000000000,540.5139000000,43.6500000000
2023-04-05 09:00:00,480.0000000000,50.0000000000,612.2798000000,46.2166700000
2023-04-05 09:15:00,504.0000000000,50.0000000000,659.7051000000,49.7833300000
2023-04-05 09:30:00,540.0000000000,50.0000000000,703.7499000000,51.8333300000
2023-04-05 09:45:00,576.0000000000,50.0000000000,768.3682000000,53.3333300000
2023-04-05 10:00:00,592.0000000000,50.0000000000,800.5324000000,55.4833300000
2023-04-05 10:15:00,624.0000000000,49.0000000000,837.3329000000,56.9833300000
2023-04-05 10:30:00,644.0000000000,49.0000000000,879.7357000000,57.6000000000
2023-04-05 10:45:00,656.0000000000,49.0000000000,900.4058000000,59.6333400000
2023-04-05 11:00:00,680.0000000000,49.0000000000,941.0699000000,60.1333400000
2023-04-05 11:15:00,676.0000000000,49.0000000000,945.3198000000,60.9166700000
2023-04-05 11:30:00,696.0000000000,49.0000000000,957.7798000000,61.6833300000
2023-04-05 11:45:00,684.0000000000,49.0000000000,961.6434000000,62.7166700000
2023-04-05 12:00:00,692.0000000000,49.0000000000,970.1433000000,65.2333300000
2023-04-05 12:15:00,692.0000000000,49.0000000000,976.9045000000,63.8166700000
2023-04-05 12:30:00,688.0000000000,49.0000000000,973.7170000000,64.8833300000
2023-04-05 12:45:00,688.0000000000,50.0000000000,975.0693000000,66.0166700000
2023-04-05 13:00:00,680.0000000000,49.0000000000,965.1207000000,64.2333300000
2023-04-05 13:15:00,648.0000000000,49.0000000000,925.5190000000,65.6500000000
2023-04-05 13:30:00,648.0000000000,49.0000000000,913.2521000000,64.7333300000
2023-04-05 13:45:00,612.0000000000,49.0000000000,872.5881000000,64.0833400000
2023-04-05 14:00:00,584.0000000000,49.0000000000,803.2369000000,61.9333300000
2023-04-05 14:15:00,564.0000000000,49.0000000000,783.9190000000,59.7666700000
2023-04-05 14:30:00,532.0000000000,49.0000000000,738.2322000000,57.1500000000
2023-04-05 14:45:00,444.0000000000,49.0000000000,618.4615000000,57.1666700000
2023-04-05 15:00:00,404.0000000000,49.0000000000,526.7017000000,53.2833300000
2023-04-05 15:15:00,332.0000000000,48.0000000000,447.4984000000,47.9666700000
2023-04-05 15:30:00,264.0000000000,48.0000000000,352.8409000000,43.1833300000
2023-04-05 15:45:00,188.0000000000,48.0000000000,254.8026000000,40.3000000000
2023-04-05 16:00:00,128.0000000000,47.0000000000,172.2188000000,37.8333300000
2023-04-05 16:15:00,144.0000000000,47.0000000000,179.7527000000,36.5000000000
2023-04-05 16:30:00,180.0000000000,46.0000000000,222.1555000000,36.6333400000
2023-04-05 16:45:00,144.0000000000,46.0000000000,195.8831000000,36.8000000000
2023-04-05 17:00:00,112.0000000000,46.0000000000,146.1397000000,35.9333300000
2023-04-05 17:15:00,80.0000000000,45.0000000000,110.2084000000,35.1166600000
2023-04-05 17:30:00,84.0000000000,45.0000000000,107.0210000000,34.7666700000
2023-04-05 17:45:00,56.0000000000,45.0000000000,84.7088500000,34.5833300000
2023-04-05 18:00:00,28.0000000000,45.0000000000,44.2379200000,33.5000000000
2023-04-05 18:15:00,8.0000000000,46.0000000000,12.5566100000,32.2666700000
2023-04-05 18:30:00,0.0000000000,44.0000000000,1.1590720000,31.2333300000
2023-04-05 18:45:00,0.0000000000,44.0000000000,0.0000000000,30.3166700000
2023-04-05 19:00:00,0.0000000000,44.0000000000,0.0000000000,29.7833300000
2023-04-05 19:15:00,0.0000000000,44.0000000000,0.0000000000,29.4000000000
2023-04-05 19:30:00,0.0000000000,44.0000000000,0.0000000000,29.0833300000
2023-04-05 19:45:00,0.0000000000,43.0000000000,0.0000000000,28.5833300000
2023-04-05 20:00:00,0.0000000000,42.0000000000,0.0000000000,28.0833300000
2023-04-05 20:15:00,0.0000000000,42.0000000000,0.0000000000,27.5666700000
2023-04-05 20:30:00,0.0000000000,42.0000000000,0.0000000000,27.2500000000
2023-04-05 20:45:00,0.0000000000,42.0000000000,0.0000000000,26.9833300000
2023-04-05 21:00:00,0.0000000000,42.0000000000,0.0000000000,27.1000000000
2023-04-05 21:15:00,0.0000000000,41.0000000000,0.0000000000,27.3166700000
2023-04-05 21:30:00,0.0000000000,41.0000000000,0.0000000000,27.5666700000
2023-04-05 21:45:00,0.0000000000,41.0000000000,0.0000000000,27.5500000000
2023-04-05 22:00:00,0.0000000000,41.0000000000,0.0000000000,27.6666700000
2023-04-05 22:15:00,0.0000000000,40.0000000000,0.0000000000,27.8000000000
2023-04-05 22:30:00,0.0000000000,40.0000000000,0.0000000000,27.7166700000
2023-04-05 22:45:00,0.0000000000,41.0000000000,0.0000000000,27.6333300000
2023-04-05 23:00:00,0.0000000000,41.0000000000,0.0000000000,27.3666700000
2023-04-05 23:15:00,0.0000000000,41.0000000000,0.0000000000,27.1500000000
2023-04-05 23:30:00,0.0000000000,41.0000000000,0.0000000000,26.8833300000
2023-04-05 23:45:00,0.0000000000,40.0000000000,0.0000000000,27.0333300000
2023-04-06 00:00:00,0.0000000000,40.0000000000,0.0000000000,27.0833300000
2023-04-06 00:15:00,0.0000000000,41.0000000000,0.0000000000,26.9500000000
2023-04-06 00:30:00,0.0000000000,40.0000000000,0.0000000000,26.7833300000
2023-04-06 00:45:00,0.0000000000,41.0000000000,0.0000000000,26.7000000000
2023-04-06 01:00:00,0.0000000000,40.0000000000,0.0000000000,26.4166700000
2023-04-06 01:15:00,0.0000000000,40.0000000000,0.0000000000,26.6833300000
2023-04-06 01:30:00,0.0000000000,41.0000000000,0.0000000000,26.7500000000
2023-04-06 01:45:00,0.0000000000,40.0000000000,0.0000000000,26.6833300000
2023-04-06 02:00:00,0.0000000000,40.0000000000,0.0000000000,26.7000000000
2023-04-06 02:15:00,0.0000000000,40.0000000000,0.0000000000,26.7500000000
2023-04-06 02:30:00,0.0000000000,40.0000000000,0.0000000000,26.5666700000
2023-04-06 02:45:00,0.0000000000,40.0000000000,0.0000000000,26.3500000000
2023-04-06 03:00:00,0.0000000000,40.0000000000,0.0000000000,26.0500000000
2023-04-06 03:15:00,0.0000000000,40.0000000000,0.0000000000,25.8833300000
2023-04-06 03:30:00,0.0000000000,39.0000000000,0.0000000000,25.7500000000
2023-04-06 03:45:00,0.0000000000,39.0000000000,0.0000000000,25.6833300000
2023-04-06 04:00:00,0.0000000000,39.0000000000,0.0000000000,25.6500000000
2023-04-06 04:15:00,0.0000000000,39.0000000000,0.0000000000,25.7000000000
2023-04-06 04:30:00,0.0000000000,39.0000000000,0.0000000000,25.6000000000
2023-04-06 04:45:00,0.0000000000,39.0000000000,0.0000000000,25.3500000000
2023-04-06 05:00:00,0.0000000000,39.0000000000,0.0000000000,25.1000000000
2023-04-06 05:15:00,0.0000000000,39.0000000000,0.0000000000,25.0000000000
2023-04-06 05:30:00,0.0000000000,39.0000000000,0.0000000000,25.0666700000
2023-04-06 05:45:00,0.0000000000,38.0000000000,0.2897680000,25.0000000000
2023-04-06 06:00:00,4.0000000000,38.0000000000,3.2840370000,25.0000000000
2023-04-06 06:15:00,16.0000000000,38.0000000000,18.2553800000,25.1000000000
2023-04-06 06:30:00,44.0000000000,38.0000000000,48.9707900000,25.5333300000
2023-04-06 06:45:00,72.0000000000,38.0000000000,94.4643800000,26.5666700000
2023-04-06 07:00:00,92.0000000000,39.0000000000,125.8559000000,27.8666700000
2023-04-06 07:15:00,124.0000000000,39.0000000000,159.3724000000,28.9833300000
2023-04-06 07:30:00,172.0000000000,39.0000000000,219.3544000000,30.6833300000
2023-04-06 07:45:00,220.0000000000,40.0000000000,280.9784000000,32.9500000000
2023-04-06 08:00:00,276.0000000000,43.0000000000,343.6649000000,35.5500000000
2023-04-06 08:15:00,332.0000000000,45.0000000000,420.4534000000,38.2000000000
2023-04-06 08:30:00,356.0000000000,46.0000000000,453.5835000000,39.9833300000
2023-04-06 08:45:00,364.0000000000,47.0000000000,475.1229000000,41.0500000000
2023-04-06 09:00:00,412.0000000000,48.0000000000,517.7188000000,41.0500000000
2023-04-06 09:15:00,404.0000000000,48.0000000000,544.7639000000,43.2000000000
2023-04-06 09:30:00,560.0000000000,48.0000000000,681.0514000000,44.2333300000
2023-04-06 09:45:00,544.0000000000,48.0000000000,773.7772000000,49.5166700000
2023-04-06 10:00:00,504.0000000000,49.0000000000,648.2111000000,49.2833300000
2023-04-06 10:15:00,604.0000000000,48.0000000000,785.1747000000,51.9833300000
2023-04-06 10:30:00,592.0000000000,49.0000000000,814.8276000000,55.7333300000
2023-04-06 10:45:00,644.0000000000,49.0000000000,887.0765000000,57.7333300000
2023-04-06 11:00:00,616.0000000000,49.0000000000,844.8669000000,57.9833300000
2023-04-06 11:15:00,648.0000000000,49.0000000000,889.2014000000,59.0333300000
2023-04-06 11:30:00,676.0000000000,49.0000000000,935.0813000000,59.8166700000
2023-04-06 11:45:00,692.0000000000,49.0000000000,972.5580000000,59.5500000000
2023-04-06 12:00:00,636.0000000000,49.0000000000,928.4166000000,61.9166700000
2023-04-06 12:15:00,640.0000000000,49.0000000000,963.3820000000,62.3500000000
2023-04-06 12:30:00,704.0000000000,49.0000000000,936.9166000000,61.4166700000
2023-04-06 12:45:00,612.0000000000,49.0000000000,820.9128000000,63.4500000000
2023-04-06 13:00:00,608.0000000000,49.0000000000,826.7081000000,60.0666700000
2023-04-06 13:15:00,688.0000000000,49.0000000000,953.6265000000,60.8833400000
2023-04-06 13:30:00,600.0000000000,49.0000000000,840.0374000000,62.7666700000
2023-04-06 13:45:00,592.0000000000,49.0000000000,792.2257000000,58.8333300000
2023-04-06 14:00:00,616.0000000000,49.0000000000,851.1453000000,58.8333300000
2023-04-06 14:15:00,580.0000000000,49.0000000000,817.4355000000,57.3833400000
2023-04-06 14:30:00,544.0000000000,49.0000000000,753.5900000000,55.7333300000
2023-04-06 14:45:00,504.0000000000,49.0000000000,686.5570000000,54.6666700000
2023-04-06 15:00:00,480.0000000000,49.0000000000,649.7565000000,53.1500000000
2023-04-06 15:15:00,448.0000000000,49.0000000000,607.0640000000,52.5833300000
2023-04-06 15:30:00,400.0000000000,48.0000000000,540.6105000000,50.6333400000
2023-04-06 15:45:00,364.0000000000,48.0000000000,487.1966000000,49.4500000000
2023-04-06 16:00:00,280.0000000000,48.0000000000,404.3229000000,47.8333300000
2023-04-06 16:15:00,152.0000000000,47.0000000000,218.9680000000,43.7666700000
2023-04-06 16:30:00,88.0000000000,47.0000000000,131.4581000000,39.8000000000
2023-04-06 16:45:00,64.0000000000,48.0000000000,88.7655900000,37.5166700000
2023-04-06 17:00:00,56.0000000000,47.0000000000,78.2373600000,36.4833300000
2023-04-06 17:15:00,52.0000000000,46.0000000000,68.2886600000,35.9166700000
2023-04-06 17:30:00,48.0000000000,46.0000000000,64.5216800000,35.4500000000
2023-04-06 17:45:00,44.0000000000,46.0000000000,64.6182600000,35.1000000000
2023-04-06 18:00:00,32.0000000000,46.0000000000,44.2379200000,34.7333300000
2023-04-06 18:15:00,8.0000000000,46.0000000000,14.3918100000,33.9500000000
2023-04-06 18:30:00,0.0000000000,46.0000000000,2.6079120000,33.0666700000
2023-04-06 18:45:00,0.0000000000,46.0000000000,0.0000000000,32.4000000000
2023-04-06 19:00:00,0.0000000000,46.0000000000,0.0000000000,31.9000000000
2023-04-06 19:15:00,0.0000000000,45.0000000000,0.0000000000,31.5000000000
2023-04-06 19:30:00,0.0000000000,44.0000000000,0.0000000000,31.0833300000
2023-04-06 19:45:00,0.0000000000,44.0000000000,0.0000000000,30.6500000000
2023-04-06 20:00:00,0.0000000000,43.0000000000,0.0000000000,30.2666700000
2023-04-06 20:15:00,0.0000000000,43.0000000000,0.0000000000,29.9666700000
2023-04-06 20:30:00,0.0000000000,43.0000000000,0.0000000000,29.8833300000
2023-04-06 20:45:00,0.0000000000,42.0000000000,0.0000000000,29.7333300000
2023-04-06 21:00:00,0.0000000000,43.0000000000,0.0000000000,29.4333300000
2023-04-06 21:15:00,0.0000000000,42.0000000000,0.0000000000,29.0833300000
2023-04-06 21:30:00,0.0000000000,42.0000000000,0.0000000000,29.1500000000
2023-04-06 21:45:00,0.0000000000,42.0000000000,0.0000000000,29.1333300000
2023-04-06 22:00:00,0.0000000000,42.0000000000,0.0000000000,28.9833300000
2023-04-06 22:15:00,0.0000000000,42.0000000000,0.0000000000,28.6666700000
2023-04-06 22:30:00,0.0000000000,42.0000000000,0.0000000000,28.4500000000
2023-04-06 22:45:00,0.0000000000,42.0000000000,0.0000000000,28.4000000000
2023-04-06 23:00:00,0.0000000000,42.0000000000,0.0000000000,28.4166700000
2023-04-06 23:15:00,0.0000000000,41.0000000000,0.0000000000,28.5000000000
2023-04-06 23:30:00,0.0000000000,41.0000000000,0.0000000000,28.4833300000
2023-04-06 23:45:00,0.0000000000,42.0000000000,0.0000000000,28.4000000000
2023-04-07 00:00:00,0.0000000000,42.0000000000,0.0000000000,28.4166700000
2023-04-07 00:15:00,0.0000000000,41.0000000000,0.0000000000,28.5500000000
2023-04-07 00:30:00,0.0000000000,41.0000000000,0.0000000000,28.6833300000
2023-04-07 00:45:00,0.0000000000,40.0000000000,0.0000000000,28.6166700000
2023-04-07 01:00:00,0.0000000000,41.0000000000,0.0000000000,28.5000000000
2023-04-07 01:15:00,0.0000000000,40.0000000000,0.0000000000,28.4833300000
2023-04-07 01:30:00,0.0000000000,41.0000000000,0.0000000000,28.4333300000
2023-04-07 01:45:00,0.0000000000,40.0000000000,0.0000000000,28.2500000000
2023-04-07 02:00:00,0.0000000000,41.0000000000,0.0000000000,28.1833300000
2023-04-07 02:15:00,0.0000000000,41.0000000000,0.0000000000,28.0166700000
2023-04-07 02:30:00,0.0000000000,40.0000000000,0.0000000000,27.9166700000
2023-04-07 02:45:00,0.0000000000,40.0000000000,0.0000000000,27.7500000000
2023-04-07 03:00:00,0.0000000000,41.0000000000,0.0000000000,27.5666700000
2023-04-07 03:15:00,0.0000000000,40.0000000000,0.0000000000,27.6833300000
2023-04-07 03:30:00,0.0000000000,40.0000000000,0.0000000000,27.6833300000
2023-04-07 03:45:00,0.0000000000,40.0000000000,0.0000000000,27.5000000000
2023-04-07 04:00:00,0.0000000000,40.0000000000,0.0000000000,27.3333300000
2023-04-07 04:15:00,0.0000000000,40.0000000000,0.0000000000,27.1333300000
2023-04-07 04:30:00,0.0000000000,40.0000000000,0.0000000000,26.9333300000
2023-04-07 04:45:00,0.0000000000,40.0000000000,0.0000000000,26.7500000000
2023-04-07 05:00:00,0.0000000000,40.0000000000,0.0000000000,26.6000000000
2023-04-07 05:15:00,0.0000000000,39.0000000000,0.0000000000,26.3500000000
2023-04-07 05:30:00,0.0000000000,39.0000000000,0.0000000000,26.1000000000
2023-04-07 05:45:00,0.0000000000,40.0000000000,0.0000000000,26.0166700000
2023-04-07 06:00:00,1.6000000000,39.0000000000,0.9658933000,26.1000000000
2023-04-07 06:15:00,9.2000000000,39.0000000000,11.2043600000,26.3166700000
2023-04-07 06:30:00,21.6000000000,39.0000000000,26.2723000000,26.5500000000
2023-04-07 06:45:00,36.0000000000,39.0000000000,45.2038100000,27.3333300000
2023-04-07 07:00:00,63.2000000000,39.0000000000,74.0840100000,28.2500000000
2023-04-07 07:15:00,100.0000000000,40.0000000000,119.5776000000,29.4166700000
2023-04-07 07:30:00,122.4000000000,40.0000000000,152.1282000000,30.7500000000
2023-04-07 07:45:00,132.4000000000,40.0000000000,163.9121000000,31.4333300000
2023-04-07 08:00:00,143.6000000000,41.0000000000,176.9517000000,32.2000000000
2023-04-07 08:15:00,160.0000000000,40.0000000000,194.0480000000,33.0333300000
2023-04-07 08:30:00,173.6000000000,41.0000000000,210.3716000000,33.7833300000
2023-04-07 08:45:00,186.4000000000,42.0000000000,226.5986000000,34.4166700000
2023-04-07 09:00:00,184.0000000000,41.0000000000,217.7124000000,34.6500000000
2023-04-07 09:15:00,172.0000000000,42.0000000000,202.3547000000,34.4166700000
2023-04-07 09:30:00,164.0000000000,42.0000000000,194.5309000000,34.2166700000
2023-04-07 09:45:00,128.0000000000,42.0000000000,151.5487000000,33.5500000000
2023-04-07 10:00:00,108.0000000000,42.0000000000,125.4696000000,32.5500000000
2023-04-07 10:15:00,148.0000000000,41.0000000000,163.5258000000,32.4000000000
2023-04-07 10:30:00,136.0000000000,41.0000000000,153.0941000000,32.2666700000
2023-04-07 10:45:00,132.0000000000,42.0000000000,149.2305000000,31.9500000000
2023-04-07 11:00:00,128.0000000000,41.0000000000,140.0545000000,31.8000000000
2023-04-07 11:15:00,148.0000000000,41.0000000000,161.5940000000,31.7000000000
2023-04-07 11:30:00,140.0000000000,41.0000000000,161.6906000000,31.8666700000
2023-04-07 11:45:00,124.0000000000,41.0000000000,140.4409000000,31.8500000000
2023-04-07 12:00:00,140.0000000000,41.0000000000,147.9749000000,31.7833300000
2023-04-07 12:15:00,176.0000000000,42.0000000000,190.2809000000,32.4333300000
2023-04-07 12:30:00,204.0000000000,40.0000000000,222.3486000000,33.6833300000
2023-04-07 12:45:00,240.0000000000,42.0000000000,262.4332000000,34.6666700000
2023-04-07 13:00:00,288.0000000000,42.0000000000,321.3527000000,36.4000000000
2023-04-07 13:15:00,320.0000000000,42.0000000000,367.0395000000,37.9333300000
2023-04-07 13:30:00,348.0000000000,43.0000000000,411.5671000000,39.5333300000
2023-04-07 13:45:00,348.0000000000,44.0000000000,418.6182000000,40.9666700000
2023-04-07 14:00:00,340.0000000000,43.0000000000,415.7205000000,41.4333300000
2023-04-07 14:15:00,296.0000000000,43.0000000000,372.2553000000,40.7500000000
2023-04-07 14:30:00,252.0000000000,43.0000000000,312.6597000000,38.7000000000
2023-04-07 14:45:00,264.0000000000,43.0000000000,318.8414000000,37.8166700000
2023-04-07 15:00:00,344.0000000000,43.0000000000,410.6012000000,39.2500000000
2023-04-07 15:15:00,424.0000000000,43.0000000000,521.3892000000,43.2500000000
2023-04-07 15:30:00,440.0000000000,43.0000000000,574.3202000000,47.4166700000
2023-04-07 15:45:00,416.0000000000,43.0000000000,551.5251000000,49.1000000000
2023-04-07 16:00:00,380.0000000000,43.0000000000,502.4577000000,49.5333300000
2023-04-07 16:15:00,352.0000000000,44.0000000000,467.4924000000,48.4000000000
2023-04-07 16:30:00,248.0000000000,44.0000000000,342.6990000000,44.8500000000
2023-04-07 16:45:00,152.0000000000,43.0000000000,211.7238000000,42.1333400000
2023-04-07 17:00:00,156.0000000000,44.0000000000,190.8605000000,39.3833400000
2023-04-07 17:15:00,120.0000000000,44.0000000000,166.7132000000,38.3666600000
2023-04-07 17:30:00,84.0000000000,43.0000000000,120.4469000000,36.7500000000
2023-04-07 17:45:00,48.0000000000,43.0000000000,73.2147200000,34.3666600000
2023-04-07 18:00:00,24.0000000000,44.0000000000,33.9994400000,32.5333300000
2023-04-07 18:15:00,0.0000000000,43.0000000000,6.7612530000,31.3166700000
2023-04-07 18:30:00,0.0000000000,43.0000000000,0.0000000000,30.3500000000
2023-04-07 18:45:00,0.0000000000,43.0000000000,0.0000000000,29.9500000000
2023-04-07 19:00:00,0.0000000000,43.0000000000,0.0000000000,29.6500000000
2023-04-07 19:15:00,0.0000000000,42.0000000000,0.0000000000,29.3666700000
2023-04-07 19:30:00,0.0000000000,42.0000000000,0.0000000000,29.1500000000
2023-04-07 19:45:00,0.0000000000,42.0000000000,0.0000000000,28.8500000000
2023-04-07 20:00:00,0.0000000000,41.0000000000,0.0000000000,28.5500000000
2023-04-07 20:15:00,0.0000000000,41.0000000000,0.0000000000,28.2666700000
2023-04-07 20:30:00,0.0000000000,41.0000000000,0.0000000000,28.1166700000
2023-04-07 20:45:00,0.0000000000,40.0000000000,0.0000000000,27.9500000000
2023-04-07 21:00:00,0.0000000000,41.0000000000,0.0000000000,27.5833300000
2023-04-07 21:15:00,0.0000000000,40.0000000000,0.0000000000,27.2166700000
2023-04-07 21:30:00,0.0000000000,40.0000000000,0.0000000000,27.0833300000
2023-04-07 21:45:00,0.0000000000,40.0000000000,0.0000000000,27.0166700000
2023-04-07 22:00:00,0.0000000000,40.0000000000,0.0000000000,26.7833300000
2023-04-07 22:15:00,0.0000000000,40.0000000000,0.0000000000,26.3166700000
2023-04-07 22:30:00,0.0000000000,40.0000000000,0.0000000000,26.7500000000
2023-04-07 22:45:00,0.0000000000,40.0000000000,0.0000000000,27.3666700000
2023-04-07 23:00:00,0.0000000000,40.0000000000,0.0000000000,27.5000000000
2023-04-07 23:15:00,0.0000000000,40.0000000000,0.0000000000,27.5000000000
2023-04-07 23:30:00,0.0000000000,40.0000000000,0.0000000000,27.4500000000
2023-04-07 23:45:00,0.0000000000,40.0000000000,0.0000000000,27.4000000000
2023-04-08 00:00:00,0.0000000000,40.0000000000,0.0000000000,27.4833300000
2023-04-08 00:15:00,0.0000000000,40.0000000000,0.0000000000,27.5333300000
2023-04-08 00:30:00,0.0000000000,40.0000000000,0.0000000000,27.4166700000
2023-04-08 00:45:00,0.0000000000,40.0000000000,0.0000000000,27.3833300000
2023-04-08 01:00:00,0.0000000000,39.0000000000,0.0000000000,27.2500000000
2023-04-08 01:15:00,0.0000000000,40.0000000000,0.0000000000,27.1166700000
2023-04-08 01:30:00,0.0000000000,39.0000000000,0.0000000000,27.0833300000
2023-04-08 01:45:00,0.0000000000,40.0000000000,0.0000000000,26.9333300000
2023-04-08 02:00:00,0.0000000000,39.0000000000,0.0000000000,26.8833300000
2023-04-08 02:15:00,0.0000000000,39.0000000000,0.0000000000,26.9000000000
2023-04-08 02:30:00,0.0000000000,39.0000000000,0.0000000000,26.8500000000
2023-04-08 02:45:00,0.0000000000,39.0000000000,0.0000000000,26.5500000000
2023-04-08 03:00:00,0.0000000000,39.0000000000,0.0000000000,26.4166700000
2023-04-08 03:15:00,0.0000000000,39.0000000000,0.0000000000,26.6666700000
2023-04-08 03:30:00,0.0000000000,40.0000000000,0.0000000000,26.4666700000
2023-04-08 03:45:00,0.0000000000,39.0000000000,0.0000000000,26.3500000000
2023-04-08 04:00:00,0.0000000000,39.0000000000,0.0000000000,26.2000000000
2023-04-08 04:15:00,0.0000000000,39.0000000000,0.0000000000,25.8833300000
2023-04-08 04:30:00,0.0000000000,39.0000000000,0.0000000000,25.3666700000
2023-04-08 04:45:00,0.0000000000,38.0000000000,0.0000000000,25.1333300000
2023-04-08 05:00:00,0.0000000000,39.0000000000,0.0000000000,25.1000000000
2023-04-08 05:15:00,0.0000000000,38.0000000000,0.0000000000,24.8666700000
2023-04-08 05:30:00,0.0000000000,39.0000000000,0.0000000000,24.8333300000
2023-04-08 05:45:00,0.0000000000,39.0000000000,0.0000000000,24.8000000000
2023-04-08 06:00:00,4.0000000000,38.0000000000,1.0624830000,24.7666700000
2023-04-08 06:15:00,12.0000000000,38.0000000000,13.1361500000,24.8166700000
2023-04-08 06:30:00,36.0000000000,38.0000000000,46.5560600000,25.1833300000
2023-04-08 06:45:00,68.0000000000,38.0000000000,91.8564500000,26.3666700000
2023-04-08 07:00:00,104.0000000000,38.0000000000,140.6341000000,28.0166700000
2023-04-08 07:15:00,144.0000000000,38.0000000000,189.1219000000,29.7166700000
2023-04-08 07:30:00,188.0000000000,39.0000000000,244.9505000000,31.5500000000
2023-04-08 07:45:00,240.0000000000,41.0000000000,309.8586000000,33.5666700000
2023-04-08 08:00:00,296.0000000000,44.0000000000,374.6700000000,35.4666700000
2023-04-08 08:15:00,344.0000000000,46.0000000000,440.6406000000,37.7166700000
2023-04-08 08:30:00,380.0000000000,47.0000000000,489.1284000000,39.8833400000
2023-04-08 08:45:00,424.0000000000,48.0000000000,546.9854000000,41.6166600000
2023-04-08 09:00:00,460.0000000000,49.0000000000,595.2801000000,42.4333300000
2023-04-08 09:15:00,480.0000000000,50.0000000000,632.7567000000,43.8833400000
2023-04-08 09:30:00,516.0000000000,49.0000000000,671.0061000000,45.1500000000
2023-04-08 09:45:00,548.0000000000,49.0000000000,724.4200000000,47.0166700000
2023-04-08 10:00:00,568.0000000000,49.0000000000,761.6069000000,49.0500000000
2023-04-08 10:15:00,592.0000000000,48.0000000000,794.7370000000,50.7500000000
2023-04-08 10:30:00,620.0000000000,48.0000000000,836.7534000000,53.3166700000
2023-04-08 10:45:00,644.0000000000,49.0000000000,880.8947000000,54.4000000000
2023-04-08 11:00:00,668.0000000000,48.0000000000,909.2920000000,54.3833400000
2023-04-08 11:15:00,672.0000000000,49.0000000000,930.9280000000,55.0833300000
2023-04-08 11:30:00,652.0000000000,49.0000000000,907.3602000000,56.4000000000
2023-04-08 11:45:00,652.0000000000,48.0000000000,920.5929000000,57.0166700000
2023-04-08 12:00:00,664.0000000000,49.0000000000,899.2467000000,56.9000000000
2023-04-08 12:15:00,676.0000000000,49.0000000000,964.7342000000,56.9000000000
2023-04-08 12:30:00,672.0000000000,50.0000000000,985.1146000000,57.8333300000
2023-04-08 12:45:00,652.0000000000,50.0000000000,922.3315000000,58.9666700000
2023-04-08 13:00:00,640.0000000000,49.0000000000,932.4734000000,59.9833300000
2023-04-08 13:15:00,544.0000000000,49.0000000000,762.8625000000,58.3333300000
2023-04-08 13:30:00,596.0000000000,49.0000000000,807.0038000000,55.9000000000
2023-04-08 13:45:00,556.0000000000,49.0000000000,783.3395000000,56.4166700000
2023-04-08 14:00:00,556.0000000000,50.0000000000,745.0901000000,55.6333400000
2023-04-08 14:15:00,564.0000000000,49.0000000000,782.5668000000,55.8333300000
2023-04-08 14:30:00,536.0000000000,48.0000000000,747.0219000000,54.3666600000
2023-04-08 14:45:00,448.0000000000,48.0000000000,624.7398000000,51.9333300000
2023-04-08 15:00:00,460.0000000000,49.0000000000,593.7346000000,48.8666600000
2023-04-08 15:15:00,312.0000000000,48.0000000000,469.9071000000,48.2000000000
2023-04-08 15:30:00,184.0000000000,48.0000000000,243.4051000000,43.1166600000
2023-04-08 15:45:00,120.0000000000,48.0000000000,161.7871000000,38.6833300000
2023-04-08 16:00:00,80.0000000000,47.0000000000,101.2256000000,36.2500000000
2023-04-08 16:15:00,52.0000000000,47.0000000000,66.0671000000,35.0166700000
2023-04-08 16:30:00,36.0000000000,46.0000000000,47.2321900000,34.0500000000
2023-04-08 16:45:00,28.0000000000,46.0000000000,34.3858000000,33.2000000000
2023-04-08 17:00:00,16.0000000000,46.0000000000,24.5336900000,32.4500000000
2023-04-08 17:15:00,16.0000000000,45.0000000000,19.5110500000,31.7333300000
2023-04-08 17:30:00,12.0000000000,44.0000000000,16.1304200000,30.9166700000
2023-04-08 17:45:00,8.0000000000,43.0000000000,11.7839000000,30.3000000000
2023-04-08 18:00:00,8.0000000000,43.0000000000,6.3748960000,29.8000000000
2023-04-08 18:15:00,0.0000000000,43.0000000000,0.9658933000,29.5333300000
2023-04-08 18:30:00,0.0000000000,42.0000000000,0.0000000000,29.2333300000
2023-04-08 18:45:00,0.0000000000,42.0000000000,0.0000000000,28.8666700000
2023-04-08 19:00:00,0.0000000000,42.0000000000,0.0000000000,28.7833300000
2023-04-08 19:15:00,0.0000000000,42.0000000000,0.0000000000,28.7166700000
2023-04-08 19:30:00,0.0000000000,42.0000000000,0.0000000000,28.8000000000
2023-04-08 19:45:00,0.0000000000,42.0000000000,0.0000000000,28.7166700000
2023-04-08 20:00:00,0.0000000000,42.0000000000,0.0000000000,28.8666700000
2023-04-08 20:15:00,0.0000000000,42.0000000000,0.0000000000,29.3000000000
2023-04-08 20:30:00,0.0000000000,41.0000000000,0.0000000000,29.1833300000
2023-04-08 20:45:00,0.0000000000,41.0000000000,0.0000000000,28.9666700000
2023-04-08 21:00:00,0.0000000000,41.0000000000,0.0000000000,28.9833300000
2023-04-08 21:15:00,0.0000000000,41.0000000000,0.0000000000,28.6833300000
2023-04-08 21:30:00,0.0000000000,42.0000000000,0.0000000000,28.5333300000
2023-04-08 21:45:00,0.0000000000,41.0000000000,0.0000000000,28.1833300000
2023-04-08 22:00:00,0.0000000000,41.0000000000,0.0000000000,28.0166700000
2023-04-08 22:15:00,0.0000000000,40.0000000000,0.0000000000,27.5500000000
2023-04-08 22:30:00,0.0000000000,40.0000000000,0.0000000000,27.2166700000
2023-04-08 22:45:00,0.0000000000,40.0000000000,0.0000000000,27.2833300000
2023-04-08 23:00:00,0.0000000000,40.0000000000,0.0000000000,27.3333300000
2023-04-08 23:15:00,0.0000000000,40.0000000000,0.0000000000,27.3000000000
2023-04-08 23:30:00,0.0000000000,40.0000000000,0.0000000000,27.3833300000
2023-04-08 23:45:00,0.0000000000,39.0000000000,0.0000000000,27.1666700000
2023-04-09 00:00:00,0.0000000000,40.0000000000,0.0000000000,26.4833300000
2023-04-09 00:15:00,0.0000000000,39.0000000000,0.0000000000,26.2166700000
2023-04-09 00:30:00,0.0000000000,39.0000000000,0.0000000000,26.2500000000
2023-04-09 00:45:00,0.0000000000,40.0000000000,0.0000000000,26.4333300000
2023-04-09 01:00:00,0.0000000000,39.0000000000,0.0000000000,26.5500000000
2023-04-09 01:15:00,0.0000000000,40.0000000000,0.0000000000,26.5500000000
2023-04-09 01:30:00,0.0000000000,39.0000000000,0.0000000000,26.4333300000
2023-04-09 01:45:00,0.0000000000,39.0000000000,0.0000000000,26.1333300000
2023-04-09 02:00:00,0.0000000000,39.0000000000,0.0000000000,25.7666700000
2023-04-09 02:15:00,0.0000000000,39.0000000000,0.0000000000,25.7000000000
2023-04-09 02:30:00,0.0000000000,39.0000000000,0.0000000000,25.6166700000
2023-04-09 02:45:00,0.0000000000,39.0000000000,0.0000000000,25.4500000000
2023-04-09 03:00:00,0.0000000000,38.0000000000,0.0000000000,25.2833300000
2023-04-09 03:15:00,0.0000000000,38.0000000000,0.0000000000,25.2000000000
2023-04-09 03:30:00,0.0000000000,39.0000000000,0.0000000000,25.2000000000
2023-04-09 03:45:00,0.0000000000,39.0000000000,0.0000000000,25.2000000000
2023-04-09 04:00:00,0.0000000000,38.0000000000,0.0000000000,25.2000000000
2023-04-09 04:15:00,0.0000000000,38.0000000000,0.0000000000,25.2000000000
2023-04-09 04:30:00,0.0000000000,38.0000000000,0.0000000000,25.2000000000
2023-04-09 04:45:00,0.0000000000,38.0000000000,0.0000000000,25.2000000000
2023-04-09 05:00:00,0.0000000000,38.0000000000,0.0000000000,25.1166700000
2023-04-09 05:15:00,0.0000000000,38.0000000000,0.0000000000,25.0166700000
2023-04-09 05:30:00,0.0000000000,38.0000000000,0.0000000000,24.9500000000
2023-04-09 05:45:00,0.0000000000,38.0000000000,0.0000000000,24.9000000000
2023-04-09 06:00:00,0.0000000000,38.0000000000,1.3522510000,25.0500000000
2023-04-09 06:15:00,12.0000000000,38.0000000000,11.7839000000,25.4666700000
2023-04-09 06:30:00,24.0000000000,38.0000000000,31.2949400000,25.7666700000
2023-04-09 06:45:00,44.0000000000,38.0000000000,53.3173100000,26.3166700000
2023-04-09 07:00:00,60.0000000000,38.0000000000,79.2998400000,27.2000000000
2023-04-09 07:15:00,92.0000000000,38.0000000000,110.7880000000,28.2500000000
2023-04-09 07:30:00,156.0000000000,39.0000000000,192.7923000000,30.2000000000
2023-04-09 07:45:00,160.0000000000,39.0000000000,207.2807000000,32.4833300000
2023-04-09 08:00:00,220.0000000000,41.0000000000,270.9331000000,33.8500000000
2023-04-09 08:15:00,232.0000000000,42.0000000000,304.2564000000,35.5666700000
2023-04-09 08:30:00,272.0000000000,43.0000000000,335.5513000000,36.4833300000
2023-04-09 08:45:00,396.0000000000,44.0000000000,489.7079000000,39.0500000000
2023-04-09 09:00:00,356.0000000000,44.0000000000,467.6855000000,41.4500000000
2023-04-09 09:15:00,428.0000000000,46.0000000000,563.9851000000,42.2833300000
2023-04-09 09:30:00,368.0000000000,46.0000000000,497.7248000000,42.3833400000
2023-04-09 09:45:00,448.0000000000,46.0000000000,525.2528000000,41.6666700000
2023-04-09 10:00:00,532.0000000000,46.0000000000,688.0058000000,44.9000000000
2023-04-09 10:15:00,556.0000000000,46.0000000000,767.3057000000,49.9166700000
2023-04-09 10:30:00,492.0000000000,48.0000000000,709.0623000000,51.6333400000
2023-04-09 10:45:00,504.0000000000,48.0000000000,642.8020000000,50.8333300000
2023-04-09 11:00:00,624.0000000000,48.0000000000,842.0659000000,52.6333400000
2023-04-09 11:15:00,612.0000000000,48.0000000000,901.0819000000,56.6166600000
2023-04-09 11:30:00,500.0000000000,49.0000000000,741.3231000000,56.5166700000
2023-04-09 11:45:00,348.0000000000,49.0000000000,526.2187000000,51.9833300000
2023-04-09 12:00:00,388.0000000000,48.0000000000,453.0040000000,46.3166700000
2023-04-09 12:15:00,428.0000000000,48.0000000000,639.1317000000,50.4500000000
2023-04-09 12:30:00,460.0000000000,48.0000000000,550.0762000000,50.0833300000
2023-04-09 12:45:00,440.0000000000,48.0000000000,686.0740000000,52.3833400000
2023-04-09 13:00:00,312.0000000000,48.0000000000,402.0048000000,47.9666700000
2023-04-09 13:15:00,684.0000000000,48.0000000000,887.8491000000,51.9833300000
2023-04-09 13:30:00,644.0000000000,48.0000000000,920.6895000000,59.0000000000
2023-04-09 13:45:00,428.0000000000,48.0000000000,650.2394000000,59.5500000000
2023-04-09 14:00:00,436.0000000000,48.0000000000,567.2692000000,52.6000000000
2023-04-09 14:15:00,484.0000000000,47.0000000000,678.4435000000,52.9500000000
2023-04-09 14:30:00,376.0000000000,47.0000000000,576.7349000000,53.3333300000
2023-04-09 14:45:00,460.0000000000,48.0000000000,569.6839000000,49.4666700000
2023-04-09 15:00:00,276.0000000000,48.0000000000,387.5164000000,47.6833300000
2023-04-09 15:15:00,444.0000000000,48.0000000000,587.9393000000,46.7833300000
2023-04-09 15:30:00,400.0000000000,48.0000000000,532.8834000000,46.9833300000
2023-04-09 15:45:00,352.0000000000,48.0000000000,474.8331000000,45.7666700000
2023-04-09 16:00:00,308.0000000000,47.0000000000,419.9704000000,45.1666700000
2023-04-09 16:15:00,272.0000000000,47.0000000000,365.3008000000,43.8333300000
2023-04-09 16:30:00,224.0000000000,47.0000000000,314.3017000000,42.6166600000
2023-04-09 16:45:00,180.0000000000,47.0000000000,255.0924000000,41.1166600000
2023-04-09 17:00:00,136.0000000000,46.0000000000,198.0081000000,39.7666700000
2023-04-09 17:15:00,92.0000000000,46.0000000000,140.2477000000,38.4166700000
2023-04-09 17:30:00,52.0000000000,46.0000000000,88.5724100000,36.4166700000
2023-04-09 17:45:00,32.0000000000,46.0000000000,50.9025800000,34.7166700000
2023-04-09 18:00:00,8.0000000000,45.0000000000,16.1304200000,33.3666600000
2023-04-09 18:15:00,0.0000000000,45.0000000000,1.3522510000,32.2833300000
2023-04-09 18:30:00,0.0000000000,45.0000000000,0.0000000000,31.5333300000
2023-04-09 18:45:00,0.0000000000,44.0000000000,0.0000000000,31.0166700000
2023-04-09 19:00:00,0.0000000000,44.0000000000,0.0000000000,30.6000000000
2023-04-09 19:15:00,0.0000000000,43.0000000000,0.0000000000,30.1666700000
2023-04-09 19:30:00,0.0000000000,43.0000000000,0.0000000000,29.9333300000
2023-04-09 19:45:00,0.0000000000,43.0000000000,0.0000000000,29.6333300000
2023-04-09 20:00:00,0.0000000000,43.0000000000,0.0000000000,29.2333300000
2023-04-09 20:15:00,0.0000000000,42.0000000000,0.0000000000,29.1500000000
2023-04-09 20:30:00,0.0000000000,42.0000000000,0.0000000000,29.0666700000
2023-04-09 20:45:00,0.0000000000,42.0000000000,0.0000000000,28.9500000000
2023-04-09 21:00:00,0.0000000000,42.0000000000,0.0000000000,28.7500000000
2023-04-09 21:15:00,0.0000000000,42.0000000000,0.0000000000,28.7000000000
2023-04-09 21:30:00,0.0000000000,41.0000000000,0.0000000000,28.7000000000
2023-04-09 21:45:00,0.0000000000,41.0000000000,0.0000000000,28.7000000000
2023-04-09 22:00:00,0.0000000000,41.0000000000,0.0000000000,28.5333300000
2023-04-09 22:15:00,0.0000000000,41.0000000000,0.0000000000,28.5500000000
2023-04-09 22:30:00,0.0000000000,42.0000000000,0.0000000000,28.5166700000
2023-04-09 22:45:00,0.0000000000,41.0000000000,0.0000000000,28.4833300000
2023-04-09 23:00:00,0.0000000000,40.0000000000,0.0000000000,28.3166700000
2023-04-09 23:15:00,0.0000000000,40.0000000000,0.0000000000,28.3000000000
2023-04-09 23:30:00,0.0000000000,41.0000000000,0.0000000000,28.0333300000
2023-04-09 23:45:00,0.0000000000,40.0000000000,0.0000000000,28.0833300000
2023-04-10 00:00:00,0.0000000000,40.0000000000,0.0000000000,28.0166700000
2023-04-10 00:15:00,0.0000000000,40.0000000000,0.0000000000,28.0500000000
2023-04-10 00:30:00,0.0000000000,40.0000000000,0.0000000000,28.0000000000
2023-04-10 00:45:00,0.0000000000,40.0000000000,0.0000000000,27.9833300000
2023-04-10 01:00:00,0.0000000000,40.0000000000,0.0000000000,27.8500000000
2023-04-10 01:15:00,0.0000000000,41.0000000000,0.0000000000,27.6500000000
2023-04-10 01:30:00,0.0000000000,40.0000000000,0.0000000000,27.4500000000
2023-04-10 01:45:00,0.0000000000,40.0000000000,0.0000000000,27.3166700000
2023-04-10 02:00:00,0.0000000000,39.0000000000,0.0000000000,27.2833300000
2023-04-10 02:15:00,0.0000000000,39.0000000000,0.0000000000,27.2000000000
2023-04-10 02:30:00,0.0000000000,40.0000000000,0.0000000000,27.0500000000
2023-04-10 02:45:00,0.0000000000,40.0000000000,0.0000000000,26.8666700000
2023-04-10 03:00:00,0.0000000000,40.0000000000,0.0000000000,26.9000000000
2023-04-10 03:15:00,0.0000000000,40.0000000000,0.0000000000,26.9500000000
2023-04-10 03:30:00,0.0000000000,40.0000000000,0.0000000000,26.9000000000
2023-04-10 03:45:00,0.0000000000,40.0000000000,0.0000000000,26.6500000000
2023-04-10 04:00:00,0.0000000000,39.0000000000,0.0000000000,26.3166700000
2023-04-10 04:15:00,0.0000000000,40.0000000000,0.0000000000,26.2000000000
2023-04-10 04:30:00,0.0000000000,39.0000000000,0.0000000000,26.1166700000
2023-04-10 04:45:00,0.0000000000,39.0000000000,0.0000000000,26.0166700000
2023-04-10 05:00:00,0.0000000000,40.0000000000,0.0000000000,25.9500000000
2023-04-10 05:15:00,0.0000000000,39.0000000000,0.0000000000,25.8333300000
2023-04-10 05:30:00,0.0000000000,39.0000000000,0.0000000000,25.6333300000
2023-04-10 05:45:00,0.0000000000,39.0000000000,0.0000000000,25.5000000000
2023-04-10 06:00:00,2.4000000000,39.0000000000,1.8351970000,25.4666700000
2023-04-10 06:15:00,12.0000000000,38.0000000000,13.9088600000,25.5833300000
2023-04-10 06:30:00,36.8000000000,38.0000000000,42.6924900000,26.3166700000
2023-04-10 06:45:00,69.2000000000,39.0000000000,89.0553700000,27.5166700000
2023-04-10 07:00:00,92.4000000000,39.0000000000,125.0832000000,28.8666700000
2023-04-10 07:15:00,131.6000000000,39.0000000000,173.1847000000,29.9000000000
2023-04-10 07:30:00,174.8000000000,40.0000000000,230.3656000000,31.5166700000
2023-04-10 07:45:00,221.2000000000,41.0000000000,285.9044000000,33.0333300000
2023-04-10 08:00:00,276.8000000000,43.0000000000,354.3863000000,34.8500000000
2023-04-10 08:15:00,332.4000000000,45.0000000000,426.7317000000,37.1166600000
2023-04-10 08:30:00,378.0000000000,46.0000000000,488.1625000000,39.4000000000
2023-04-10 08:45:00,420.4000000000,48.0000000000,547.5649000000,41.1166600000
2023-04-10 09:00:00,456.0000000000,49.0000000000,596.3425000000,42.2666700000
2023-04-10 09:15:00,488.0000000000,49.0000000000,643.8645000000,44.1666700000
2023-04-10 09:30:00,516.0000000000,50.0000000000,677.7674000000,45.0000000000
2023-04-10 09:45:00,552.0000000000,50.0000000000,739.1981000000,48.0000000000
2023-04-10 10:00:00,568.0000000000,49.0000000000,769.3340000000,49.7000000000
2023-04-10 10:15:00,584.0000000000,49.0000000000,801.4983000000,51.9666700000
2023-04-10 10:30:00,592.0000000000,50.0000000000,811.9299000000,53.8000000000
2023-04-10 10:45:00,616.0000000000,49.0000000000,865.6336000000,54.1000000000
2023-04-10 11:00:00,512.0000000000,49.0000000000,704.5226000000,52.1833300000
2023-04-10 11:15:00,684.0000000000,49.0000000000,955.6548000000,54.5333300000
2023-04-10 11:30:00,664.0000000000,50.0000000000,943.4846000000,56.9500000000
2023-04-10 11:45:00,684.0000000000,50.0000000000,967.7286000000,57.3666600000
2023-04-10 12:00:00,696.0000000000,49.0000000000,968.9842000000,58.6666700000
2023-04-10 12:15:00,680.0000000000,49.0000000000,962.4161000000,58.1833300000
2023-04-10 12:30:00,632.0000000000,49.0000000000,911.8033000000,56.3500000000
2023-04-10 12:45:00,624.0000000000,49.0000000000,821.5889000000,54.4000000000
2023-04-10 13:00:00,624.0000000000,49.0000000000,870.0767000000,54.7666700000
2023-04-10 13:15:00,628.0000000000,49.0000000000,863.7984000000,54.3333300000
2023-04-10 13:30:00,616.0000000000,49.0000000000,863.5086000000,55.0000000000
2023-04-10 13:45:00,600.0000000000,49.0000000000,839.3613000000,57.3166700000
2023-04-10 14:00:00,580.0000000000,50.0000000000,813.1856000000,56.1500000000
2023-04-10 14:15:00,556.0000000000,49.0000000000,777.6407000000,55.9166700000
2023-04-10 14:30:00,524.0000000000,48.0000000000,726.5450000000,55.9666700000
2023-04-10 14:45:00,492.0000000000,49.0000000000,672.5515000000,53.1333400000
2023-04-10 15:00:00,460.0000000000,48.0000000000,629.7625000000,51.3666600000
2023-04-10 15:15:00,432.0000000000,48.0000000000,586.6836000000,50.3333300000
2023-04-10 15:30:00,396.0000000000,48.0000000000,534.7186000000,48.8666600000
2023-04-10 15:45:00,348.0000000000,49.0000000000,471.7423000000,46.8333300000
2023-04-10 16:00:00,304.0000000000,48.0000000000,415.3341000000,44.4333300000
2023-04-10 16:15:00,248.0000000000,47.0000000000,340.6706000000,42.7166700000
2023-04-10 16:30:00,212.0000000000,47.0000000000,288.2226000000,41.2833300000
2023-04-10 16:45:00,180.0000000000,46.0000000000,252.2913000000,39.9166700000
2023-04-10 17:00:00,132.0000000000,48.0000000000,194.2411000000,38.3166700000
2023-04-10 17:15:00,92.0000000000,47.0000000000,140.8273000000,36.7166700000
2023-04-10 17:30:00,60.0000000000,46.0000000000,93.8848400000,35.2833300000
2023-04-10 17:45:00,32.0000000000,46.0000000000,55.7320500000,33.8500000000
2023-04-10 18:00:00,16.0000000000,44.0000000000,24.9200500000,32.6666700000
2023-04-10 18:15:00,4.0000000000,45.0000000000,5.1192360000,31.7500000000
2023-04-10 18:30:00,0.0000000000,44.0000000000,0.0000000000,31.0000000000
2023-04-10 18:45:00,0.0000000000,44.0000000000,0.0000000000,30.4166700000
2023-04-10 19:00:00,0.0000000000,44.0000000000,0.0000000000,30.0500000000
2023-04-10 19:15:00,0.0000000000,43.0000000000,0.0000000000,29.7500000000
2023-04-10 19:30:00,0.0000000000,42.0000000000,0.0000000000,29.4833300000
2023-04-10 19:45:00,0.0000000000,42.0000000000,0.0000000000,29.1666700000
2023-04-10 20:00:00,0.0000000000,42.0000000000,0.0000000000,28.9666700000
2023-04-10 20:15:00,0.0000000000,42.0000000000,0.0000000000,28.8833300000
2023-04-10 20:30:00,0.0000000000,42.0000000000,0.0000000000,28.8000000000
2023-04-10 20:45:00,0.0000000000,42.0000000000,0.0000000000,28.7166700000
2023-04-10 21:00:00,0.0000000000,42.0000000000,0.0000000000,28.6500000000
2023-04-10 21:15:00,0.0000000000,41.0000000000,0.0000000000,28.5333300000
2023-04-10 21:30:00,0.0000000000,41.0000000000,0.0000000000,28.5333300000
2023-04-10 21:45:00,0.0000000000,41.0000000000,0.0000000000,28.5166700000
2023-04-10 22:00:00,0.0000000000,40.0000000000,0.0000000000,28.5500000000
2023-04-10 22:15:00,0.0000000000,40.0000000000,0.0000000000,28.4333300000
2023-04-10 22:30:00,0.0000000000,41.0000000000,0.0000000000,28.4000000000
2023-04-10 22:45:00,0.0000000000,41.0000000000,0.0000000000,28.3833300000
2023-04-10 23:00:00,0.0000000000,40.0000000000,0.0000000000,28.3000000000
2023-04-10 23:15:00,0.0000000000,40.0000000000,0.0000000000,28.2500000000
2023-04-10 23:30:00,0.0000000000,40.0000000000,0.0000000000,28.1166700000
2023-04-10 23:45:00,0.0000000000,41.0000000000,0.0000000000,28.1333300000
2023-04-11 00:00:00,0.0000000000,40.0000000000,0.0000000000,28.0166700000
2023-04-11 00:15:00,0.0000000000,40.0000000000,0.0000000000,27.9000000000
2023-04-11 00:30:00,0.0000000000,40.0000000000,0.0000000000,27.8833300000
2023-04-11 00:45:00,0.0000000000,40.0000000000,0.0000000000,27.7166700000
2023-04-11 01:00:00,0.0000000000,40.0000000000,0.0000000000,27.6833300000
2023-04-11 01:15:00,0.0000000000,40.0000000000,0.0000000000,27.6500000000
2023-04-11 01:30:00,0.0000000000,40.0000000000,0.0000000000,27.6833300000
2023-04-11 01:45:00,0.0000000000,40.0000000000,0.0000000000,27.7000000000
2023-04-11 02:00:00,0.0000000000,40.0000000000,0.0000000000,27.6333300000
2023-04-11 02:15:00,0.0000000000,40.0000000000,0.0000000000,27.4500000000
2023-04-11 02:30:00,0.0000000000,40.0000000000,0.0000000000,27.4000000000
2023-04-11 02:45:00,0.0000000000,40.0000000000,0.0000000000,27.4000000000
2023-04-11 03:00:00,0.0000000000,40.0000000000,0.0000000000,27.3500000000
2023-04-11 03:15:00,0.0000000000,40.0000000000,0.0000000000,27.3000000000
2023-04-11 03:30:00,0.0000000000,40.0000000000,0.0000000000,27.2000000000
2023-04-11 03:45:00,0.0000000000,39.0000000000,0.0000000000,26.9500000000
2023-04-11 04:00:00,0.0000000000,40.0000000000,0.0000000000,26.7166700000
2023-04-11 04:15:00,0.0000000000,40.0000000000,0.0000000000,26.7000000000
2023-04-11 04:30:00,0.0000000000,39.0000000000,0.0000000000,26.6666700000
2023-04-11 04:45:00,0.0000000000,39.0000000000,0.0000000000,26.6000000000
2023-04-11 05:00:00,0.0000000000,39.0000000000,0.0000000000,26.4000000000
2023-04-11 05:15:00,0.0000000000,39.0000000000,0.0000000000,26.3000000000
2023-04-11 05:30:00,0.0000000000,39.0000000000,0.0000000000,26.3166700000
2023-04-11 05:45:00,0.0000000000,39.0000000000,0.0000000000,26.5000000000
2023-04-11 06:00:00,2.8000000000,38.0000000000,2.5113230000,26.6166700000
2023-04-11 06:15:00,16.0000000000,39.0000000000,17.4826700000,26.8666700000
2023-04-11 06:30:00,34.4000000000,39.0000000000,41.3402400000,27.4000000000
2023-04-11 06:45:00,50.8000000000,39.0000000000,66.8398100000,28.1500000000
2023-04-11 07:00:00,76.8000000000,39.0000000000,95.2370900000,28.9833300000
2023-04-11 07:15:00,128.0000000000,40.0000000000,158.6963000000,30.3166700000
2023-04-11 07:30:00,178.4000000000,41.0000000000,234.7121000000,32.1500000000
2023-04-11 07:45:00,224.8000000000,42.0000000000,292.6657000000,34.0166700000
2023-04-11 08:00:00,255.6000000000,44.0000000000,334.8752000000,36.1666700000
2023-04-11 08:15:00,292.4000000000,44.0000000000,381.8176000000,38.1000000000
2023-04-11 08:30:00,351.2000000000,45.0000000000,447.1120000000,39.5166700000
2023-04-11 08:45:00,376.8000000000,47.0000000000,493.3783000000,41.2500000000
2023-04-11 09:00:00,424.0000000000,47.0000000000,568.5248000000,42.7666700000
2023-04-11 09:15:00,368.0000000000,48.0000000000,507.7701000000,45.4166700000
2023-04-11 09:30:00,392.0000000000,47.0000000000,510.3780000000,44.3333300000
2023-04-11 09:45:00,456.0000000000,48.0000000000,576.8315000000,45.6000000000
2023-04-11 10:00:00,464.0000000000,47.0000000000,707.2271000000,48.1833300000
2023-04-11 10:15:00,504.0000000000,48.0000000000,670.2334000000,48.8333300000
2023-04-11 10:30:00,564.0000000000,49.0000000000,783.3395000000,52.3833400000
2023-04-11 10:45:00,596.0000000000,49.0000000000,781.7941000000,53.3833400000
2023-04-11 11:00:00,652.0000000000,49.0000000000,909.5817000000,54.9666700000
2023-04-11 11:15:00,656.0000000000,49.0000000000,896.9285000000,56.3333300000
2023-04-11 11:30:00,612.0000000000,49.0000000000,909.7750000000,56.9166700000
2023-04-11 11:45:00,664.0000000000,49.0000000000,887.4628000000,56.0666700000
2023-04-11 12:00:00,660.0000000000,49.0000000000,944.1607000000,58.5333300000
2023-04-11 12:15:00,656.0000000000,49.0000000000,929.5757000000,59.2500000000
2023-04-11 12:30:00,604.0000000000,49.0000000000,870.3665000000,59.4166700000
2023-04-11 12:45:00,636.0000000000,49.0000000000,913.2521000000,58.3500000000
2023-04-11 13:00:00,576.0000000000,49.0000000000,879.9288000000,58.3166700000
2023-04-11 13:15:00,500.0000000000,50.0000000000,644.6372000000,54.6000000000
2023-04-11 13:30:00,528.0000000000,49.0000000000,779.7657000000,53.3666600000
2023-04-11 13:45:00,572.0000000000,49.0000000000,798.9869000000,52.8833400000
2023-04-11 14:00:00,564.0000000000,49.0000000000,778.4135000000,53.6666700000
2023-04-11 14:15:00,548.0000000000,49.0000000000,760.7376000000,54.0833300000
2023-04-11 14:30:00,520.0000000000,49.0000000000,718.8178000000,52.7333300000
2023-04-11 14:45:00,476.0000000000,48.0000000000,664.9210000000,52.0666700000
2023-04-11 15:00:00,464.0000000000,48.0000000000,615.7570000000,49.9166700000
2023-04-11 15:15:00,404.0000000000,49.0000000000,553.3603000000,48.0500000000
2023-04-11 15:30:00,388.0000000000,48.0000000000,518.3950000000,47.0833300000
2023-04-11 15:45:00,368.0000000000,48.0000000000,492.1227000000,47.1000000000
2023-04-11 16:00:00,332.0000000000,48.0000000000,455.4187000000,46.7500000000
2023-04-11 16:15:00,280.0000000000,48.0000000000,386.4539000000,45.6500000000
2023-04-11 16:30:00,224.0000000000,49.0000000000,318.1653000000,42.4333300000
2023-04-11 16:45:00,168.0000000000,47.0000000000,245.0471000000,40.3333300000
2023-04-11 17:00:00,128.0000000000,47.0000000000,187.0936000000,38.9500000000
2023-04-11 17:15:00,96.0000000000,47.0000000000,142.0829000000,37.7833300000
2023-04-11 17:30:00,64.0000000000,46.0000000000,98.8109100000,36.2666700000
2023-04-11 17:45:00,36.0000000000,46.0000000000,59.3058500000,34.9500000000
2023-04-11 18:00:00,12.0000000000,46.0000000000,24.5336900000,33.7000000000
2023-04-11 18:15:00,4.0000000000,45.0000000000,4.0567520000,32.5833300000
2023-04-11 18:30:00,0.0000000000,45.0000000000,0.0000000000,31.7666700000
2023-04-11 18:45:00,0.0000000000,45.0000000000,0.0000000000,31.2500000000
2023-04-11 19:00:00,0.0000000000,44.0000000000,0.0000000000,30.9666700000
2023-04-11 19:15:00,0.0000000000,43.0000000000,0.0000000000,30.8333300000
2023-04-11 19:30:00,0.0000000000,44.0000000000,0.0000000000,30.6000000000
2023-04-11 19:45:00,0.0000000000,43.0000000000,0.0000000000,30.3000000000
2023-04-11 20:00:00,0.0000000000,43.0000000000,0.0000000000,30.1000000000
2023-04-11 20:15:00,0.0000000000,43.0000000000,0.0000000000,29.9500000000
2023-04-11 20:30:00,0.0000000000,43.0000000000,0.0000000000,29.8000000000
2023-04-11 20:45:00,0.0000000000,43.0000000000,0.0000000000,29.6500000000
2023-04-11 21:00:00,0.0000000000,42.0000000000,0.0000000000,29.4333300000
2023-04-11 21:15:00,0.0000000000,42.0000000000,0.0000000000,29.3500000000
2023-04-11 21:30:00,0.0000000000,42.0000000000,0.0000000000,29.2333300000
2023-04-11 21:45:00,0.0000000000,42.0000000000,0.0000000000,29.1333300000
2023-04-11 22:00:00,0.0000000000,42.0000000000,0.0000000000,29.0000000000
2023-04-11 22:15:00,0.0000000000,41.0000000000,0.0000000000,28.9166700000
2023-04-11 22:30:00,0.0000000000,42.0000000000,0.0000000000,28.8333300000
2023-04-11 22:45:00,0.0000000000,42.0000000000,0.0000000000,28.6000000000
2023-04-11 23:00:00,0.0000000000,41.0000000000,0.0000000000,28.4500000000
2023-04-11 23:15:00,0.0000000000,41.0000000000,0.0000000000,28.3333300000
2023-04-11 23:30:00,0.0000000000,40.0000000000,0.0000000000,28.1833300000
2023-04-11 23:45:00,0.0000000000,41.0000000000,0.0000000000,28.0333300000
2023-04-12 00:00:00,0.0000000000,40.0000000000,0.0000000000,27.8166700000
2023-04-12 00:15:00,0.0000000000,41.0000000000,0.0000000000,27.7166700000
2023-04-12 00:30:00,0.0000000000,41.0000000000,0.0000000000,27.7333300000
2023-04-12 00:45:00,0.0000000000,40.0000000000,0.0000000000,27.7000000000
2023-04-12 01:00:00,0.0000000000,40.0000000000,0.0000000000,27.6500000000
2023-04-12 01:15:00,0.0000000000,41.0000000000,0.0000000000,27.7333300000
2023-04-12 01:30:00,0.0000000000,40.0000000000,0.0000000000,27.7500000000
2023-04-12 01:45:00,0.0000000000,40.0000000000,0.0000000000,27.7166700000
2023-04-12 02:00:00,0.0000000000,41.0000000000,0.0000000000,27.8000000000
2023-04-12 02:15:00,0.0000000000,40.0000000000,0.0000000000,27.8000000000
2023-04-12 02:30:00,0.0000000000,40.0000000000,0.0000000000,27.7833300000
2023-04-12 02:45:00,0.0000000000,40.0000000000,0.0000000000,27.5666700000
2023-04-12 03:00:00,0.0000000000,40.0000000000,0.0000000000,27.4500000000
2023-04-12 03:15:00,0.0000000000,40.0000000000,0.0000000000,27.4000000000
2023-04-12 03:30:00,0.0000000000,40.0000000000,0.0000000000,27.3000000000
2023-04-12 03:45:00,0.0000000000,40.0000000000,0.0000000000,27.1500000000
2023-04-12 04:00:00,0.0000000000,40.0000000000,0.0000000000,27.0166700000
2023-04-12 04:15:00,0.0000000000,40.0000000000,0.0000000000,26.9166700000
2023-04-12 04:30:00,0.0000000000,40.0000000000,0.0000000000,26.9000000000
2023-04-12 04:45:00,0.0000000000,39.0000000000,0.0000000000,26.8000000000
2023-04-12 05:00:00,0.0000000000,40.0000000000,0.0000000000,26.7000000000
2023-04-12 05:15:00,0.0000000000,39.0000000000,0.0000000000,26.7666700000
2023-04-12 05:30:00,0.0000000000,40.0000000000,0.0000000000,26.8166700000
2023-04-12 05:45:00,0.0000000000,40.0000000000,0.0000000000,26.9000000000
2023-04-12 06:00:00,2.0000000000,40.0000000000,2.2215550000,27.1000000000
2023-04-12 06:15:00,12.4000000000,39.0000000000,14.1020400000,27.2666700000
2023-04-12 06:30:00,23.6000000000,40.0000000000,29.8461100000,27.5833300000
2023-04-12 06:45:00,49.6000000000,39.0000000000,57.4706600000,28.1666700000
2023-04-12 07:00:00,86.0000000000,40.0000000000,110.1118000000,29.2666700000
2023-04-12 07:15:00,100.8000000000,40.0000000000,124.9866000000,30.6333300000
2023-04-12 07:30:00,131.6000000000,40.0000000000,161.4974000000,31.8000000000
2023-04-12 07:45:00,155.6000000000,41.0000000000,200.8092000000,32.9166700000
2023-04-12 08:00:00,256.8000000000,42.0000000000,320.9663000000,35.0333300000
2023-04-12 08:15:00,324.4000000000,43.0000000000,430.8850000000,38.4500000000
2023-04-12 08:30:00,293.6000000000,45.0000000000,401.4253000000,39.8500000000
2023-04-12 08:45:00,291.6000000000,45.0000000000,377.8575000000,38.7666700000
2023-04-12 09:00:00,284.0000000000,46.0000000000,387.0335000000,38.7500000000
2023-04-12 09:15:00,392.0000000000,46.0000000000,492.6056000000,39.8500000000
2023-04-12 09:30:00,336.0000000000,47.0000000000,478.8899000000,41.7166700000
2023-04-12 09:45:00,340.0000000000,47.0000000000,476.0888000000,42.7000000000
2023-04-12 10:00:00,444.0000000000,47.0000000000,546.3093000000,42.6666700000
2023-04-12 10:15:00,468.0000000000,46.0000000000,622.3251000000,45.6500000000
2023-04-12 10:30:00,308.0000000000,47.0000000000,468.6514000000,45.6000000000
2023-04-12 10:45:00,592.0000000000,47.0000000000,664.9210000000,44.6166600000
2023-04-12 11:00:00,472.0000000000,47.0000000000,733.0165000000,50.7833300000
2023-04-12 11:15:00,452.0000000000,48.0000000000,505.6452000000,47.6000000000
2023-04-12 11:30:00,572.0000000000,48.0000000000,763.8284000000,49.4166700000
2023-04-12 11:45:00,656.0000000000,48.0000000000,866.9858000000,52.0000000000
2023-04-12 12:00:00,584.0000000000,48.0000000000,855.7815000000,53.0833300000
2023-04-12 12:15:00,596.0000000000,49.0000000000,821.8787000000,52.4000000000
2023-04-12 12:30:00,628.0000000000,49.0000000000,864.5711000000,54.4500000000
2023-04-12 12:45:00,584.0000000000,49.0000000000,826.6115000000,54.0833300000
2023-04-12 13:00:00,600.0000000000,49.0000000000,847.5714000000,52.5666700000
2023-04-12 13:15:00,568.0000000000,48.0000000000,774.6464000000,52.8000000000
2023-04-12 13:30:00,508.0000000000,48.0000000000,676.8981000000,51.7333300000
2023-04-12 13:45:00,580.0000000000,49.0000000000,796.3791000000,50.6500000000
2023-04-12 14:00:00,528.0000000000,48.0000000000,722.1019000000,49.9666700000
2023-04-12 14:15:00,516.0000000000,48.0000000000,708.8691000000,49.1666700000
2023-04-12 14:30:00,484.0000000000,48.0000000000,657.8699000000,48.6166600000
2023-04-12 14:45:00,460.0000000000,48.0000000000,622.2285000000,48.9000000000
2023-04-12 15:00:00,428.0000000000,48.0000000000,576.6383000000,47.7666700000
2023-04-12 15:15:00,392.0000000000,48.0000000000,526.1221000000,46.2666700000
2023-04-12 15:30:00,352.0000000000,48.0000000000,474.6400000000,45.0000000000
2023-04-12 15:45:00,304.0000000000,47.0000000000,414.8512000000,44.5500000000
2023-04-12 16:00:00,256.0000000000,47.0000000000,355.3522000000,42.7333300000
2023-04-12 16:15:00,224.0000000000,47.0000000000,305.7052000000,41.3166700000
2023-04-12 16:30:00,184.0000000000,47.0000000000,258.9560000000,40.1500000000
2023-04-12 16:45:00,148.0000000000,47.0000000000,209.5988000000,38.6666700000
2023-04-12 17:00:00,108.0000000000,46.0000000000,161.7871000000,37.5666700000
2023-04-12 17:15:00,76.0000000000,47.0000000000,114.6193000000,36.0333300000
2023-04-12 17:30:00,40.0000000000,0.0000000000,0.0000000000,0.0000000000
2023-04-12 17:45:00,36.0000000000,45.0000000000,35.3517000000,33.6500000000
2023-04-12 18:00:00,8.0000000000,45.0000000000,18.0622100000,32.8666600000
2023-04-12 18:15:00,4.0000000000,44.0000000000,1.5454290000,31.8666700000
2023-04-12 18:30:00,0.0000000000,45.0000000000,0.0000000000,31.1666700000
2023-04-12 18:45:00,0.0000000000,44.0000000000,0.0000000000,30.7666700000
2023-04-12 19:00:00,0.0000000000,44.0000000000,0.0000000000,30.4666700000
2023-04-12 19:15:00,0.0000000000,43.0000000000,0.0000000000,30.4000000000
2023-04-12 19:30:00,0.0000000000,43.0000000000,0.0000000000,30.3833300000
2023-04-12 19:45:00,0.0000000000,43.0000000000,0.0000000000,30.2333300000
2023-04-12 20:00:00,0.0000000000,43.0000000000,0.0000000000,30.0833300000
2023-04-12 20:15:00,0.0000000000,43.0000000000,0.0000000000,29.9500000000
2023-04-12 20:30:00,0.0000000000,42.0000000000,0.0000000000,29.8166700000
2023-04-12 20:45:00,0.0000000000,42.0000000000,0.0000000000,29.7500000000
2023-04-12 21:00:00,0.0000000000,42.0000000000,0.0000000000,29.8000000000
2023-04-12 21:15:00,0.0000000000,42.0000000000,0.0000000000,29.8166700000
2023-04-12 21:30:00,0.0000000000,42.0000000000,0.0000000000,29.4500000000
2023-04-12 21:45:00,0.0000000000,42.0000000000,0.0000000000,29.3000000000
2023-04-12 22:00:00,0.0000000000,42.0000000000,0.0000000000,29.2833300000
2023-04-12 22:15:00,0.0000000000,42.0000000000,0.0000000000,29.2000000000
2023-04-12 22:30:00,0.0000000000,42.0000000000,0.0000000000,29.1000000000
2023-04-12 22:45:00,0.0000000000,42.0000000000,0.0000000000,28.8666700000
2023-04-12 23:00:00,0.0000000000,41.0000000000,0.0000000000,28.7833300000
2023-04-12 23:15:00,0.0000000000,41.0000000000,0.0000000000,28.6166700000
2023-04-12 23:30:00,0.0000000000,41.0000000000,0.0000000000,28.5500000000
2023-04-12 23:45:00,0.0000000000,41.0000000000,0.0000000000,28.5833300000
2023-04-13 00:00:00,0.0000000000,41.0000000000,0.0000000000,28.4833300000
2023-04-13 00:15:00,0.0000000000,41.0000000000,0.0000000000,28.1500000000
2023-04-13 00:30:00,0.0000000000,40.0000000000,0.0000000000,28.0000000000
2023-04-13 00:45:00,0.0000000000,40.0000000000,0.0000000000,28.0166700000
2023-04-13 01:00:00,0.0000000000,41.0000000000,0.0000000000,28.1833300000
2023-04-13 01:15:00,0.0000000000,41.0000000000,0.0000000000,28.0500000000
2023-04-13 01:30:00,0.0000000000,40.0000000000,0.0000000000,27.8833300000
2023-04-13 01:45:00,0.0000000000,41.0000000000,0.0000000000,27.8000000000
2023-04-13 02:00:00,0.0000000000,41.0000000000,0.0000000000,27.7333300000
2023-04-13 02:15:00,0.0000000000,40.0000000000,0.0000000000,27.5000000000
2023-04-13 02:30:00,0.0000000000,41.0000000000,0.0000000000,27.3166700000
2023-04-13 02:45:00,0.0000000000,40.0000000000,0.0000000000,27.1833300000
2023-04-13 03:00:00,0.0000000000,40.0000000000,0.0000000000,27.2666700000
2023-04-13 03:15:00,0.0000000000,40.0000000000,0.0000000000,27.4000000000
2023-04-13 03:30:00,0.0000000000,40.0000000000,0.0000000000,27.2666700000
2023-04-13 03:45:00,0.0000000000,40.0000000000,0.0000000000,27.1833300000
2023-04-13 04:00:00,0.0000000000,40.0000000000,0.0000000000,26.9500000000
2023-04-13 04:15:00,0.0000000000,40.0000000000,0.0000000000,26.8833300000
2023-04-13 04:30:00,0.0000000000,40.0000000000,0.0000000000,27.3166700000
2023-04-13 04:45:00,0.0000000000,40.0000000000,0.0000000000,27.1000000000
2023-04-13 05:00:00,0.0000000000,40.0000000000,0.0000000000,26.7000000000
2023-04-13 05:15:00,0.0000000000,40.0000000000,0.0000000000,26.5166700000
2023-04-13 05:30:00,0.0000000000,39.0000000000,0.0000000000,26.4500000000
2023-04-13 05:45:00,0.0000000000,39.0000000000,0.0000000000,26.3666700000
2023-04-13 06:00:00,4.0000000000,40.0000000000,3.2840370000,26.4000000000
2023-04-13 06:15:00,16.0000000000,39.0000000000,18.3519700000,26.4666700000
2023-04-13 06:30:00,32.0000000000,39.0000000000,42.1129500000,26.8833300000
2023-04-13 06:45:00,56.0000000000,39.0000000000,66.1636900000,27.4166700000
2023-04-13 07:00:00,80.0000000000,39.0000000000,101.8051000000,28.5666700000
2023-04-13 07:15:00,108.0000000000,40.0000000000,144.7874000000,30.2000000000
2023-04-13 07:30:00,128.0000000000,40.0000000000,177.4346000000,31.8333300000
2023-04-13 07:45:00,168.0000000000,41.0000000000,209.0193000000,33.2666700000
2023-04-13 08:00:00,216.0000000000,42.0000000000,284.6488000000,35.8000000000
2023-04-13 08:15:00,252.0000000000,43.0000000000,327.1481000000,38.3833400000
2023-04-13 08:30:00,288.0000000000,44.0000000000,385.1983000000,40.9666700000
2023-04-13 08:45:00,332.0000000000,44.0000000000,432.7202000000,42.2666700000
2023-04-13 09:00:00,380.0000000000,47.0000000000,508.7360000000,44.1000000000
2023-04-13 09:15:00,368.0000000000,46.0000000000,480.6286000000,45.2333300000
2023-04-13 09:30:00,440.0000000000,48.0000000000,602.3311000000,46.2166700000
2023-04-13 09:45:00,264.0000000000,48.0000000000,404.8059000000,48.0166700000
2023-04-13 10:00:00,400.0000000000,47.0000000000,446.7257000000,44.2833300000
2023-04-13 10:15:00,516.0000000000,47.0000000000,715.6304000000,48.8500000000
2023-04-13 10:30:00,416.0000000000,48.0000000000,611.3139000000,50.4166700000
2023-04-13 10:45:00,476.0000000000,47.0000000000,696.3126000000,51.0833300000
2023-04-13 11:00:00,496.0000000000,48.0000000000,641.4498000000,51.5000000000
2023-04-13 11:15:00,492.0000000000,48.0000000000,658.0631000000,52.4666700000
2023-04-13 11:30:00,528.0000000000,48.0000000000,768.2715000000,53.3500000000
2023-04-13 11:45:00,584.0000000000,48.0000000000,773.3908000000,52.3333300000
2023-04-13 12:00:00,520.0000000000,48.0000000000,749.3401000000,51.5666700000
2023-04-13 12:15:00,568.0000000000,49.0000000000,759.3854000000,51.4166700000
2023-04-13 12:30:00,500.0000000000,48.0000000000,726.9313000000,51.5000000000
2023-04-13 12:45:00,592.0000000000,49.0000000000,751.8514000000,50.3000000000
2023-04-13 13:00:00,596.0000000000,49.0000000000,824.9695000000,52.0666700000
2023-04-13 13:15:00,592.0000000000,49.0000000000,812.8959000000,52.6666700000
2023-04-13 13:30:00,576.0000000000,49.0000000000,798.8904000000,53.3000000000
2023-04-13 13:45:00,552.0000000000,49.0000000000,762.7660000000,53.5000000000
2023-04-13 14:00:00,524.0000000000,49.0000000000,723.4542000000,52.6666700000
2023-04-13 14:15:00,508.0000000000,49.0000000000,693.5114000000,51.5666700000
2023-04-13 14:30:00,476.0000000000,48.0000000000,654.1030000000,50.0500000000
2023-04-13 14:45:00,444.0000000000,48.0000000000,604.7458000000,47.9833300000
2023-04-13 15:00:00,412.0000000000,48.0000000000,557.3204000000,46.7166700000
2023-04-13 15:15:00,376.0000000000,48.0000000000,514.2416000000,46.0333300000
2023-04-13 15:30:00,340.0000000000,48.0000000000,462.3731000000,46.0166700000
2023-04-13 15:45:00,308.0000000000,48.0000000000,415.0444000000,44.8833400000
2023-04-13 16:00:00,276.0000000000,48.0000000000,375.9257000000,44.3833400000
2023-04-13 16:15:00,248.0000000000,47.0000000000,343.5682000000,43.2833300000
2023-04-13 16:30:00,208.0000000000,47.0000000000,289.1884000000,42.2000000000
2023-04-13 16:45:00,168.0000000000,47.0000000000,238.2859000000,40.3500000000
2023-04-13 17:00:00,132.0000000000,47.0000000000,192.3093000000,39.0000000000
2023-04-13 17:15:00,88.0000000000,47.0000000000,131.1683000000,37.7000000000
2023-04-13 17:30:00,52.0000000000,47.0000000000,81.9077600000,36.3500000000
2023-04-13 17:45:00,32.0000000000,46.0000000000,53.9934400000,34.9333300000
2023-04-13 18:00:00,16.0000000000,46.0000000000,25.6927600000,33.9500000000
2023-04-13 18:15:00,4.0000000000,45.0000000000,6.7612530000,33.0666700000
2023-04-13 18:30:00,0.0000000000,45.0000000000,0.5795360000,32.3166700000
2023-04-13 18:45:00,0.0000000000,45.0000000000,0.0000000000,31.9166700000
2023-04-13 19:00:00,0.0000000000,44.0000000000,0.0000000000,31.4166700000
2023-04-13 19:15:00,0.0000000000,45.0000000000,0.0000000000,31.0500000000
2023-04-13 19:30:00,0.0000000000,44.0000000000,0.0000000000,30.6833300000
2023-04-13 19:45:00,0.0000000000,43.0000000000,0.0000000000,30.4500000000
2023-04-13 20:00:00,0.0000000000,43.0000000000,0.0000000000,30.2333300000
2023-04-13 20:15:00,0.0000000000,43.0000000000,0.0000000000,30.1666700000
2023-04-13 20:30:00,0.0000000000,43.0000000000,0.0000000000,30.1000000000
2023-04-13 20:45:00,0.0000000000,43.0000000000,0.0000000000,30.0500000000
2023-04-13 21:00:00,0.0000000000,42.0000000000,0.0000000000,30.0000000000
2023-04-13 21:15:00,0.0000000000,44.0000000000,0.0000000000,30.0000000000
2023-04-13 21:30:00,0.0000000000,43.0000000000,0.0000000000,29.9000000000
2023-04-13 21:45:00,0.0000000000,42.0000000000,0.0000000000,29.7166700000
2023-04-13 22:00:00,0.0000000000,42.0000000000,0.0000000000,29.6333300000
2023-04-13 22:15:00,0.0000000000,41.0000000000,0.0000000000,29.4000000000
2023-04-13 22:30:00,0.0000000000,42.0000000000,0.0000000000,29.3333300000
2023-04-13 22:45:00,0.0000000000,42.0000000000,0.0000000000,29.1666700000
2023-04-13 23:00:00,0.0000000000,42.0000000000,0.0000000000,29.0166700000
2023-04-13 23:15:00,0.0000000000,42.0000000000,0.0000000000,28.7833300000
2023-04-13 23:30:00,0.0000000000,41.0000000000,0.0000000000,28.5666700000
2023-04-13 23:45:00,0.0000000000,42.0000000000,0.0000000000,28.3500000000
2023-04-14 00:00:00,0.0000000000,41.0000000000,0.0000000000,28.0666700000
2023-04-14 00:15:00,0.0000000000,41.0000000000,0.0000000000,27.9333300000
2023-04-14 00:30:00,0.0000000000,41.0000000000,0.0000000000,27.7833300000
2023-04-14 00:45:00,0.0000000000,41.0000000000,0.0000000000,27.8166700000
2023-04-14 01:00:00,0.0000000000,41.0000000000,0.0000000000,28.0000000000
2023-04-14 01:15:00,0.0000000000,41.0000000000,0.0000000000,28.0000000000
2023-04-14 01:30:00,0.0000000000,41.0000000000,0.0000000000,27.9166700000
2023-04-14 01:45:00,0.0000000000,40.0000000000,0.0000000000,27.8500000000
2023-04-14 02:00:00,0.0000000000,40.0000000000,0.0000000000,27.8000000000
2023-04-14 02:15:00,0.0000000000,41.0000000000,0.0000000000,27.8000000000
2023-04-14 02:30:00,0.0000000000,40.0000000000,0.0000000000,27.9333300000
2023-04-14 02:45:00,0.0000000000,40.0000000000,0.0000000000,27.9833300000
2023-04-14 03:00:00,0.0000000000,40.0000000000,0.0000000000,27.7500000000
2023-04-14 03:15:00,0.0000000000,40.0000000000,0.0000000000,27.4000000000
2023-04-14 03:30:00,0.0000000000,40.0000000000,0.0000000000,27.1333300000
2023-04-14 03:45:00,0.0000000000,40.0000000000,0.0000000000,27.2000000000
2023-04-14 04:00:00,0.0000000000,40.0000000000,0.0000000000,27.1666700000
2023-04-14 04:15:00,0.0000000000,40.0000000000,0.0000000000,27.2000000000
2023-04-14 04:30:00,0.0000000000,40.0000000000,0.0000000000,26.8500000000
2023-04-14 04:45:00,0.0000000000,39.0000000000,0.0000000000,26.6000000000
2023-04-14 05:00:00,0.0000000000,40.0000000000,0.0000000000,26.5000000000
2023-04-14 05:15:00,0.0000000000,39.0000000000,0.0000000000,26.5000000000
2023-04-14 05:30:00,0.0000000000,39.0000000000,0.0000000000,26.4833300000
2023-04-14 05:45:00,0.0000000000,39.0000000000,0.0000000000,26.3500000000
2023-04-14 06:00:00,4.0000000000,39.0000000000,3.1874480000,26.4000000000
2023-04-14 06:15:00,12.0000000000,39.0000000000,15.1645300000,26.6666700000
2023-04-14 06:30:00,24.0000000000,39.0000000000,27.1416000000,27.2000000000
2023-04-14 06:45:00,36.0000000000,39.0000000000,47.4253700000,27.8166700000
2023-04-14 07:00:00,68.0000000000,39.0000000000,84.6122500000,28.8000000000
2023-04-14 07:15:00,104.0000000000,39.0000000000,132.4240000000,30.0500000000
2023-04-14 07:30:00,140.0000000000,40.0000000000,180.7186000000,31.4333300000
2023-04-14 07:45:00,176.0000000000,41.0000000000,229.0133000000,32.7666700000
2023-04-14 08:00:00,212.0000000000,41.0000000000,275.2796000000,34.3333300000
2023-04-14 08:15:00,240.0000000000,43.0000000000,318.1653000000,36.0500000000
2023-04-14 08:30:00,292.0000000000,44.0000000000,373.2212000000,37.6166600000
2023-04-14 08:45:00,300.0000000000,45.0000000000,403.7434000000,38.9500000000
2023-04-14 09:00:00,332.0000000000,45.0000000000,463.1459000000,41.0000000000
2023-04-14 09:15:00,312.0000000000,45.0000000000,440.7372000000,42.2333300000
2023-04-14 09:30:00,288.0000000000,46.0000000000,376.7950000000,41.3500000000
2023-04-14 09:45:00,396.0000000000,45.0000000000,481.1115000000,42.4000000000
2023-04-14 10:00:00,316.0000000000,46.0000000000,404.4195000000,42.9000000000
2023-04-14 10:15:00,396.0000000000,46.0000000000,539.5480000000,45.1666700000
2023-04-14 10:30:00,380.0000000000,46.0000000000,490.4806000000,46.9500000000
2023-04-14 10:45:00,356.0000000000,48.0000000000,501.1054000000,47.3833400000
2023-04-14 11:00:00,492.0000000000,47.0000000000,632.6602000000,47.7833300000
2023-04-14 11:15:00,384.0000000000,48.0000000000,577.7974000000,49.7666700000
2023-04-14 11:30:00,464.0000000000,48.0000000000,596.8255000000,49.7500000000
2023-04-14 11:45:00,620.0000000000,48.0000000000,848.0543000000,53.4833300000
2023-04-14 12:00:00,548.0000000000,48.0000000000,792.0325000000,55.1833300000
2023-04-14 12:15:00,600.0000000000,48.0000000000,842.5488000000,54.0833300000
2023-04-14 12:30:00,504.0000000000,49.0000000000,711.5736000000,54.0166700000
2023-04-14 12:45:00,540.0000000000,49.0000000000,784.1122000000,53.6500000000
2023-04-14 13:00:00,504.0000000000,49.0000000000,712.9258000000,53.5166700000
2023-04-14 13:15:00,520.0000000000,49.0000000000,706.9373000000,52.1666700000
2023-04-14 13:30:00,504.0000000000,48.0000000000,701.2385000000,52.1000000000
2023-04-14 13:45:00,468.0000000000,48.0000000000,631.9840000000,50.0166700000
2023-04-14 14:00:00,504.0000000000,48.0000000000,705.1022000000,50.9833300000
2023-04-14 14:15:00,476.0000000000,49.0000000000,650.5292000000,50.4500000000
2023-04-14 14:30:00,468.0000000000,48.0000000000,641.6429000000,49.9333300000
2023-04-14 14:45:00,436.0000000000,48.0000000000,599.6266000000,49.8500000000
2023-04-14 15:00:00,404.0000000000,48.0000000000,553.3603000000,49.1333400000
2023-04-14 15:15:00,364.0000000000,48.0000000000,504.6793000000,48.3000000000
2023-04-14 15:30:00,328.0000000000,48.0000000000,451.2654000000,47.2000000000
2023-04-14 15:45:00,288.0000000000,48.0000000000,397.8515000000,45.1833300000
2023-04-14 16:00:00,248.0000000000,48.0000000000,346.5625000000,44.0666700000
2023-04-14 16:15:00,212.0000000000,47.0000000000,294.3077000000,42.1166600000
2023-04-14 16:30:00,172.0000000000,47.0000000000,245.2403000000,40.1833300000
2023-04-14 16:45:00,136.0000000000,46.0000000000,197.5252000000,39.0333300000
2023-04-14 17:00:00,100.0000000000,46.0000000000,152.0316000000,38.0333300000
2023-04-14 17:15:00,72.0000000000,45.0000000000,110.4982000000,36.9333300000
2023-04-14 17:30:00,48.0000000000,46.0000000000,73.9874300000,35.8000000000
2023-04-14 17:45:00,24.0000000000,46.0000000000,42.0163600000,34.7000000000
2023-04-14 18:00:00,12.0000000000,45.0000000000,18.8349200000,33.7000000000
2023-04-14 18:15:00,0.0000000000,45.0000000000,3.2840370000,32.8500000000
2023-04-14 18:30:00,0.0000000000,45.0000000000,0.0000000000,32.1333400000
2023-04-14 18:45:00,0.0000000000,44.0000000000,0.0000000000,31.6000000000
2023-04-14 19:00:00,0.0000000000,45.0000000000,0.0000000000,31.1333300000
2023-04-14 19:15:00,0.0000000000,44.0000000000,0.0000000000,30.8166700000
2023-04-14 19:30:00,0.0000000000,44.0000000000,0.0000000000,30.5666700000
2023-04-14 19:45:00,0.0000000000,44.0000000000,0.0000000000,30.1666700000
2023-04-14 20:00:00,0.0000000000,44.0000000000,0.0000000000,29.8000000000
2023-04-14 20:15:00,0.0000000000,43.0000000000,0.0000000000,29.5166700000
2023-04-14 20:30:00,0.0000000000,43.0000000000,0.0000000000,29.6500000000
2023-04-14 20:45:00,0.0000000000,43.0000000000,0.0000000000,29.6666700000
2023-04-14 21:00:00,0.0000000000,43.0000000000,0.0000000000,29.5333300000
2023-04-14 21:15:00,0.0000000000,42.0000000000,0.0000000000,29.2333300000
2023-04-14 21:30:00,0.0000000000,42.0000000000,0.0000000000,29.0500000000
2023-04-14 21:45:00,0.0000000000,41.0000000000,0.0000000000,28.8500000000
2023-04-14 22:00:00,0.0000000000,42.0000000000,0.0000000000,28.7500000000
2023-04-14 22:15:00,0.0000000000,42.0000000000,0.0000000000,28.7833300000
2023-04-14 22:30:00,0.0000000000,42.0000000000,0.0000000000,28.7500000000
2023-04-14 22:45:00,0.0000000000,42.0000000000,0.0000000000,28.7833300000
2023-04-14 23:00:00,0.0000000000,41.0000000000,0.0000000000,28.7333300000
2023-04-14 23:15:00,0.0000000000,41.0000000000,0.0000000000,28.4666700000
2023-04-14 23:30:00,0.0000000000,41.0000000000,0.0000000000,28.2500000000
2023-04-14 23:45:00,0.0000000000,41.0000000000,0.0000000000,28.1000000000
2023-04-15 00:00:00,0.0000000000,41.0000000000,0.0000000000,28.0166700000
2023-04-15 00:15:00,0.0000000000,41.0000000000,0.0000000000,27.9833300000
2023-04-15 00:30:00,0.0000000000,40.0000000000,0.0000000000,27.7666700000
2023-04-15 00:45:00,0.0000000000,40.0000000000,0.0000000000,27.5500000000
2023-04-15 01:00:00,0.0000000000,40.0000000000,0.0000000000,27.4000000000
2023-04-15 01:15:00,0.0000000000,40.0000000000,0.0000000000,27.2666700000
2023-04-15 01:30:00,0.0000000000,40.0000000000,0.0000000000,27.2000000000
2023-04-15 01:45:00,0.0000000000,40.0000000000,0.0000000000,27.2000000000
2023-04-15 02:00:00,0.0000000000,40.0000000000,0.0000000000,27.2500000000
2023-04-15 02:15:00,0.0000000000,40.0000000000,0.0000000000,27.1500000000
2023-04-15 02:30:00,0.0000000000,40.0000000000,0.0000000000,26.9500000000
2023-04-15 02:45:00,0.0000000000,40.0000000000,0.0000000000,26.8166700000
2023-04-15 03:00:00,0.0000000000,40.0000000000,0.0000000000,26.5000000000
2023-04-15 03:15:00,0.0000000000,40.0000000000,0.0000000000,26.3000000000
2023-04-15 03:30:00,0.0000000000,40.0000000000,0.0000000000,26.1166700000
2023-04-15 03:45:00,0.0000000000,39.0000000000,0.0000000000,26.1000000000
2023-04-15 04:00:00,0.0000000000,40.0000000000,0.0000000000,26.0166700000
2023-04-15 04:15:00,0.0000000000,39.0000000000,0.0000000000,25.9833300000
2023-04-15 04:30:00,0.0000000000,39.0000000000,0.0000000000,25.8500000000
2023-04-15 04:45:00,0.0000000000,39.0000000000,0.0000000000,25.8000000000
2023-04-15 05:00:00,0.0000000000,39.0000000000,0.0000000000,25.6833300000
2023-04-15 05:15:00,0.0000000000,38.0000000000,0.0000000000,25.4000000000
2023-04-15 05:30:00,0.0000000000,39.0000000000,0.0000000000,25.2166700000
2023-04-15 05:45:00,0.0000000000,39.0000000000,0.0000000000,25.3000000000
2023-04-15 06:00:00,8.0000000000,39.0000000000,5.4090030000,25.4666700000
2023-04-15 06:15:00,16.0000000000,39.0000000000,20.7667100000,25.7666700000
2023-04-15 06:30:00,36.0000000000,39.0000000000,43.1754300000,26.3500000000
2023-04-15 06:45:00,60.0000000000,39.0000000000,77.4646500000,27.2500000000
2023-04-15 07:00:00,88.0000000000,39.0000000000,116.5833000000,28.4500000000
2023-04-15 07:15:00,120.0000000000,39.0000000000,158.6963000000,29.8500000000
2023-04-15 07:30:00,152.0000000000,40.0000000000,199.0706000000,31.3666700000
2023-04-15 07:45:00,196.0000000000,41.0000000000,256.2515000000,33.1500000000
2023-04-15 08:00:00,236.0000000000,43.0000000000,311.5006000000,35.1000000000
2023-04-15 08:15:00,268.0000000000,44.0000000000,351.1988000000,36.4166700000
2023-04-15 08:30:00,308.0000000000,44.0000000000,405.2888000000,37.9166700000
2023-04-15 08:45:00,340.0000000000,46.0000000000,449.1404000000,39.4500000000
2023-04-15 09:00:00,368.0000000000,46.0000000000,492.5090000000,41.1333400000
2023-04-15 09:15:00,368.0000000000,47.0000000000,479.8558000000,42.5000000000
2023-04-15 09:30:00,348.0000000000,47.0000000000,457.1573000000,42.6000000000
2023-04-15 09:45:00,348.0000000000,47.0000000000,438.9019000000,42.3833400000
2023-04-15 10:00:00,444.0000000000,46.0000000000,623.3876000000,45.6666700000
2023-04-15 10:15:00,440.0000000000,47.0000000000,537.7128000000,45.8166700000
2023-04-15 10:30:00,552.0000000000,47.0000000000,742.6754000000,48.7333300000
2023-04-15 10:45:00,524.0000000000,48.0000000000,714.8576000000,50.5166700000
2023-04-15 11:00:00,596.0000000000,48.0000000000,813.5720000000,51.5833300000
2023-04-15 11:15:00,552.0000000000,49.0000000000,777.5441000000,53.8333300000
2023-04-15 11:30:00,596.0000000000,48.0000000000,857.7133000000,54.8000000000
2023-04-15 11:45:00,504.0000000000,49.0000000000,721.2325000000,54.4166700000
2023-04-15 12:00:00,636.0000000000,48.0000000000,895.3831000000,55.2833300000
2023-04-15 12:15:00,568.0000000000,49.0000000000,810.5777000000,58.6166600000
2023-04-15 12:30:00,608.0000000000,49.0000000000,823.0377000000,57.0333300000
2023-04-15 12:45:00,612.0000000000,50.0000000000,860.0314000000,57.8666600000
2023-04-15 13:00:00,588.0000000000,50.0000000000,851.8214000000,58.4333300000
2023-04-15 13:15:00,452.0000000000,50.0000000000,628.7000000000,55.3500000000
2023-04-15 13:30:00,580.0000000000,50.0000000000,810.4811000000,53.7166700000
2023-04-15 13:45:00,560.0000000000,50.0000000000,795.1234000000,56.5000000000
2023-04-15 14:00:00,420.0000000000,49.0000000000,625.0296000000,54.7166700000
2023-04-15 14:15:00,448.0000000000,49.0000000000,607.9332000000,50.6500000000
2023-04-15 14:30:00,456.0000000000,49.0000000000,581.1780000000,48.7666700000
2023-04-15 14:45:00,428.0000000000,49.0000000000,587.5529000000,47.8500000000
2023-04-15 15:00:00,368.0000000000,49.0000000000,502.4577000000,46.9166700000
2023-04-15 15:15:00,360.0000000000,48.0000000000,486.8102000000,45.4833300000
2023-04-15 15:30:00,324.0000000000,48.0000000000,444.8905000000,45.1333400000
2023-04-15 15:45:00,280.0000000000,48.0000000000,390.7039000000,44.2333300000
2023-04-15 16:00:00,248.0000000000,49.0000000000,341.1535000000,42.9500000000
2023-04-15 16:15:00,204.0000000000,47.0000000000,290.4442000000,42.0166700000
2023-04-15 16:30:00,172.0000000000,47.0000000000,242.9222000000,41.2166700000
2023-04-15 16:45:00,136.0000000000,46.0000000000,197.3320000000,40.0666700000
2023-04-15 17:00:00,104.0000000000,47.0000000000,152.5146000000,38.7500000000
2023-04-15 17:15:00,72.0000000000,47.0000000000,113.0095000000,37.5666700000
2023-04-15 17:30:00,52.0000000000,47.0000000000,79.4930300000,36.1166600000
2023-04-15 17:45:00,32.0000000000,47.0000000000,47.9083100000,34.9833300000
2023-04-15 18:00:00,12.0000000000,46.0000000000,24.2439200000,33.9666700000
2023-04-15 18:15:00,4.0000000000,46.0000000000,6.3748950000,33.1500000000
2023-04-15 18:30:00,0.0000000000,46.0000000000,0.0000000000,32.4166700000
2023-04-15 18:45:00,0.0000000000,45.0000000000,0.0000000000,31.9500000000
2023-04-15 19:00:00,0.0000000000,45.0000000000,0.0000000000,31.5500000000
2023-04-15 19:15:00,0.0000000000,44.0000000000,0.0000000000,31.3166700000
2023-04-15 19:30:00,0.0000000000,44.0000000000,0.0000000000,31.1500000000
2023-04-15 19:45:00,0.0000000000,43.0000000000,0.0000000000,30.7500000000
2023-04-15 20:00:00,0.0000000000,43.0000000000,0.0000000000,30.4000000000
2023-04-15 20:15:00,0.0000000000,43.0000000000,0.0000000000,30.2166700000
2023-04-15 20:30:00,0.0000000000,43.0000000000,0.0000000000,30.0500000000
2023-04-15 20:45:00,0.0000000000,42.0000000000,0.0000000000,29.8666700000
2023-04-15 21:00:00,0.0000000000,43.0000000000,0.0000000000,29.7166700000
2023-04-15 21:15:00,0.0000000000,42.0000000000,0.0000000000,29.5000000000
2023-04-15 21:30:00,0.0000000000,43.0000000000,0.0000000000,29.4500000000
2023-04-15 21:45:00,0.0000000000,43.0000000000,0.0000000000,29.4833300000
2023-04-15 22:00:00,0.0000000000,43.0000000000,0.0000000000,29.3166700000
2023-04-15 22:15:00,0.0000000000,42.0000000000,0.0000000000,29.3000000000
2023-04-15 22:30:00,0.0000000000,42.0000000000,0.0000000000,29.1666700000
2023-04-15 22:45:00,0.0000000000,42.0000000000,0.0000000000,29.0000000000
2023-04-15 23:00:00,0.0000000000,42.0000000000,0.0000000000,28.8666700000
2023-04-15 23:15:00,0.0000000000,41.0000000000,0.0000000000,28.8833300000
2023-04-15 23:30:00,0.0000000000,42.0000000000,0.0000000000,28.8000000000
2023-04-15 23:45:00,0.0000000000,41.0000000000,0.0000000000,28.8000000000
2023-04-16 00:00:00,0.0000000000,41.0000000000,0.0000000000,28.7166700000
2023-04-16 00:15:00,0.0000000000,42.0000000000,0.0000000000,28.7833300000
2023-04-16 00:30:00,0.0000000000,41.0000000000,0.0000000000,28.8000000000
2023-04-16 00:45:00,0.0000000000,40.0000000000,0.0000000000,28.8500000000
2023-04-16 01:00:00,0.0000000000,41.0000000000,0.0000000000,28.8000000000
2023-04-16 01:15:00,0.0000000000,41.0000000000,0.0000000000,28.7000000000
2023-04-16 01:30:00,0.0000000000,42.0000000000,0.0000000000,28.6833300000
2023-04-16 01:45:00,0.0000000000,40.0000000000,0.0000000000,28.3833300000
2023-04-16 02:00:00,0.0000000000,40.0000000000,0.0000000000,28.2166700000
2023-04-16 02:15:00,0.0000000000,41.0000000000,0.0000000000,28.1833300000
2023-04-16 02:30:00,0.0000000000,41.0000000000,0.0000000000,28.0500000000
2023-04-16 02:45:00,0.0000000000,40.0000000000,0.0000000000,28.0000000000
2023-04-16 03:00:00,0.0000000000,41.0000000000,0.0000000000,27.9333300000
2023-04-16 03:15:00,0.0000000000,40.0000000000,0.0000000000,28.4333300000
2023-04-16 03:30:00,0.0000000000,41.0000000000,0.0000000000,28.6500000000
2023-04-16 03:45:00,0.0000000000,40.0000000000,0.0000000000,28.4000000000
2023-04-16 04:00:00,0.0000000000,40.0000000000,0.0000000000,28.3000000000
2023-04-16 04:15:00,0.0000000000,40.0000000000,0.0000000000,28.2833300000
2023-04-16 04:30:00,0.0000000000,39.0000000000,0.0000000000,28.2833300000
2023-04-16 04:45:00,0.0000000000,40.0000000000,0.0000000000,28.3166700000
2023-04-16 05:00:00,0.0000000000,40.0000000000,0.0000000000,27.8166700000
2023-04-16 05:15:00,0.0000000000,39.0000000000,0.0000000000,27.3666700000
2023-04-16 05:30:00,0.0000000000,40.0000000000,0.0000000000,27.1500000000
2023-04-16 05:45:00,0.0000000000,40.0000000000,0.0000000000,26.9333300000
2023-04-16 06:00:00,4.0000000000,39.0000000000,1.8351970000,27.2833300000
2023-04-16 06:15:00,12.0000000000,39.0000000000,13.9088600000,27.4666700000
2023-04-16 06:30:00,20.0000000000,40.0000000000,29.7495100000,27.7166700000
2023-04-16 06:45:00,36.0000000000,40.0000000000,40.9538800000,28.2166700000
2023-04-16 07:00:00,44.0000000000,40.0000000000,56.1184000000,28.7166700000
2023-04-16 07:15:00,64.0000000000,40.0000000000,79.1066700000,28.9666700000
2023-04-16 07:30:00,88.0000000000,40.0000000000,107.5039000000,29.5166700000
2023-04-16 07:45:00,104.0000000000,40.0000000000,133.1001000000,30.2166700000
2023-04-16 08:00:00,132.0000000000,40.0000000000,159.4690000000,30.9500000000
2023-04-16 08:15:00,160.0000000000,40.0000000000,195.7866000000,31.9666700000
2023-04-16 08:30:00,192.0000000000,41.0000000000,235.3882000000,33.0666700000
2023-04-16 08:45:00,212.0000000000,41.0000000000,262.4332000000,33.6333400000
2023-04-16 09:00:00,236.0000000000,41.0000000000,292.3759000000,34.7000000000
2023-04-16 09:15:00,304.0000000000,40.0000000000,373.4144000000,37.0166700000
2023-04-16 09:30:00,340.0000000000,42.0000000000,427.1180000000,38.4666700000
2023-04-16 09:45:00,300.0000000000,42.0000000000,397.3685000000,39.5000000000
2023-04-16 10:00:00,288.0000000000,43.0000000000,366.0736000000,39.5000000000
2023-04-16 10:15:00,344.0000000000,43.0000000000,425.1862000000,39.8500000000
2023-04-16 10:30:00,400.0000000000,44.0000000000,510.5712000000,42.5166700000
2023-04-16 10:45:00,324.0000000000,44.0000000000,440.2542000000,43.5333300000
2023-04-16 11:00:00,200.0000000000,45.0000000000,275.7626000000,40.3666600000
2023-04-16 11:15:00,260.0000000000,44.0000000000,323.6708000000,38.0666700000
2023-04-16 11:30:00,248.0000000000,45.0000000000,298.0747000000,37.7666700000
2023-04-16 11:45:00,404.0000000000,44.0000000000,491.1567000000,39.3166700000
2023-04-16 12:00:00,284.0000000000,45.0000000000,366.5565000000,40.3166700000
2023-04-16 12:15:00,304.0000000000,45.0000000000,396.4026000000,39.7333300000
2023-04-16 12:30:00,316.0000000000,45.0000000000,385.3914000000,38.9166700000
2023-04-16 12:45:00,260.0000000000,45.0000000000,353.9033000000,39.2000000000
2023-04-16 13:00:00,260.0000000000,45.0000000000,306.4779000000,37.9833300000
2023-04-16 13:15:00,368.0000000000,45.0000000000,430.7884000000,39.1166600000
2023-04-16 13:30:00,408.0000000000,45.0000000000,529.0198000000,40.8666600000
2023-04-16 13:45:00,356.0000000000,44.0000000000,455.3221000000,40.3166700000
2023-04-16 14:00:00,436.0000000000,45.0000000000,535.6844000000,41.6000000000
2023-04-16 14:15:00,308.0000000000,45.0000000000,434.6520000000,42.9833300000
2023-04-16 14:30:00,324.0000000000,45.0000000000,364.8179000000,39.1166600000
2023-04-16 14:45:00,284.0000000000,45.0000000000,416.1069000000,40.2500000000
2023-04-16 15:00:00,272.0000000000,45.0000000000,339.5115000000,39.1166600000
2023-04-16 15:15:00,264.0000000000,45.0000000000,351.5852000000,38.7333300000
2023-04-16 15:30:00,220.0000000000,45.0000000000,287.2567000000,37.6000000000
2023-04-16 15:45:00,228.0000000000,44.0000000000,287.8362000000,36.6166600000
2023-04-16 16:00:00,216.0000000000,45.0000000000,283.8760000000,36.8666600000
2023-04-16 16:15:00,172.0000000000,44.0000000000,229.2065000000,35.9333300000
2023-04-16 16:30:00,148.0000000000,45.0000000000,201.5820000000,34.9333300000
2023-04-16 16:45:00,120.0000000000,43.0000000000,163.1394000000,34.3500000000
2023-04-16 17:00:00,100.0000000000,43.0000000000,132.2308000000,33.5666700000
2023-04-16 17:15:00,84.0000000000,43.0000000000,114.4584000000,33.1000000000
2023-04-16 17:30:00,64.0000000000,43.0000000000,88.7656000000,32.4666700000
2023-04-16 17:45:00,32.0000000000,43.0000000000,50.6128100000,31.6833300000
2023-04-16 18:00:00,12.0000000000,43.0000000000,19.8008100000,30.6500000000
2023-04-16 18:15:00,0.0000000000,43.0000000000,2.8010910000,29.9000000000
2023-04-16 18:30:00,0.0000000000,42.0000000000,0.0000000000,29.4166700000
2023-04-16 18:45:00,0.0000000000,43.0000000000,0.0000000000,29.1500000000
2023-04-16 19:00:00,0.0000000000,42.0000000000,0.0000000000,28.8500000000
2023-04-16 19:15:00,0.0000000000,42.0000000000,0.0000000000,28.6166700000
2023-04-16 19:30:00,0.0000000000,41.0000000000,0.0000000000,28.6000000000
2023-04-16 19:45:00,0.0000000000,41.0000000000,0.0000000000,28.6000000000
2023-04-16 20:00:00,0.0000000000,41.0000000000,0.0000000000,28.4500000000
2023-04-16 20:15:00,0.0000000000,41.0000000000,0.0000000000,28.0833300000
2023-04-16 20:30:00,0.0000000000,41.0000000000,0.0000000000,27.6166700000
2023-04-16 20:45:00,0.0000000000,41.0000000000,0.0000000000,27.2333300000
2023-04-16 21:00:00,0.0000000000,41.0000000000,0.0000000000,27.0166700000
2023-04-16 21:15:00,0.0000000000,41.0000000000,0.0000000000,27.0833300000
2023-04-16 21:30:00,0.0000000000,40.0000000000,0.0000000000,27.1500000000
2023-04-16 21:45:00,0.0000000000,40.0000000000,0.0000000000,27.1833300000
2023-04-16 22:00:00,0.0000000000,41.0000000000,0.0000000000,26.9166700000
2023-04-16 22:15:00,0.0000000000,40.0000000000,0.0000000000,26.7833300000
2023-04-16 22:30:00,0.0000000000,40.0000000000,0.0000000000,27.0000000000
2023-04-16 22:45:00,0.0000000000,40.0000000000,0.0000000000,27.0833300000
2023-04-16 23:00:00,0.0000000000,40.0000000000,0.0000000000,26.9833300000
2023-04-16 23:15:00,0.0000000000,40.0000000000,0.0000000000,26.8166700000
2023-04-16 23:30:00,0.0000000000,40.0000000000,0.0000000000,26.8000000000
2023-04-16 23:45:00,0.0000000000,39.0000000000,0.0000000000,26.7333300000
2023-04-17 00:00:00,0.0000000000,40.0000000000,0.0000000000,26.4000000000
2023-04-17 00:15:00,0.0000000000,39.0000000000,0.0000000000,26.0166700000
2023-04-17 00:30:00,0.0000000000,39.0000000000,0.0000000000,25.8833300000
2023-04-17 00:45:00,0.0000000000,40.0000000000,0.0000000000,25.9333300000
2023-04-17 01:00:00,0.0000000000,39.0000000000,0.0000000000,26.1500000000
2023-04-17 01:15:00,0.0000000000,39.0000000000,0.0000000000,26.2500000000
2023-04-17 01:30:00,0.0000000000,39.0000000000,0.0000000000,26.0500000000
2023-04-17 01:45:00,0.0000000000,40.0000000000,0.0000000000,25.8166700000
2023-04-17 02:00:00,0.0000000000,39.0000000000,0.0000000000,25.6166700000
2023-04-17 02:15:00,0.0000000000,39.0000000000,0.0000000000,25.6500000000
2023-04-17 02:30:00,0.0000000000,39.0000000000,0.0000000000,25.5333300000
2023-04-17 02:45:00,0.0000000000,39.0000000000,0.0000000000,25.4500000000
2023-04-17 03:00:00,0.0000000000,39.0000000000,0.0000000000,25.5000000000
2023-04-17 03:15:00,0.0000000000,39.0000000000,0.0000000000,25.6333300000
2023-04-17 03:30:00,0.0000000000,39.0000000000,0.0000000000,25.7000000000
2023-04-17 03:45:00,0.0000000000,39.0000000000,0.0000000000,25.6000000000
2023-04-17 04:00:00,0.0000000000,39.0000000000,0.0000000000,25.4500000000
2023-04-17 04:15:00,0.0000000000,38.0000000000,0.0000000000,25.3666700000
2023-04-17 04:30:00,0.0000000000,38.0000000000,0.0000000000,25.4000000000
2023-04-17 04:45:00,0.0000000000,38.0000000000,0.0000000000,25.3833300000
2023-04-17 05:00:00,0.0000000000,38.0000000000,0.0000000000,25.2833300000
2023-04-17 05:15:00,0.0000000000,38.0000000000,0.0000000000,25.2000000000
2023-04-17 05:30:00,0.0000000000,38.0000000000,0.0000000000,25.1166700000
2023-04-17 05:45:00,0.0000000000,38.0000000000,0.0000000000,25.0500000000
2023-04-17 06:00:00,6.0000000000,38.0000000000,5.3124140000,25.0666700000
2023-04-17 06:15:00,20.4000000000,38.0000000000,24.2439300000,25.3666700000
2023-04-17 06:30:00,37.6000000000,38.0000000000,46.6526500000,26.0500000000
2023-04-17 06:45:00,60.8000000000,38.0000000000,76.6919300000,26.9833300000
2023-04-17 07:00:00,90.4000000000,39.0000000000,116.6799000000,28.3500000000
2023-04-17 07:15:00,122.8000000000,39.0000000000,159.2758000000,29.7833300000
2023-04-17 07:30:00,155.6000000000,40.0000000000,205.8318000000,31.5833300000
2023-04-17 07:45:00,188.0000000000,41.0000000000,248.3311000000,33.3666600000
2023-04-17 08:00:00,226.0000000000,40.0000000000,295.1770000000,34.9500000000
2023-04-17 08:15:00,254.0000000000,42.0000000000,331.5912000000,36.2500000000
2023-04-17 08:30:00,296.0000000000,44.0000000000,392.5391000000,37.8833400000
2023-04-17 08:45:00,344.4000000000,45.0000000000,448.9472000000,40.0000000000
2023-04-17 09:00:00,364.0000000000,45.0000000000,490.9636000000,41.9833300000
2023-04-17 09:15:00,400.0000000000,45.0000000000,522.8381000000,43.0666700000
2023-04-17 09:30:00,448.0000000000,46.0000000000,601.4618000000,44.3833400000
2023-04-17 09:45:00,484.0000000000,46.0000000000,641.2566000000,46.2500000000
2023-04-17 10:00:00,504.0000000000,47.0000000000,685.7842000000,48.1166600000
2023-04-17 10:15:00,448.0000000000,48.0000000000,617.2059000000,48.0166700000
2023-04-17 10:30:00,472.0000000000,48.0000000000,636.5237000000,47.9333300000
2023-04-17 10:45:00,284.0000000000,47.0000000000,463.9186000000,47.9000000000
2023-04-17 11:00:00,464.0000000000,47.0000000000,546.9854000000,45.1500000000
2023-04-17 11:15:00,612.0000000000,47.0000000000,846.1226000000,51.4666700000
2023-04-17 11:30:00,636.0000000000,48.0000000000,884.4685000000,55.8666600000
2023-04-17 11:45:00,632.0000000000,48.0000000000,902.2410000000,57.8833400000
2023-04-17 12:00:00,476.0000000000,49.0000000000,716.0167000000,55.5500000000
2023-04-17 12:15:00,424.0000000000,49.0000000000,572.0021000000,51.0166700000
2023-04-17 12:30:00,480.0000000000,49.0000000000,761.6069000000,53.8166700000
2023-04-17 12:45:00,496.0000000000,49.0000000000,640.3873000000,51.0166700000
2023-04-17 13:00:00,588.0000000000,48.0000000000,825.9354000000,52.6166600000
2023-04-17 13:15:00,584.0000000000,48.0000000000,836.9466000000,55.0666700000
2023-04-17 13:30:00,500.0000000000,48.0000000000,723.7439000000,55.8166700000
2023-04-17 13:45:00,504.0000000000,48.0000000000,611.7003000000,52.8333300000
2023-04-17 14:00:00,360.0000000000,49.0000000000,523.1278000000,51.0666700000
2023-04-17 14:15:00,456.0000000000,48.0000000000,590.1608000000,49.3500000000
2023-04-17 14:30:00,484.0000000000,48.0000000000,686.3638000000,52.1333400000
2023-04-17 14:45:00,476.0000000000,48.0000000000,653.1371000000,50.7000000000
2023-04-17 15:00:00,444.0000000000,48.0000000000,608.1265000000,50.3500000000
2023-04-17 15:15:00,396.0000000000,48.0000000000,545.8263000000,48.0166700000
2023-04-17 15:30:00,352.0000000000,48.0000000000,487.3898000000,46.7000000000
2023-04-17 15:45:00,316.0000000000,48.0000000000,437.2599000000,45.1666700000
2023-04-17 16:00:00,280.0000000000,48.0000000000,388.1925000000,43.1666700000
2023-04-17 16:15:00,244.0000000000,48.0000000000,339.5115000000,41.8666600000
2023-04-17 16:30:00,200.0000000000,46.0000000000,286.1942000000,41.0666700000
2023-04-17 16:45:00,160.0000000000,46.0000000000,234.8086000000,39.8000000000
2023-04-17 17:00:00,124.0000000000,46.0000000000,181.5880000000,38.6833300000
2023-04-17 17:15:00,84.0000000000,46.0000000000,132.8103000000,37.2833300000
2023-04-17 17:30:00,56.0000000000,46.0000000000,88.4758300000,36.0000000000
2023-04-17 17:45:00,24.0000000000,46.0000000000,43.1754300000,34.8000000000
2023-04-17 18:00:00,4.0000000000,45.0000000000,8.4998610000,33.5666700000
2023-04-17 18:15:00,0.0000000000,46.0000000000,0.4829467000,32.5666700000
2023-04-17 18:30:00,0.0000000000,45.0000000000,0.0000000000,31.9166700000
2023-04-17 18:45:00,0.0000000000,45.0000000000,0.0000000000,31.5500000000
2023-04-17 19:00:00,0.0000000000,44.0000000000,0.0000000000,31.1666700000
2023-04-17 19:15:00,0.0000000000,44.0000000000,0.0000000000,30.8666700000
2023-04-17 19:30:00,0.0000000000,44.0000000000,0.0000000000,30.6500000000
2023-04-17 19:45:00,0.0000000000,43.0000000000,0.0000000000,30.4333300000
2023-04-17 20:00:00,0.0000000000,43.0000000000,0.0000000000,30.1666700000
2023-04-17 20:15:00,0.0000000000,43.0000000000,0.0000000000,29.8000000000
2023-04-17 20:30:00,0.0000000000,43.0000000000,0.0000000000,29.3333300000
2023-04-17 20:45:00,0.0000000000,43.0000000000,0.0000000000,29.2500000000
2023-04-17 21:00:00,0.0000000000,43.0000000000,0.0000000000,29.4333300000
2023-04-17 21:15:00,0.0000000000,42.0000000000,0.0000000000,29.3500000000
2023-04-17 21:30:00,0.0000000000,43.0000000000,0.0000000000,29.1500000000
2023-04-17 21:45:00,0.0000000000,42.0000000000,0.0000000000,28.8666700000
2023-04-17 22:00:00,0.0000000000,42.0000000000,0.0000000000,28.8166700000
2023-04-17 22:15:00,0.0000000000,41.0000000000,0.0000000000,28.8833300000
2023-04-17 22:30:00,0.0000000000,42.0000000000,0.0000000000,28.7000000000
2023-04-17 22:45:00,0.0000000000,42.0000000000,0.0000000000,28.6000000000
2023-04-17 23:00:00,0.0000000000,41.0000000000,0.0000000000,28.6000000000
2023-04-17 23:15:00,0.0000000000,42.0000000000,0.0000000000,28.5833300000
2023-04-17 23:30:00,0.0000000000,42.0000000000,0.0000000000,28.4333300000
2023-04-17 23:45:00,0.0000000000,41.0000000000,0.0000000000,28.1500000000
2023-04-18 00:00:00,0.0000000000,41.0000000000,0.0000000000,27.8666700000
2023-04-18 00:15:00,0.0000000000,40.0000000000,0.0000000000,27.8000000000
2023-04-18 00:30:00,0.0000000000,41.0000000000,0.0000000000,27.7833300000
2023-04-18 00:45:00,0.0000000000,40.0000000000,0.0000000000,27.7000000000
2023-04-18 01:00:00,0.0000000000,40.0000000000,0.0000000000,27.6666700000
2023-04-18 01:15:00,0.0000000000,40.0000000000,0.0000000000,27.5500000000
2023-04-18 01:30:00,0.0000000000,40.0000000000,0.0000000000,27.4000000000
2023-04-18 01:45:00,0.0000000000,40.0000000000,0.0000000000,27.4000000000
2023-04-18 02:00:00,0.0000000000,40.0000000000,0.0000000000,27.4000000000
2023-04-18 02:15:00,0.0000000000,41.0000000000,0.0000000000,27.3333300000
2023-04-18 02:30:00,0.0000000000,40.0000000000,0.0000000000,27.0666700000
2023-04-18 02:45:00,0.0000000000,40.0000000000,0.0000000000,26.8666700000
2023-04-18 03:00:00,0.0000000000,39.0000000000,0.0000000000,26.8666700000
2023-04-18 03:15:00,0.0000000000,40.0000000000,0.0000000000,26.7333300000
2023-04-18 03:30:00,0.0000000000,40.0000000000,0.0000000000,26.4666700000
2023-04-18 03:45:00,0.0000000000,39.0000000000,0.0000000000,26.2000000000
2023-04-18 04:00:00,0.0000000000,40.0000000000,0.0000000000,25.8166700000
2023-04-18 04:15:00,0.0000000000,39.0000000000,0.0000000000,25.6833300000
2023-04-18 04:30:00,0.0000000000,39.0000000000,0.0000000000,25.6000000000
2023-04-18 04:45:00,0.0000000000,39.0000000000,0.0000000000,25.5833300000
2023-04-18 05:00:00,0.0000000000,39.0000000000,0.0000000000,25.5833300000
2023-04-18 05:15:00,0.0000000000,39.0000000000,0.0000000000,25.6000000000
2023-04-18 05:30:00,0.0000000000,39.0000000000,0.0000000000,25.6000000000
2023-04-18 05:45:00,0.8000000000,38.0000000000,0.1931787000,25.6166700000
2023-04-18 06:00:00,9.2000000000,38.0000000000,8.9828070000,25.7500000000
2023-04-18 06:15:00,29.2000000000,38.0000000000,33.9028500000,26.0500000000
2023-04-18 06:30:00,50.8000000000,39.0000000000,64.5216800000,26.9000000000
2023-04-18 06:45:00,70.4000000000,39.0000000000,89.8280800000,28.0500000000
2023-04-18 07:00:00,88.8000000000,39.0000000000,123.0548000000,29.1000000000
2023-04-18 07:15:00,104.8000000000,39.0000000000,137.7364000000,29.9333300000
2023-04-18 07:30:00,124.4000000000,39.0000000000,161.4974000000,30.9500000000
2023-04-18 07:45:00,187.6000000000,41.0000000000,237.1268000000,32.4833300000
2023-04-18 08:00:00,213.2000000000,42.0000000000,284.3590000000,34.5833300000
2023-04-18 08:15:00,236.8000000000,43.0000000000,298.0747000000,35.5333300000
2023-04-18 08:30:00,254.8000000000,43.0000000000,346.1762000000,36.9500000000
2023-04-18 08:45:00,314.4000000000,44.0000000000,397.3685000000,38.3333300000
2023-04-18 09:00:00,384.0000000000,45.0000000000,501.0089000000,41.1166600000
2023-04-18 09:15:00,348.0000000000,45.0000000000,481.0149000000,43.0000000000
2023-04-18 09:30:00,412.0000000000,46.0000000000,534.2356000000,43.4166700000
2023-04-18 09:45:00,496.0000000000,47.0000000000,667.8187000000,45.3000000000
2023-04-18 10:00:00,492.0000000000,47.0000000000,681.7275000000,48.2000000000
2023-04-18 10:15:00,472.0000000000,47.0000000000,659.8018000000,49.2333300000
2023-04-18 10:30:00,548.0000000000,49.0000000000,724.9030000000,48.9333300000
2023-04-18 10:45:00,372.0000000000,49.0000000000,527.3778000000,48.4333300000
2023-04-18 11:00:00,420.0000000000,48.0000000000,520.0370000000,46.2166700000
2023-04-18 11:15:00,480.0000000000,48.0000000000,699.5966000000,47.5500000000
2023-04-18 11:30:00,488.0000000000,47.0000000000,603.8765000000,47.7500000000
2023-04-18 11:45:00,504.0000000000,48.0000000000,660.9608000000,47.7500000000
2023-04-18 12:00:00,632.0000000000,48.0000000000,835.6909000000,50.6666700000
2023-04-18 12:15:00,620.0000000000,48.0000000000,889.6844000000,52.9000000000
2023-04-18 12:30:00,584.0000000000,49.0000000000,850.6622000000,54.5333300000
2023-04-18 12:45:00,516.0000000000,49.0000000000,734.6585000000,53.8666600000
2023-04-18 13:00:00,496.0000000000,48.0000000000,664.3414000000,50.9000000000
2023-04-18 13:15:00,516.0000000000,49.0000000000,709.5452000000,49.7166700000
2023-04-18 13:30:00,488.0000000000,48.0000000000,693.7046000000,48.7833300000
2023-04-18 13:45:00,580.0000000000,48.0000000000,791.9360000000,50.6166600000
2023-04-18 14:00:00,564.0000000000,48.0000000000,776.9646000000,52.2166700000
2023-04-18 14:15:00,540.0000000000,48.0000000000,754.7491000000,51.7333300000
2023-04-18 14:30:00,508.0000000000,48.0000000000,709.2555000000,51.7333300000
2023-04-18 14:45:00,472.0000000000,48.0000000000,656.5177000000,50.7166700000
2023-04-18 15:00:00,436.0000000000,48.0000000000,603.0073000000,49.4500000000
2023-04-18 15:15:00,396.0000000000,48.0000000000,543.0252000000,48.9000000000
2023-04-18 15:30:00,368.0000000000,48.0000000000,503.2304000000,46.3000000000
2023-04-18 15:45:00,336.0000000000,48.0000000000,464.7879000000,45.5833300000
2023-04-18 16:00:00,284.0000000000,48.0000000000,395.9197000000,43.3666600000
2023-04-18 16:15:00,244.0000000000,47.0000000000,342.7956000000,42.5000000000
2023-04-18 16:30:00,216.0000000000,47.0000000000,302.3246000000,41.5833300000
2023-04-18 16:45:00,180.0000000000,47.0000000000,256.1549000000,40.7166700000
2023-04-18 17:00:00,144.0000000000,46.0000000000,207.0875000000,39.1166600000
2023-04-18 17:15:00,100.0000000000,46.0000000000,150.0998000000,37.4333300000
2023-04-18 17:30:00,60.0000000000,46.0000000000,97.8450100000,35.8666600000
2023-04-18 17:45:00,32.0000000000,45.0000000000,54.9593300000,34.6000000000
2023-04-18 18:00:00,8.0000000000,45.0000000000,16.7099600000,33.2833300000
2023-04-18 18:15:00,4.0000000000,45.0000000000,3.4772160000,32.3166700000
2023-04-18 18:30:00,0.0000000000,44.0000000000,0.0000000000,31.7000000000
2023-04-18 18:45:00,0.0000000000,45.0000000000,0.0000000000,31.2333300000
2023-04-18 19:00:00,0.0000000000,44.0000000000,0.0000000000,30.8000000000
2023-04-18 19:15:00,0.0000000000,43.0000000000,0.0000000000,30.5166700000
2023-04-18 19:30:00,0.0000000000,43.0000000000,0.0000000000,30.3500000000
2023-04-18 19:45:00,0.0000000000,43.0000000000,0.0000000000,30.0666700000
2023-04-18 20:00:00,0.0000000000,43.0000000000,0.0000000000,30.0000000000
2023-04-18 20:15:00,0.0000000000,43.0000000000,0.0000000000,29.9833300000
2023-04-18 20:30:00,0.0000000000,42.0000000000,0.0000000000,29.8500000000
2023-04-18 20:45:00,0.0000000000,41.0000000000,0.0000000000,29.7000000000
2023-04-18 21:00:00,0.0000000000,42.0000000000,0.0000000000,29.6000000000
2023-04-18 21:15:00,0.0000000000,42.0000000000,0.0000000000,29.5000000000
2023-04-18 21:30:00,0.0000000000,42.0000000000,0.0000000000,29.3333300000
2023-04-18 21:45:00,0.0000000000,42.0000000000,0.0000000000,29.1833300000
2023-04-18 22:00:00,0.0000000000,41.0000000000,0.0000000000,29.0500000000
2023-04-18 22:15:00,0.0000000000,41.0000000000,0.0000000000,28.9166700000
2023-04-18 22:30:00,0.0000000000,41.0000000000,0.0000000000,28.9166700000
2023-04-18 22:45:00,0.0000000000,41.0000000000,0.0000000000,28.9666700000
2023-04-18 23:00:00,0.0000000000,41.0000000000,0.0000000000,28.9000000000
2023-04-18 23:15:00,0.0000000000,40.0000000000,0.0000000000,28.6666700000
2023-04-18 23:30:00,0.0000000000,41.0000000000,0.0000000000,28.5166700000
2023-04-18 23:45:00,0.0000000000,40.0000000000,0.0000000000,28.5000000000
2023-04-19 00:00:00,0.0000000000,40.0000000000,0.0000000000,28.5000000000
2023-04-19 00:15:00,0.0000000000,40.0000000000,0.0000000000,28.4500000000
2023-04-19 00:30:00,0.0000000000,41.0000000000,0.0000000000,28.4833300000
2023-04-19 00:45:00,0.0000000000,41.0000000000,0.0000000000,28.3666700000
2023-04-19 01:00:00,0.0000000000,40.0000000000,0.0000000000,28.2500000000
2023-04-19 01:15:00,0.0000000000,40.0000000000,0.0000000000,28.0500000000
2023-04-19 01:30:00,0.0000000000,40.0000000000,0.0000000000,27.9833300000
2023-04-19 01:45:00,0.0000000000,40.0000000000,0.0000000000,28.0500000000
2023-04-19 02:00:00,0.0000000000,40.0000000000,0.0000000000,28.1000000000
2023-04-19 02:15:00,0.0000000000,40.0000000000,0.0000000000,28.0500000000
2023-04-19 02:30:00,0.0000000000,40.0000000000,0.0000000000,28.0000000000
2023-04-19 02:45:00,0.0000000000,40.0000000000,0.0000000000,28.0666700000
2023-04-19 03:00:00,0.0000000000,40.0000000000,0.0000000000,28.0833300000
2023-04-19 03:15:00,0.0000000000,40.0000000000,0.0000000000,28.1166700000
2023-04-19 03:30:00,0.0000000000,40.0000000000,0.0000000000,27.9500000000
2023-04-19 03:45:00,0.0000000000,40.0000000000,0.0000000000,27.8500000000
2023-04-19 04:00:00,0.0000000000,40.0000000000,0.0000000000,27.8166700000
2023-04-19 04:15:00,0.0000000000,40.0000000000,0.0000000000,27.9166700000
2023-04-19 04:30:00,0.0000000000,40.0000000000,0.0000000000,28.1000000000
2023-04-19 04:45:00,0.0000000000,40.0000000000,0.0000000000,28.1333300000
2023-04-19 05:00:00,0.0000000000,39.0000000000,0.0000000000,28.1500000000
2023-04-19 05:15:00,0.0000000000,40.0000000000,0.0000000000,28.2833300000
2023-04-19 05:30:00,0.0000000000,40.0000000000,0.0000000000,27.9833300000
2023-04-19 05:45:00,0.4000000000,40.0000000000,0.0965893300,27.6000000000
2023-04-19 06:00:00,5.6000000000,40.0000000000,5.6987710000,27.5333300000
2023-04-19 06:15:00,14.4000000000,39.0000000000,17.6758500000,27.5166700000
2023-04-19 06:30:00,33.2000000000,40.0000000000,40.1811600000,27.9666700000
2023-04-19 06:45:00,59.2000000000,40.0000000000,73.5044900000,28.9500000000
2023-04-19 07:00:00,91.2000000000,40.0000000000,117.4526000000,30.1666700000
2023-04-19 07:15:00,120.8000000000,40.0000000000,161.4973000000,31.7333300000
2023-04-19 07:30:00,152.0000000000,41.0000000000,200.2297000000,33.5166700000
2023-04-19 07:45:00,150.4000000000,42.0000000000,213.3658000000,35.6000000000
2023-04-19 08:00:00,110.0000000000,43.0000000000,144.2079000000,35.6500000000
2023-04-19 08:15:00,184.4000000000,42.0000000000,228.0474000000,35.6000000000
2023-04-19 08:30:00,176.8000000000,43.0000000000,234.5189000000,37.8166700000
2023-04-19 08:45:00,164.0000000000,43.0000000000,228.3372000000,38.0666700000
2023-04-19 09:00:00,328.0000000000,44.0000000000,366.4599000000,38.1333400000
2023-04-19 09:15:00,288.0000000000,45.0000000000,375.7325000000,43.2166700000
2023-04-19 09:30:00,476.0000000000,46.0000000000,639.9043000000,46.6666700000
2023-04-19 09:45:00,468.0000000000,47.0000000000,634.4954000000,50.9166700000
2023-04-19 10:00:00,464.0000000000,47.0000000000,622.4217000000,52.3500000000
2023-04-19 10:15:00,544.0000000000,47.0000000000,752.7207000000,53.3166700000
2023-04-19 10:30:00,460.0000000000,49.0000000000,679.8923000000,55.4500000000
2023-04-19 10:45:00,524.0000000000,48.0000000000,636.9101000000,53.6000000000
2023-04-19 11:00:00,572.0000000000,48.0000000000,783.9190000000,55.9500000000
2023-04-19 11:15:00,488.0000000000,49.0000000000,669.3641000000,56.8666600000
2023-04-19 11:30:00,632.0000000000,50.0000000000,884.6617000000,56.5000000000
2023-04-19 11:45:00,628.0000000000,50.0000000000,897.1218000000,59.8166700000
2023-04-19 12:00:00,628.0000000000,49.0000000000,908.6158000000,61.8000000000
2023-04-19 12:15:00,600.0000000000,49.0000000000,872.0085000000,62.3833400000
2023-04-19 12:30:00,560.0000000000,50.0000000000,745.9594000000,60.6500000000
2023-04-19 12:45:00,336.0000000000,49.0000000000,555.7750000000,57.0833300000
2023-04-19 13:00:00,480.0000000000,49.0000000000,545.9229000000,51.0333300000
2023-04-19 13:15:00,512.0000000000,49.0000000000,713.3123000000,55.0833300000
2023-04-19 13:30:00,592.0000000000,49.0000000000,847.9578000000,57.8500000000
2023-04-19 13:45:00,408.0000000000,49.0000000000,661.2506000000,59.8000000000
2023-04-19 14:00:00,324.0000000000,49.0000000000,393.3118000000,52.7333300000
2023-04-19 14:15:00,464.0000000000,49.0000000000,621.0694000000,51.0500000000
2023-04-19 14:30:00,356.0000000000,49.0000000000,520.3268000000,52.8666600000
2023-04-19 14:45:00,328.0000000000,49.0000000000,452.8108000000,47.3833400000
2023-04-19 15:00:00,400.0000000000,49.0000000000,506.5144000000,46.6000000000
2023-04-19 15:15:00,372.0000000000,49.0000000000,522.8381000000,47.7333300000
2023-04-19 15:30:00,336.0000000000,48.0000000000,466.3333000000,47.6333400000
2023-04-19 15:45:00,284.0000000000,48.0000000000,404.9991000000,46.3000000000
2023-04-19 16:00:00,240.0000000000,48.0000000000,332.1707000000,42.9833300000
2023-04-19 16:15:00,212.0000000000,47.0000000000,299.0406000000,41.3166700000
2023-04-19 16:30:00,184.0000000000,47.0000000000,263.1093000000,40.3500000000
2023-04-19 16:45:00,140.0000000000,47.0000000000,207.5705000000,39.6166600000
2023-04-19 17:00:00,112.0000000000,47.0000000000,166.2303000000,38.2833300000
2023-04-19 17:15:00,80.0000000000,46.0000000000,126.0491000000,37.1666700000
2023-04-19 17:30:00,56.0000000000,46.0000000000,87.4133500000,36.1666700000
2023-04-19 17:45:00,32.0000000000,46.0000000000,53.0275400000,34.9166700000
2023-04-19 18:00:00,12.0000000000,46.0000000000,25.4030000000,33.9333300000
2023-04-19 18:15:00,4.0000000000,45.0000000000,6.1817180000,32.9500000000
2023-04-19 18:30:00,0.0000000000,46.0000000000,0.0965893300,32.2166700000
2023-04-19 18:45:00,0.0000000000,45.0000000000,0.0000000000,31.7666700000
2023-04-19 19:00:00,0.0000000000,44.0000000000,0.0000000000,31.3833300000
2023-04-19 19:15:00,0.0000000000,44.0000000000,0.0000000000,31.0166700000
2023-04-19 19:30:00,0.0000000000,44.0000000000,0.0000000000,30.8666700000
2023-04-19 19:45:00,0.0000000000,43.0000000000,0.0000000000,30.7333300000
2023-04-19 20:00:00,0.0000000000,43.0000000000,0.0000000000,30.2833300000
2023-04-19 20:15:00,0.0000000000,43.0000000000,0.0000000000,30.2333300000
2023-04-19 20:30:00,0.0000000000,43.0000000000,0.0000000000,30.1666700000
2023-04-19 20:45:00,0.0000000000,42.0000000000,0.0000000000,30.0333300000
2023-04-19 21:00:00,0.0000000000,43.0000000000,0.0000000000,29.9000000000
2023-04-19 21:15:00,0.0000000000,43.0000000000,0.0000000000,29.7666700000
2023-04-19 21:30:00,0.0000000000,41.0000000000,0.0000000000,29.7000000000
2023-04-19 21:45:00,0.0000000000,42.0000000000,0.0000000000,29.6333300000
2023-04-19 22:00:00,0.0000000000,42.0000000000,0.0000000000,29.5500000000
2023-04-19 22:15:00,0.0000000000,41.0000000000,0.0000000000,29.5000000000
2023-04-19 22:30:00,0.0000000000,41.0000000000,0.0000000000,29.4166700000
2023-04-19 22:45:00,0.0000000000,42.0000000000,0.0000000000,29.6000000000
2023-04-19 23:00:00,0.0000000000,42.0000000000,0.0000000000,29.7000000000
2023-04-19 23:15:00,0.0000000000,42.0000000000,0.0000000000,29.5500000000
2023-04-19 23:30:00,0.0000000000,41.0000000000,0.0000000000,29.4333300000
2023-04-19 23:45:00,0.0000000000,42.0000000000,0.0000000000,29.3500000000
2023-04-20 00:00:00,0.0000000000,41.0000000000,0.0000000000,29.1833300000
2023-04-20 00:15:00,0.0000000000,41.0000000000,0.0000000000,29.1833300000
2023-04-20 00:30:00,0.0000000000,41.0000000000,0.0000000000,29.0333300000
2023-04-20 00:45:00,0.0000000000,41.0000000000,0.0000000000,28.9666700000
2023-04-20 01:00:00,0.0000000000,41.0000000000,0.0000000000,28.9000000000
2023-04-20 01:15:00,0.0000000000,41.0000000000,0.0000000000,28.8666700000
2023-04-20 01:30:00,0.0000000000,41.0000000000,0.0000000000,28.8000000000
2023-04-20 01:45:00,0.0000000000,41.0000000000,0.0000000000,28.7166700000
2023-04-20 02:00:00,0.0000000000,41.0000000000,0.0000000000,28.8000000000
2023-04-20 02:15:00,0.0000000000,41.0000000000,0.0000000000,28.8833300000
2023-04-20 02:30:00,0.0000000000,40.0000000000,0.0000000000,28.8333300000
2023-04-20 02:45:00,0.0000000000,41.0000000000,0.0000000000,28.6333300000
2023-04-20 03:00:00,0.0000000000,40.0000000000,0.0000000000,28.4000000000
2023-04-20 03:15:00,0.0000000000,40.0000000000,0.0000000000,28.3000000000
2023-04-20 03:30:00,0.0000000000,40.0000000000,0.0000000000,28.2166700000
2023-04-20 03:45:00,0.0000000000,40.0000000000,0.0000000000,28.1833300000
2023-04-20 04:00:00,0.0000000000,40.0000000000,0.0000000000,28.0500000000
2023-04-20 04:15:00,0.0000000000,41.0000000000,0.0000000000,27.9500000000
2023-04-20 04:30:00,0.0000000000,40.0000000000,0.0000000000,27.7666700000
2023-04-20 04:45:00,0.0000000000,41.0000000000,0.0000000000,27.6000000000
2023-04-20 05:00:00,0.0000000000,41.0000000000,0.0000000000,27.4500000000
2023-04-20 05:15:00,0.0000000000,40.0000000000,0.0000000000,27.3500000000
2023-04-20 05:30:00,0.0000000000,40.0000000000,0.0000000000,27.2500000000
2023-04-20 05:45:00,0.4000000000,40.0000000000,0.0965893300,27.1833300000
2023-04-20 06:00:00,7.2000000000,40.0000000000,6.7612530000,27.1000000000
2023-04-20 06:15:00,22.8000000000,40.0000000000,27.1416000000,27.1833300000
2023-04-20 06:30:00,34.4000000000,41.0000000000,45.7833500000,28.1166700000
2023-04-20 06:45:00,62.0000000000,40.0000000000,78.5271200000,29.2166700000
2023-04-20 07:00:00,93.2000000000,40.0000000000,129.6229000000,30.5666700000
2023-04-20 07:15:00,104.8000000000,41.0000000000,140.0546000000,31.9333300000
2023-04-20 07:30:00,174.4000000000,42.0000000000,230.2690000000,33.2500000000
2023-04-20 07:45:00,227.2000000000,44.0000000000,304.3530000000,35.8500000000
2023-04-20 08:00:00,276.4000000000,46.0000000000,369.9371000000,38.6666700000
2023-04-20 08:15:00,321.6000000000,47.0000000000,430.4021000000,40.7833300000
2023-04-20 08:30:00,363.2000000000,48.0000000000,487.2932000000,42.7166700000
2023-04-20 08:45:00,403.6000000000,49.0000000000,545.9229000000,44.9166700000
2023-04-20 09:00:00,440.0000000000,49.0000000000,595.1835000000,47.0333300000
2023-04-20 09:15:00,480.0000000000,50.0000000000,643.3815000000,48.6000000000
2023-04-20 09:30:00,512.0000000000,50.0000000000,699.5966000000,50.2000000000
2023-04-20 09:45:00,540.0000000000,50.0000000000,744.5106000000,51.1500000000
2023-04-20 10:00:00,572.0000000000,50.0000000000,783.8224000000,52.8666600000
2023-04-20 10:15:00,592.0000000000,49.0000000000,819.0775000000,53.2666700000
2023-04-20 10:30:00,612.0000000000,50.0000000000,846.0259000000,54.5500000000
2023-04-20 10:45:00,620.0000000000,50.0000000000,871.0426000000,56.7166700000
2023-04-20 11:00:00,640.0000000000,50.0000000000,899.1501000000,58.2333300000
2023-04-20 11:15:00,656.0000000000,49.0000000000,919.1441000000,56.7000000000
2023-04-20 11:30:00,660.0000000000,50.0000000000,929.2860000000,56.8166700000
2023-04-20 11:45:00,668.0000000000,50.0000000000,936.5302000000,58.0333300000
2023-04-20 12:00:00,664.0000000000,50.0000000000,931.9905000000,59.0166700000
2023-04-20 12:15:00,664.0000000000,49.0000000000,937.0131000000,59.7666700000
2023-04-20 12:30:00,660.0000000000,50.0000000000,932.6666000000,58.9666700000
2023-04-20 12:45:00,648.0000000000,50.0000000000,921.2690000000,59.1666700000
2023-04-20 13:00:00,644.0000000000,49.0000000000,910.8374000000,59.7333300000
2023-04-20 13:15:00,616.0000000000,50.0000000000,879.4459000000,58.7166700000
2023-04-20 13:30:00,596.0000000000,50.0000000000,853.0770000000,59.8833400000
2023-04-20 13:45:00,580.0000000000,50.0000000000,826.2252000000,59.8833400000
2023-04-20 14:00:00,560.0000000000,50.0000000000,795.1234000000,58.8833400000
2023-04-20 14:15:00,536.0000000000,50.0000000000,758.7092000000,57.1166600000
2023-04-20 14:30:00,504.0000000000,50.0000000000,714.5679000000,56.8666600000
2023-04-20 14:45:00,484.0000000000,50.0000000000,673.1311000000,55.5666700000
2023-04-20 15:00:00,448.0000000000,50.0000000000,632.9499000000,54.8500000000
2023-04-20 15:15:00,412.0000000000,49.0000000000,580.0189000000,53.4166700000
2023-04-20 15:30:00,376.0000000000,49.0000000000,532.1107000000,52.1666700000
2023-04-20 15:45:00,316.0000000000,49.0000000000,444.3109000000,51.0333300000
2023-04-20 16:00:00,280.0000000000,49.0000000000,398.5276000000,49.3000000000
2023-04-20 16:15:00,224.0000000000,49.0000000000,325.4095000000,46.5333300000
2023-04-20 16:30:00,196.0000000000,49.0000000000,276.4387000000,43.2666700000
2023-04-20 16:45:00,156.0000000000,48.0000000000,233.9394000000,41.8000000000
2023-04-20 17:00:00,116.0000000000,48.0000000000,176.1790000000,40.3000000000
2023-04-20 17:15:00,80.0000000000,47.0000000000,130.4922000000,38.8500000000
2023-04-20 17:30:00,56.0000000000,48.0000000000,92.0496400000,37.5500000000
2023-04-20 17:45:00,32.0000000000,47.0000000000,55.2491000000,36.2166700000
2023-04-20 18:00:00,16.0000000000,47.0000000000,24.7268700000,35.0000000000
2023-04-20 18:15:00,0.0000000000,47.0000000000,5.2158240000,34.0166700000
2023-04-20 18:30:00,0.0000000000,46.0000000000,0.0000000000,33.2333300000
2023-04-20 18:45:00,0.0000000000,46.0000000000,0.0000000000,32.6000000000
2023-04-20 19:00:00,0.0000000000,46.0000000000,0.0000000000,32.1500000000
2023-04-20 19:15:00,0.0000000000,45.0000000000,0.0000000000,31.8333300000
2023-04-20 19:30:00,0.0000000000,45.0000000000,0.0000000000,31.5333300000
2023-04-20 19:45:00,0.0000000000,45.0000000000,0.0000000000,31.1666700000
2023-04-20 20:00:00,0.0000000000,44.0000000000,0.0000000000,30.5666700000
2023-04-20 20:15:00,0.0000000000,44.0000000000,0.0000000000,30.2500000000
2023-04-20 20:30:00,0.0000000000,43.0000000000,0.0000000000,30.0833300000
2023-04-20 20:45:00,0.0000000000,43.0000000000,0.0000000000,29.9166700000
2023-04-20 21:00:00,0.0000000000,43.0000000000,0.0000000000,29.7666700000
2023-04-20 21:15:00,0.0000000000,43.0000000000,0.0000000000,29.8333300000
2023-04-20 21:30:00,0.0000000000,43.0000000000,0.0000000000,29.8500000000
2023-04-20 21:45:00,0.0000000000,42.0000000000,0.0000000000,29.7500000000
2023-04-20 22:00:00,0.0000000000,42.0000000000,0.0000000000,29.6500000000
2023-04-20 22:15:00,0.0000000000,42.0000000000,0.0000000000,29.7166700000
2023-04-20 22:30:00,0.0000000000,42.0000000000,0.0000000000,29.8833300000
2023-04-20 22:45:00,0.0000000000,42.0000000000,0.0000000000,29.8000000000
2023-04-20 23:00:00,0.0000000000,42.0000000000,0.0000000000,29.7166700000
2023-04-20 23:15:00,0.0000000000,42.0000000000,0.0000000000,29.6833300000
2023-04-20 23:30:00,0.0000000000,42.0000000000,0.0000000000,29.6000000000
2023-04-20 23:45:00,0.0000000000,42.0000000000,0.0000000000,29.6000000000
2023-04-21 00:00:00,0.0000000000,41.0000000000,0.0000000000,29.5000000000
2023-04-21 00:15:00,0.0000000000,41.0000000000,0.0000000000,29.3833300000
2023-04-21 00:30:00,0.0000000000,42.0000000000,0.0000000000,29.2333300000
2023-04-21 00:45:00,0.0000000000,42.0000000000,0.0000000000,29.0333300000
2023-04-21 01:00:00,0.0000000000,42.0000000000,0.0000000000,28.9000000000
2023-04-21 01:15:00,0.0000000000,41.0000000000,0.0000000000,28.8333300000
2023-04-21 01:30:00,0.0000000000,42.0000000000,0.0000000000,28.6833300000
2023-04-21 01:45:00,0.0000000000,41.0000000000,0.0000000000,28.5833300000
2023-04-21 02:00:00,0.0000000000,41.0000000000,0.0000000000,28.5000000000
2023-04-21 02:15:00,0.0000000000,41.0000000000,0.0000000000,28.5000000000
2023-04-21 02:30:00,0.0000000000,41.0000000000,0.0000000000,28.5000000000
2023-04-21 02:45:00,0.0000000000,41.0000000000,0.0000000000,28.4833300000
2023-04-21 03:00:00,0.0000000000,41.0000000000,0.0000000000,28.3166700000
2023-04-21 03:15:00,0.0000000000,41.0000000000,0.0000000000,28.1666700000
2023-04-21 03:30:00,0.0000000000,40.0000000000,0.0000000000,28.1000000000
2023-04-21 03:45:00,0.0000000000,41.0000000000,0.0000000000,28.1166700000
2023-04-21 04:00:00,0.0000000000,40.0000000000,0.0000000000,28.1333300000
2023-04-21 04:15:00,0.0000000000,40.0000000000,0.0000000000,27.8000000000
2023-04-21 04:30:00,0.0000000000,41.0000000000,0.0000000000,27.3666700000
2023-04-21 04:45:00,0.0000000000,41.0000000000,0.0000000000,27.0000000000
2023-04-21 05:00:00,0.0000000000,40.0000000000,0.0000000000,27.1666700000
2023-04-21 05:15:00,0.0000000000,40.0000000000,0.0000000000,27.0500000000
2023-04-21 05:30:00,0.0000000000,41.0000000000,0.0000000000,26.7333300000
2023-04-21 05:45:00,0.8000000000,40.0000000000,0.2897680000,26.6000000000
2023-04-21 06:00:00,7.2000000000,41.0000000000,7.9203250000,26.7500000000
2023-04-21 06:15:00,21.6000000000,40.0000000000,27.6245500000,27.1333300000
2023-04-21 06:30:00,43.2000000000,40.0000000000,59.1126800000,28.2000000000
2023-04-21 06:45:00,70.8000000000,41.0000000000,99.5835900000,29.4666700000
2023-04-21 07:00:00,104.4000000000,42.0000000000,146.5260000000,30.9833300000
2023-04-21 07:15:00,143.2000000000,42.0000000000,198.8774000000,32.7333300000
2023-04-21 07:30:00,182.8000000000,43.0000000000,251.5186000000,34.4000000000
2023-04-21 07:45:00,227.2000000000,45.0000000000,308.1200000000,36.2666700000
2023-04-21 08:00:00,270.8000000000,46.0000000000,366.2667000000,38.3000000000
2023-04-21 08:15:00,316.0000000000,47.0000000000,424.4135000000,39.3666600000
2023-04-21 08:30:00,359.6000000000,48.0000000000,481.4978000000,40.8500000000
2023-04-21 08:45:00,397.6000000000,50.0000000000,533.2697000000,43.0000000000
2023-04-21 09:00:00,432.0000000000,51.0000000000,583.3995000000,45.7500000000
2023-04-21 09:15:00,468.0000000000,51.0000000000,632.6602000000,47.7666700000
2023-04-21 09:30:00,496.0000000000,51.0000000000,682.0173000000,49.0666700000
2023-04-21 09:45:00,528.0000000000,50.0000000000,722.3916000000,51.2166700000
2023-04-21 10:00:00,556.0000000000,50.0000000000,764.5046000000,53.6833300000
2023-04-21 10:15:00,576.0000000000,50.0000000000,803.1403000000,54.6833300000
2023-04-21 10:30:00,600.0000000000,50.0000000000,836.0773000000,55.7333300000
2023-04-21 10:45:00,612.0000000000,50.0000000000,857.9065000000,57.2166700000
2023-04-21 11:00:00,620.0000000000,50.0000000000,878.5765000000,57.9000000000
2023-04-21 11:15:00,628.0000000000,50.0000000000,889.2980000000,59.0833300000
2023-04-27 10:30:00,0.0000000000,46.0000000000,846.7987000000,61.4666700000
2023-04-27 10:45:00,0.0000000000,47.0000000000,897.9427000000,60.9472200000
2023-04-27 11:00:00,0.0000000000,0.0000000000,0.0000000000,0.0000000000
2023-04-27 11:45:00,0.0000000000,44.0000000000,955.7514000000,65.2166700000
2023-04-27 12:00:00,0.0000000000,45.0000000000,979.8989000000,63.3333300000
2023-04-27 12:15:00,0.0000000000,0.0000000000,0.0000000000,0.0000000000
2023-04-27 12:30:00,,46.0000000000,939.7178000000,62.7666700000
2023-04-27 12:45:00,672.0000000000,46.0000000000,934.4052000000,63.2833300000
2023-04-27 13:00:00,684.0000000000,46.0000000000,939.5727000000,59.8500000000
2023-04-27 13:15:00,668.0000000000,46.0000000000,926.5975000000,59.4388900000
2023-04-27 13:30:00,652.0000000000,46.0000000000,910.1935000000,59.1777800000
2023-04-27 13:45:00,632.0000000000,47.0000000000,870.3665000000,57.3833400000
2023-04-27 14:00:00,592.0000000000,48.0000000000,823.3275000000,55.5000000000
2023-04-27 14:15:00,584.0000000000,48.0000000000,788.3621000000,54.4666700000
2023-04-27 14:30:00,548.0000000000,48.0000000000,747.9878000000,53.9000000000
2023-04-27 14:45:00,520.0000000000,47.0000000000,702.0113000000,53.2333300000
2023-04-27 15:00:00,440.0000000000,48.0000000000,617.3024000000,51.3333300000
2023-04-27 15:15:00,448.0000000000,47.0000000000,592.9619000000,49.7000000000
2023-04-27 15:30:00,412.0000000000,47.0000000000,547.5649000000,47.8833400000
2023-04-27 15:45:00,328.0000000000,47.0000000000,453.1972000000,46.6833300000
2023-04-27 16:00:00,260.0000000000,48.0000000000,324.5402000000,43.2500000000
2023-04-27 16:15:00,284.0000000000,47.0000000000,361.9203000000,42.9166700000
2023-04-27 16:30:00,192.0000000000,47.0000000000,286.4839000000,42.8500000000
2023-04-27 16:45:00,36.0000000000,46.0000000000,59.5956200000,38.6000000000
2023-04-27 17:00:00,48.0000000000,46.0000000000,52.8343700000,34.5833300000
2023-04-27 17:15:00,84.0000000000,45.0000000000,103.5438000000,34.3000000000
2023-04-27 17:30:00,80.0000000000,44.0000000000,105.6687000000,35.5000000000
2023-04-27 17:45:00,64.0000000000,44.0000000000,83.6463600000,35.7000000000
2023-04-27 18:00:00,40.0000000000,44.0000000000,51.8684700000,34.9333300000
2023-04-27 18:15:00,4.0000000000,44.0000000000,11.3975400000,33.6333400000
2023-04-27 18:30:00,0.0000000000,44.0000000000,0.0000000000,32.2833300000
2023-04-27 18:45:00,0.0000000000,44.0000000000,0.0000000000,31.7500000000
2023-04-27 19:00:00,0.0000000000,44.0000000000,0.0000000000,31.5500000000
2023-04-27 19:15:00,0.0000000000,43.0000000000,0.0000000000,30.8500000000
2023-04-27 19:30:00,0.0000000000,43.0000000000,0.0000000000,30.0500000000
2023-04-27 19:45:00,0.0000000000,43.0000000000,0.0000000000,29.7500000000
2023-04-27 20:00:00,0.0000000000,42.0000000000,0.0000000000,29.4333300000
2023-04-27 20:15:00,0.0000000000,42.0000000000,0.0000000000,29.0500000000
2023-04-27 20:30:00,0.0000000000,42.0000000000,0.0000000000,28.8666700000
2023-04-27 20:45:00,0.0000000000,41.0000000000,0.0000000000,28.9666700000
2023-04-27 21:00:00,0.0000000000,41.0000000000,0.0000000000,28.4166700000
2023-04-27 21:15:00,0.0000000000,40.0000000000,0.0000000000,28.0666700000
2023-04-27 21:30:00,0.0000000000,41.0000000000,0.0000000000,27.9166700000
2023-04-27 21:45:00,0.0000000000,40.0000000000,0.0000000000,27.7500000000
2023-04-27 22:00:00,0.0000000000,40.0000000000,0.0000000000,27.6166700000
2023-04-27 22:15:00,0.0000000000,40.0000000000,0.0000000000,27.7000000000
2023-04-27 22:30:00,0.0000000000,40.0000000000,0.0000000000,27.6833300000
2023-04-27 22:45:00,0.0000000000,40.0000000000,0.0000000000,27.5500000000
2023-04-27 23:00:00,0.0000000000,40.0000000000,0.0000000000,27.5166700000
2023-04-27 23:15:00,0.0000000000,40.0000000000,0.0000000000,27.6500000000
2023-04-27 23:30:00,0.0000000000,40.0000000000,0.0000000000,27.7833300000
2023-04-27 23:45:00,0.0000000000,40.0000000000,0.0000000000,27.8000000000
2023-04-28 00:00:00,0.0000000000,40.0000000000,0.0000000000,27.7166700000
2023-04-28 00:15:00,0.0000000000,40.0000000000,0.0000000000,27.5333300000
2023-04-28 00:30:00,0.0000000000,40.0000000000,0.0000000000,27.2166700000
2023-04-28 00:45:00,0.0000000000,41.0000000000,0.0000000000,27.1166700000
2023-04-28 01:00:00,0.0000000000,40.0000000000,0.0000000000,27.0166700000
2023-04-28 01:15:00,0.0000000000,40.0000000000,0.0000000000,26.9833300000
2023-04-28 01:30:00,0.0000000000,39.0000000000,0.0000000000,26.7500000000
2023-04-28 01:45:00,0.0000000000,40.0000000000,0.0000000000,26.3166700000
2023-04-28 02:00:00,0.0000000000,39.0000000000,0.0000000000,26.0166700000
2023-04-28 02:15:00,0.0000000000,39.0000000000,0.0000000000,25.6000000000
2023-04-28 02:30:00,0.0000000000,40.0000000000,0.0000000000,25.8666700000
2023-04-28 02:45:00,0.0000000000,39.0000000000,0.0000000000,25.9166700000
2023-04-28 03:00:00,0.0000000000,39.0000000000,0.0000000000,25.8666700000
2023-04-28 03:15:00,0.0000000000,38.0000000000,0.0000000000,26.0166700000
2023-04-28 03:30:00,0.0000000000,39.0000000000,0.0000000000,25.8500000000
2023-04-28 03:45:00,0.0000000000,38.0000000000,0.0000000000,25.6000000000
2023-04-28 04:00:00,0.0000000000,38.0000000000,0.0000000000,25.4166700000
2023-04-28 04:15:00,0.0000000000,38.0000000000,0.0000000000,25.3500000000
2023-04-28 04:30:00,0.0000000000,37.0000000000,0.0000000000,25.3000000000
2023-04-28 04:45:00,0.0000000000,38.0000000000,0.0000000000,25.2500000000
2023-04-28 05:00:00,0.0000000000,38.0000000000,0.0000000000,25.0500000000
2023-04-28 05:15:00,0.0000000000,38.0000000000,0.0000000000,24.8666700000
2023-04-28 05:30:00,0.0000000000,38.0000000000,0.0000000000,24.9166700000
2023-04-28 05:45:00,0.8000000000,38.0000000000,0.4829467000,25.0000000000
2023-04-28 06:00:00,6.4000000000,38.0000000000,7.3407900000,25.1833300000
2023-04-28 06:15:00,14.8000000000,38.0000000000,18.1587900000,25.5500000000
2023-04-28 06:30:00,37.2000000000,38.0000000000,42.7890700000,26.1666700000
2023-04-28 06:45:00,75.2000000000,39.0000000000,85.0952000000,27.1833300000
2023-04-28 07:00:00,158.8000000000,39.0000000000,187.4799000000,29.3666700000
2023-04-28 07:15:00,216.8000000000,39.0000000000,268.1320000000,32.5833300000
2023-04-28 07:30:00,178.0000000000,40.0000000000,247.7516000000,34.5000000000
2023-04-28 07:45:00,127.6000000000,40.0000000000,160.9178000000,33.3166700000
2023-04-28 08:00:00,290.0000000000,41.0000000000,328.0174000000,33.7666700000
2023-04-28 08:15:00,358.4000000000,43.0000000000,450.4927000000,39.0333300000
2023-04-28 08:30:00,396.8000000000,45.0000000000,505.8384000000,43.0166700000
2023-04-28 08:45:00,428.8000000000,46.0000000000,553.7466000000,45.0500000000
2023-04-28 09:00:00,456.0000000000,47.0000000000,594.3141000000,47.4333300000
2023-04-28 09:15:00,476.0000000000,48.0000000000,630.3420000000,50.6166600000
2023-04-28 09:30:00,516.0000000000,48.0000000000,674.7731000000,53.1666700000
2023-04-28 09:45:00,488.0000000000,48.0000000000,661.8301000000,53.8500000000
2023-04-28 10:00:00,432.0000000000,48.0000000000,533.6561000000,51.5000000000
2023-04-28 10:15:00,576.0000000000,48.0000000000,761.6069000000,53.5833300000
2023-04-28 10:30:00,516.0000000000,48.0000000000,686.2672000000,53.4833300000
2023-04-28 10:45:00,428.0000000000,48.0000000000,623.0978000000,54.0000000000
2023-04-28 11:00:00,568.0000000000,48.0000000000,701.5283000000,53.3500000000
2023-04-28 11:15:00,332.0000000000,48.0000000000,537.6163000000,56.4000000000
2023-04-28 11:30:00,452.0000000000,48.0000000000,554.8091000000,52.0333300000
2023-04-28 11:45:00,284.0000000000,48.0000000000,481.6910000000,55.0000000000
2023-04-28 12:00:00,136.0000000000,48.0000000000,194.9173000000,48.1166600000
2023-04-28 12:15:00,116.0000000000,47.0000000000,146.6226000000,38.8166700000
2023-04-28 12:30:00,268.0000000000,46.0000000000,252.7743000000,36.4500000000
2023-04-28 12:45:00,212.0000000000,46.0000000000,302.7110000000,39.5500000000
2023-04-28 13:00:00,204.0000000000,46.0000000000,245.2403000000,39.9666700000
2023-04-28 13:15:00,256.0000000000,45.0000000000,295.5634000000,39.9333300000
2023-04-28 13:30:00,216.0000000000,45.0000000000,281.3647000000,41.7000000000
2023-04-28 13:45:00,228.0000000000,45.0000000000,277.8875000000,42.8333300000
2023-04-28 14:00:00,208.0000000000,45.0000000000,259.4390000000,42.7000000000
2023-04-28 14:15:00,172.0000000000,45.0000000000,210.8545000000,41.2166700000
2023-04-28 14:30:00,148.0000000000,45.0000000000,189.7980000000,39.1333400000
2023-04-28 14:45:00,128.0000000000,45.0000000000,158.0202000000,36.3333300000
2023-04-28 15:00:00,116.0000000000,44.0000000000,141.1170000000,34.5333300000
2023-04-28 15:15:00,116.0000000000,44.0000000000,134.4523000000,32.9500000000
2023-04-28 15:30:00,172.0000000000,43.0000000000,183.5198000000,32.7500000000
2023-04-28 15:45:00,380.0000000000,43.0000000000,402.3912000000,36.4833300000
2023-04-28 16:00:00,400.0000000000,42.0000000000,503.4236000000,42.2833300000
2023-04-28 16:15:00,380.0000000000,43.0000000000,485.9409000000,44.5000000000
2023-04-28 16:30:00,332.0000000000,44.0000000000,441.1235000000,44.9333300000
2023-04-28 16:45:00,228.0000000000,43.0000000000,328.1140000000,43.0500000000
2023-04-28 17:00:00,160.0000000000,43.0000000000,199.5536000000,38.5166700000
2023-04-28 17:15:00,148.0000000000,44.0000000000,204.6728000000,37.2333300000
2023-04-28 17:30:00,100.0000000000,43.0000000000,141.1170000000,36.3166700000
2023-04-28 17:45:00,36.0000000000,44.0000000000,63.2660100000,34.3166700000
2023-04-28 18:00:00,20.0000000000,44.0000000000,26.8518400000,32.2833300000
2023-04-28 18:15:00,4.0000000000,43.0000000000,10.2384700000,31.2000000000
2023-04-28 18:30:00,0.0000000000,43.0000000000,0.2897680000,30.5666700000
2023-04-28 18:45:00,0.0000000000,43.0000000000,0.0000000000,30.2833300000
2023-04-28 19:00:00,0.0000000000,43.0000000000,0.0000000000,29.8166700000
2023-04-28 19:15:00,0.0000000000,42.0000000000,0.0000000000,29.5333300000
2023-04-28 19:30:00,0.0000000000,42.0000000000,0.0000000000,29.2500000000
2023-04-28 19:45:00,0.0000000000,42.0000000000,0.0000000000,28.9666700000
2023-04-28 20:00:00,0.0000000000,42.0000000000,0.0000000000,28.9833300000
2023-04-28 20:15:00,0.0000000000,42.0000000000,0.0000000000,28.9500000000
2023-04-28 20:30:00,0.0000000000,42.0000000000,0.0000000000,28.9500000000
2023-04-28 20:45:00,0.0000000000,42.0000000000,0.0000000000,28.9166700000
2023-04-28 21:00:00,0.0000000000,42.0000000000,0.0000000000,28.9500000000
2023-04-28 21:15:00,0.0000000000,42.0000000000,0.0000000000,28.9833300000
2023-04-28 21:30:00,0.0000000000,41.0000000000,0.0000000000,28.6500000000
2023-04-28 21:45:00,0.0000000000,41.0000000000,0.0000000000,28.2166700000
2023-04-28 22:00:00,0.0000000000,41.0000000000,0.0000000000,28.1500000000
2023-04-28 22:15:00,0.0000000000,42.0000000000,0.0000000000,28.2833300000
2023-04-28 22:30:00,0.0000000000,40.0000000000,0.0000000000,28.4000000000
2023-04-28 22:45:00,0.0000000000,41.0000000000,0.0000000000,28.5500000000
2023-04-28 23:00:00,0.0000000000,40.0000000000,0.0000000000,28.6333300000
2023-04-28 23:15:00,0.0000000000,40.0000000000,0.0000000000,28.6000000000
2023-04-28 23:30:00,0.0000000000,41.0000000000,0.0000000000,28.6166700000
2023-04-28 23:45:00,0.0000000000,40.0000000000,0.0000000000,28.4666700000
2023-04-29 00:00:00,0.0000000000,40.0000000000,0.0000000000,28.4833300000
2023-04-29 00:15:00,0.0000000000,41.0000000000,0.0000000000,28.4000000000
2023-04-29 00:30:00,0.0000000000,41.0000000000,0.0000000000,28.2666700000
2023-04-29 00:45:00,0.0000000000,41.0000000000,0.0000000000,28.1833300000
2023-04-29 01:00:00,0.0000000000,40.0000000000,0.0000000000,27.9666700000
2023-04-29 01:15:00,0.0000000000,40.0000000000,0.0000000000,27.9500000000
2023-04-29 01:30:00,0.0000000000,40.0000000000,0.0000000000,28.0000000000
2023-04-29 01:45:00,0.0000000000,40.0000000000,0.0000000000,27.9666700000
2023-04-29 02:00:00,0.0000000000,40.0000000000,0.0000000000,28.0500000000
2023-04-29 02:15:00,0.0000000000,40.0000000000,0.0000000000,27.8333300000
2023-04-29 02:30:00,0.0000000000,40.0000000000,0.0000000000,27.2666700000
2023-04-29 02:45:00,0.0000000000,40.0000000000,0.0000000000,26.9166700000
2023-04-29 03:00:00,0.0000000000,40.0000000000,0.0000000000,26.7000000000
2023-04-29 03:15:00,0.0000000000,39.0000000000,0.0000000000,26.5833300000
2023-04-29 03:30:00,0.0000000000,39.0000000000,0.0000000000,26.3500000000
2023-04-29 03:45:00,0.0000000000,39.0000000000,0.0000000000,26.1833300000
2023-04-29 04:00:00,0.0000000000,39.0000000000,0.0000000000,26.1000000000
2023-04-29 04:15:00,0.0000000000,39.0000000000,0.0000000000,26.0166700000
2023-04-29 04:30:00,0.0000000000,39.0000000000,0.0000000000,25.9166700000
2023-04-29 04:45:00,0.0000000000,39.0000000000,0.0000000000,25.8500000000
2023-04-29 05:00:00,0.0000000000,39.0000000000,0.0000000000,25.7833300000
2023-04-29 05:15:00,0.0000000000,39.0000000000,0.0000000000,25.7000000000
2023-04-29 05:30:00,0.0000000000,38.0000000000,0.0000000000,25.7166700000
2023-04-29 05:45:00,0.0000000000,39.0000000000,0.8693040000,25.8166700000
2023-04-29 06:00:00,16.0000000000,38.0000000000,12.6532000000,25.9166700000
2023-04-29 06:15:00,28.0000000000,38.0000000000,35.0619200000,26.1500000000
2023-04-29 06:30:00,56.0000000000,38.0000000000,69.9306800000,26.6166700000
2023-04-29 06:45:00,84.0000000000,38.0000000000,109.7255000000,27.9000000000
2023-04-29 07:00:00,128.0000000000,39.0000000000,157.9236000000,29.7666700000
2023-04-29 07:15:00,168.0000000000,40.0000000000,213.8488000000,31.5000000000
2023-04-29 07:30:00,212.0000000000,40.0000000000,268.3252000000,33.4666700000
2023-04-29 07:45:00,260.0000000000,42.0000000000,330.8185000000,36.0500000000
2023-04-29 08:00:00,312.0000000000,44.0000000000,394.1811000000,38.6000000000
2023-04-29 08:15:00,364.0000000000,46.0000000000,467.1060000000,41.0666700000
2023-04-29 08:30:00,400.0000000000,47.0000000000,503.2304000000,42.7166700000
2023-04-29 08:45:00,452.0000000000,48.0000000000,576.2520000000,44.1833300000
2023-04-29 09:00:00,436.0000000000,48.0000000000,588.4222000000,45.9000000000
2023-04-29 09:15:00,440.0000000000,48.0000000000,554.1330000000,46.4833300000
2023-04-29 09:30:00,344.0000000000,48.0000000000,523.2244000000,47.4333300000
2023-04-29 09:45:00,436.0000000000,48.0000000000,575.4792000000,46.0666700000
2023-04-29 10:00:00,548.0000000000,48.0000000000,665.0176000000,45.8833400000
2023-04-29 10:15:00,604.0000000000,48.0000000000,854.6224000000,46.0333300000
2023-04-29 10:30:00,472.0000000000,48.0000000000,638.1657000000,45.0833300000
2023-04-29 10:45:00,548.0000000000,48.0000000000,668.6879000000,46.6500000000
2023-04-29 11:00:00,656.0000000000,49.0000000000,840.3272000000,52.2500000000
2023-04-29 11:15:00,704.0000000000,49.0000000000,981.2509000000,57.7166700000
2023-04-29 11:30:00,620.0000000000,48.0000000000,826.2252000000,57.1666700000
2023-04-29 11:45:00,736.0000000000,49.0000000000,1040.1710000000,58.4666700000
2023-04-29 12:00:00,616.0000000000,50.0000000000,856.5541000000,60.3500000000
2023-04-29 12:15:00,740.0000000000,50.0000000000,1009.8410000000,58.6166600000
2023-04-29 12:30:00,720.0000000000,50.0000000000,1026.8410000000,59.9166700000
2023-04-29 12:45:00,664.0000000000,49.0000000000,977.4841000000,60.6500000000
2023-04-29 13:00:00,656.0000000000,50.0000000000,895.6729000000,58.8000000000
2023-04-29 13:15:00,572.0000000000,49.0000000000,853.6566000000,58.9166700000
2023-04-29 13:30:00,656.0000000000,49.0000000000,809.4186000000,56.2833300000
2023-04-29 13:45:00,612.0000000000,49.0000000000,858.3894000000,56.7666700000
2023-04-29 14:00:00,560.0000000000,50.0000000000,718.1417000000,54.3166700000
2023-04-29 14:15:00,560.0000000000,49.0000000000,723.2609000000,53.3333300000
2023-04-29 14:30:00,524.0000000000,49.0000000000,726.1586000000,52.7833300000
2023-04-29 14:45:00,528.0000000000,48.0000000000,686.5570000000,52.2166700000
2023-04-29 15:00:00,496.0000000000,48.0000000000,661.5403000000,52.4333300000
2023-04-29 15:15:00,464.0000000000,48.0000000000,612.8593000000,50.9833300000
2023-04-29 15:30:00,424.0000000000,48.0000000000,553.0705000000,48.1666700000
2023-04-29 15:45:00,388.0000000000,47.0000000000,507.1906000000,47.0166700000
2023-04-29 16:00:00,340.0000000000,48.0000000000,451.6517000000,45.9000000000
2023-04-29 16:15:00,308.0000000000,48.0000000000,402.0048000000,43.5833300000
2023-04-29 16:30:00,280.0000000000,47.0000000000,364.3350000000,42.4833300000
2023-04-29 16:45:00,116.0000000000,48.0000000000,188.1560000000,39.6333400000
2023-04-29 17:00:00,152.0000000000,45.0000000000,184.5822000000,34.7500000000
2023-04-29 17:15:00,136.0000000000,44.0000000000,180.9118000000,34.8500000000
2023-04-29 17:30:00,96.0000000000,44.0000000000,137.1568000000,34.6833300000
2023-04-29 17:45:00,44.0000000000,44.0000000000,64.6182600000,33.5666700000
2023-04-29 18:00:00,12.0000000000,43.0000000000,17.2894900000,32.0500000000
2023-04-29 18:15:00,0.0000000000,42.0000000000,3.9601630000,30.2666700000
2023-04-29 18:30:00,0.0000000000,42.0000000000,0.0000000000,28.9666700000
2023-04-29 18:45:00,0.0000000000,42.0000000000,0.0000000000,28.3666700000
2023-04-29 19:00:00,0.0000000000,42.0000000000,0.0000000000,27.9500000000
2023-04-29 19:15:00,0.0000000000,41.0000000000,0.0000000000,27.5666700000
2023-04-29 19:30:00,0.0000000000,41.0000000000,0.0000000000,27.4333300000
2023-04-29 19:45:00,0.0000000000,41.0000000000,0.0000000000,27.2166700000
2023-04-29 20:00:00,0.0000000000,41.0000000000,0.0000000000,27.3500000000
2023-04-29 20:15:00,0.0000000000,40.0000000000,0.0000000000,27.7166700000
2023-04-29 20:30:00,0.0000000000,40.0000000000,0.0000000000,27.7333300000
2023-04-29 20:45:00,0.0000000000,41.0000000000,0.0000000000,27.5333300000
2023-04-29 21:00:00,0.0000000000,40.0000000000,0.0000000000,27.5333300000
2023-04-29 21:15:00,0.0000000000,40.0000000000,0.0000000000,27.8000000000
2023-04-29 21:30:00,0.0000000000,40.0000000000,0.0000000000,27.5833300000
2023-04-29 21:45:00,0.0000000000,40.0000000000,0.0000000000,27.2166700000
2023-04-29 22:00:00,0.0000000000,40.0000000000,0.0000000000,27.2833300000
2023-04-29 22:15:00,0.0000000000,40.0000000000,0.0000000000,27.3000000000
2023-04-29 22:30:00,0.0000000000,40.0000000000,0.0000000000,27.3833300000
2023-04-29 22:45:00,0.0000000000,40.0000000000,0.0000000000,27.4666700000
2023-04-29 23:00:00,0.0000000000,40.0000000000,0.0000000000,27.4000000000
2023-04-29 23:15:00,0.0000000000,40.0000000000,0.0000000000,27.3500000000
2023-04-29 23:30:00,0.0000000000,40.0000000000,0.0000000000,27.3000000000
2023-04-29 23:45:00,0.0000000000,40.0000000000,0.0000000000,27.2833300000
2023-04-30 00:00:00,0.0000000000,39.0000000000,0.0000000000,27.1500000000
2023-04-30 00:15:00,0.0000000000,40.0000000000,0.0000000000,27.3000000000
2023-04-30 00:30:00,0.0000000000,40.0000000000,0.0000000000,27.6166700000
2023-04-30 00:45:00,0.0000000000,40.0000000000,0.0000000000,27.4500000000
2023-04-30 01:00:00,0.0000000000,40.0000000000,0.0000000000,27.4000000000
2023-04-30 01:15:00,0.0000000000,40.0000000000,0.0000000000,27.4333300000
2023-04-30 01:30:00,0.0000000000,40.0000000000,0.0000000000,27.1666700000
2023-04-30 01:45:00,0.0000000000,39.0000000000,0.0000000000,27.0166700000
2023-04-30 02:00:00,0.0000000000,39.0000000000,0.0000000000,26.9166700000
2023-04-30 02:15:00,0.0000000000,39.0000000000,0.0000000000,26.8166700000
2023-04-30 02:30:00,0.0000000000,39.0000000000,0.0000000000,26.7166700000
2023-04-30 02:45:00,0.0000000000,40.0000000000,0.0000000000,26.6833300000
2023-04-30 03:00:00,0.0000000000,39.0000000000,0.0000000000,26.6833300000
2023-04-30 03:15:00,0.0000000000,40.0000000000,0.0000000000,27.1166700000
2023-04-30 03:30:00,0.0000000000,39.0000000000,0.0000000000,27.0333300000
2023-04-30 03:45:00,0.0000000000,39.0000000000,0.0000000000,26.6500000000
2023-04-30 04:00:00,0.0000000000,39.0000000000,0.0000000000,26.5333300000
2023-04-30 04:15:00,0.0000000000,39.0000000000,0.0000000000,26.7333300000
2023-04-30 04:30:00,0.0000000000,38.0000000000,0.0000000000,26.7000000000
2023-04-30 04:45:00,0.0000000000,39.0000000000,0.0000000000,26.6333300000
2023-04-30 05:00:00,0.0000000000,39.0000000000,0.0000000000,26.4166700000
2023-04-30 05:15:00,0.0000000000,38.0000000000,0.0000000000,26.3500000000
2023-04-30 05:30:00,0.0000000000,38.0000000000,0.0000000000,26.2166700000
2023-04-30 05:45:00,0.0000000000,39.0000000000,0.9658933000,26.2166700000
2023-04-30 06:00:00,16.0000000000,39.0000000000,15.1645200000,26.3833300000
2023-04-30 06:15:00,36.0000000000,38.0000000000,43.4652000000,26.9166700000
2023-04-30 06:30:00,68.0000000000,38.0000000000,81.3282200000,27.8833300000
2023-04-30 06:45:00,80.0000000000,39.0000000000,100.2597000000,28.9333300000
2023-04-30 07:00:00,84.0000000000,39.0000000000,103.8335000000,29.7000000000
2023-04-30 07:15:00,104.0000000000,39.0000000000,122.7650000000,30.2333300000
2023-04-30 07:30:00,156.0000000000,40.0000000000,182.7470000000,31.2500000000
2023-04-30 07:45:00,140.0000000000,40.0000000000,187.8662000000,32.9166700000
2023-04-30 08:00:00,216.0000000000,40.0000000000,251.5186000000,33.4166700000
2023-04-30 08:15:00,288.0000000000,41.0000000000,323.3811000000,35.6000000000
2023-04-30 08:30:00,264.0000000000,42.0000000000,318.2619000000,36.9666700000
2023-04-30 08:45:00,268.0000000000,42.0000000000,325.6026000000,37.2833300000
2023-04-30 09:00:00,168.0000000000,41.0000000000,220.4169000000,37.0500000000
2023-04-30 09:15:00,20.0000000000,42.0000000000,45.9765300000,33.8166700000
2023-04-30 09:30:00,4.0000000000,41.0000000000,20.8633000000,27.5666700000
2023-04-30 09:45:00,0.0000000000,40.0000000000,11.4941300000,24.0000000000
2023-04-30 10:00:00,0.0000000000,39.0000000000,7.7271470000,23.4666700000
2023-04-30 10:15:00,0.0000000000,38.0000000000,8.4998620000,23.4333300000
2023-04-30 10:30:00,0.0000000000,37.0000000000,6.7612530000,23.5333300000
2023-04-30 10:45:00,0.0000000000,36.0000000000,6.1817170000,23.4166700000
2023-04-30 11:00:00,0.0000000000,36.0000000000,7.8237360000,23.7166700000
2023-04-30 11:15:00,0.0000000000,36.0000000000,11.3009500000,23.4333300000
2023-04-30 11:30:00,0.0000000000,36.0000000000,14.4884000000,23.1833300000
2023-04-30 11:45:00,0.0000000000,36.0000000000,18.7383300000,23.5166700000
2023-04-30 12:00:00,0.0000000000,36.0000000000,22.4087300000,23.6666700000
2023-04-30 12:15:00,0.0000000000,36.0000000000,28.5904400000,23.8166700000
2023-04-30 12:30:00,0.0000000000,36.0000000000,38.8289100000,23.9833300000
2023-04-30 12:45:00,0.0000000000,36.0000000000,48.8742000000,24.1333300000
2023-04-30 13:00:00,0.0000000000,37.0000000000,55.8286400000,24.7000000000
2023-04-30 13:15:00,0.0000000000,36.0000000000,75.6294500000,25.2333300000
2023-04-30 13:30:00,40.0000000000,36.0000000000,100.0665000000,25.6666700000
2023-04-30 13:45:00,124.0000000000,36.0000000000,133.0035000000,25.5166700000
2023-04-30 14:00:00,172.0000000000,37.0000000000,175.6960000000,26.1000000000
2023-04-30 14:15:00,208.0000000000,36.0000000000,219.2578000000,26.7166700000
2023-04-30 14:30:00,304.0000000000,37.0000000000,311.8870000000,29.0833300000
2023-04-30 14:45:00,552.0000000000,37.0000000000,577.7974000000,34.6000000000
2023-04-30 15:00:00,608.0000000000,38.0000000000,757.9365000000,41.9166700000
2023-04-30 15:15:00,548.0000000000,39.0000000000,684.7217000000,44.2000000000
2023-04-30 15:30:00,484.0000000000,39.0000000000,623.1944000000,43.5166700000
2023-04-30 15:45:00,424.0000000000,40.0000000000,548.4342000000,43.5333300000
2023-04-30 16:00:00,340.0000000000,40.0000000000,440.9303000000,41.6166600000
2023-04-30 16:15:00,180.0000000000,40.0000000000,251.9050000000,38.0166700000
2023-04-30 16:30:00,132.0000000000,40.0000000000,165.8439000000,34.3666600000
2023-04-30 16:45:00,100.0000000000,40.0000000000,128.5604000000,32.5333300000
2023-04-30 17:00:00,80.0000000000,40.0000000000,102.6745000000,31.2666700000
2023-04-30 17:15:00,64.0000000000,40.0000000000,79.1066700000,30.1833300000
2023-04-30 17:30:00,40.0000000000,39.0000000000,57.9536000000,29.0666700000
2023-04-30 17:45:00,28.0000000000,40.0000000000,37.3800700000,28.1500000000
2023-04-30 18:00:00,12.0000000000,39.0000000000,19.7042200000,27.3500000000
2023-04-30 18:15:00,4.0000000000,39.0000000000,4.3465190000,26.7000000000
2023-04-30 18:30:00,0.0000000000,39.0000000000,0.0000000000,26.0500000000
2023-04-30 18:45:00,0.0000000000,39.0000000000,0.0000000000,25.9000000000
2023-04-30 19:00:00,0.0000000000,38.0000000000,0.0000000000,25.7166700000
2023-04-30 19:15:00,0.0000000000,39.0000000000,0.0000000000,25.4666700000
2023-04-30 19:30:00,0.0000000000,39.0000000000,0.0000000000,25.3333300000
2023-04-30 19:45:00,0.0000000000,38.0000000000,0.0000000000,25.5333300000
2023-04-30 20:00:00,0.0000000000,38.0000000000,0.0000000000,25.5500000000
2023-04-30 20:15:00,0.0000000000,38.0000000000,0.0000000000,25.3500000000
2023-04-30 20:30:00,0.0000000000,38.0000000000,0.0000000000,24.8000000000
2023-04-30 20:45:00,0.0000000000,38.0000000000,0.0000000000,24.6833300000
2023-04-30 21:00:00,0.0000000000,38.0000000000,0.0000000000,24.7000000000
2023-04-30 21:15:00,0.0000000000,38.0000000000,0.0000000000,24.5666700000
2023-04-30 21:30:00,0.0000000000,38.0000000000,0.0000000000,24.5000000000
2023-04-30 21:45:00,0.0000000000,38.0000000000,0.0000000000,24.5500000000
2023-04-30 22:00:00,0.0000000000,38.0000000000,0.0000000000,24.5333300000
2023-04-30 22:15:00,0.0000000000,38.0000000000,0.0000000000,24.6000000000
2023-04-30 22:30:00,0.0000000000,37.0000000000,0.0000000000,24.6000000000
2023-04-30 22:45:00,0.0000000000,37.0000000000,0.0000000000,24.5333300000
2023-04-30 23:00:00,0.0000000000,37.0000000000,0.0000000000,24.2833300000
2023-04-30 23:15:00,0.0000000000,37.0000000000,0.0000000000,24.3500000000
2023-04-30 23:30:00,0.0000000000,37.0000000000,0.0000000000,24.3833300000
2023-04-30 23:45:00,0.0000000000,37.0000000000,0.0000000000,24.1500000000
